81 144
1 10 103
1 2 870
2 11 324
2 3 358
3 12 480
3 4 351
4 13 547
4 5 682
5 14 909
5 6 407
6 15 276
6 7 936
7 16 839
7 8 582
8 17 423
8 9 214
9 18 139
10 19 10
10 11 148
11 20 272
11 12 888
12 21 245
12 13 685
13 22 244
13 14 25
14 23 606
14 15 850
15 24 467
15 16 447
16 25 516
16 17 999
17 26 380
17 18 454
18 27 10
19 28 796
19 20 917
20 29 290
20 21 506
21 30 167
21 22 395
22 31 679
22 23 151
23 32 888
23 24 107
24 33 291
24 25 197
25 34 530
25 26 283
26 35 984
26 27 405
27 36 644
28 37 421
28 29 139
29 38 136
29 30 261
30 39 15
30 31 51
31 40 378
31 32 722
32 41 802
32 33 304
33 42 148
33 34 140
34 43 8
34 35 766
35 44 920
35 36 259
36 45 716
37 46 96
37 38 625
38 47 868
38 39 236
39 48 895
39 40 821
40 49 445
40 41 470
41 50 261
41 42 95
42 51 698
42 43 831
43 52 755
43 44 149
44 53 664
44 45 958
45 54 231
46 55 620
46 47 365
47 56 613
47 48 949
48 57 14
48 49 211
49 58 379
49 50 342
50 59 986
50 51 111
51 60 164
51 52 753
52 61 43
52 53 629
53 62 221
53 54 192
54 63 561
55 64 850
55 56 966
56 65 103
56 57 292
57 66 107
57 58 102
58 67 29
58 59 573
59 68 234
59 60 586
60 69 869
60 61 308
61 70 218
61 62 979
62 71 704
62 63 658
63 72 315
64 73 5
64 65 369
65 74 847
65 66 306
66 75 346
66 67 831
67 76 855
67 68 943
68 77 63
68 69 28
69 78 193
69 70 605
70 79 857
70 71 66
71 80 963
71 72 51
72 81 135
73 74 173
74 75 300
75 76 796
76 77 256
77 78 786
78 79 936
79 80 636
80 81 884
