100 99
1 2 624
2 3 646
3 4 385
4 5 438
5 6 298
6 7 892
7 8 57
8 9 964
9 10 273
10 11 384
11 12 478
12 13 792
13 14 813
14 15 529
15 16 480
16 17 569
17 18 393
18 19 926
19 20 837
20 21 72
21 22 338
22 23 88
23 24 649
24 25 21
25 26 369
26 27 833
27 28 958
28 29 779
29 30 141
30 31 871
31 32 871
32 33 979
33 34 474
34 35 800
35 36 801
36 37 462
37 38 521
38 39 781
39 40 679
40 41 119
41 42 721
42 43 640
43 44 583
44 45 144
45 46 538
46 47 945
47 48 759
48 49 522
49 50 106
50 51 415
51 52 474
52 53 265
53 54 187
54 55 775
55 56 737
56 57 457
57 58 217
58 59 569
59 60 136
60 61 19
61 62 325
62 63 618
63 64 150
64 65 613
65 66 223
66 67 617
67 68 387
68 69 944
69 70 903
70 71 682
71 72 450
72 73 360
73 74 614
74 75 438
75 76 903
76 77 698
77 78 100
78 79 61
79 80 970
80 81 667
81 82 654
82 83 671
83 84 171
84 85 211
85 86 359
86 87 129
87 88 751
88 89 316
89 90 608
90 91 364
91 92 326
92 93 571
93 94 39
94 95 439
95 96 635
96 97 989
97 98 959
98 99 103
65 100 209
