100000 1000
1 2 100
99999 100000 100
16269 86272 984
24332 75826 209
33805 36557 758
44996 65142 550
35427 55961 309
23697 65892 380
2304 21738 922
9546 54416 847
28961 94447 112
62498 74614 891
22149 51924 590
21533 68080 515
24208 40637 864
79036 84835 180
45677 49798 848
45932 52449 321
23389 87157 197
1291 41916 758
26577 55124 365
11041 15025 374
6410 81613 480
5021 90014 318
2089 9670 284
26679 86489 949
62409 71601 568
86740 98624 429
33840 48188 313
24924 84199 612
12527 64427 927
37803 97059 927
50311 57072 476
23344 90502 393
63401 71186 996
39908 54311 305
36422 39052 303
10279 21953 755
67537 89384 409
69800 80898 552
96383 99007 144
21568 57166 797
18384 31058 607
30677 86760 756
9967 89931 562
58975 59563 586
72349 98799 621
48104 65260 705
809 85903 400
34758 84766 303
2970 61706 415
34071 51205 799
10487 58057 83
52107 54576 857
73193 75691 961
1247 50146 10
2343 74302 52
17574 55058 851
14454 52086 778
36700 45519 640
65154 93255 261
16385 92792 516
23462 29299 147
74749 84495 653
23549 35040 812
13884 96387 637
15173 18670 703
50739 77715 605
39227 88486 193
331 46724 25
54497 99455 57
23500 77542 164
42797 85391 447
72828 95654 249
54574 63302 577
40096 87137 324
37204 99394 88
54268 59245 399
30885 61562 319
8639 54309 151
14967 92603 533
9911 61413 438
7934 71348 947
63219 76743 954
57718 64082 286
9670 16698 611
2095 60928 897
10481 55462 54
5936 98889 358
27862 40894 215
645 64488 655
34582 40595 89
1842 45629 929
71413 75374 900
35529 88740 440
11257 65313 809
26311 95021 200
26968 99381 174
41394 62742 62
74912 89653 55
55405 64248 972
29952 64984 338
34517 38259 889
10003 19751 708
52313 93423 948
70218 90600 424
8030 31493 431
384 64970 273
5295 59041 293
7667 73402 838
39650 63621 361
12530 30998 801
50212 96974 846
42763 48232 733
49474 63668 79
13576 45386 278
75686 93480 234
9845 60187 406
29789 81917 640
58394 86581 578
42360 68801 265
63978 86805 314
5344 18598 950
24712 66614 864
55434 81655 52
51862 79460 207
39217 41864 623
9252 37550 518
30453 63357 743
22468 87405 703
40508 41407 400
34944 87919 28
10708 23797 706
22833 93932 194
35707 69682 894
55267 96845 672
23045 87914 360
27313 97850 249
48159 77024 577
38443 44044 988
41018 79192 168
65611 82304 641
83749 97822 397
40299 50925 399
70090 84956 478
9425 82577 71
24652 73311 780
52345 85640 167
33228 43643 228
3085 86152 180
49681 80095 913
28505 45846 62
31718 89413 771
26300 32386 95
10498 17196 998
54475 76605 655
17935 85482 554
10797 36609 346
46913 84004 786
38098 89523 354
28220 74031 754
2357 46355 387
8526 42673 463
6484 94552 235
11030 68271 200
74562 98870 653
80269 81101 259
52869 69709 365
43003 64847 17
56548 65966 731
11546 84772 24
9467 85363 279
14916 56187 656
54934 76780 880
18378 93469 807
26781 92041 134
1260 5093 579
19043 56900 974
20558 56141 35
20652 83151 764
54052 78609 197
18971 73587 973
23334 72015 965
28381 83568 698
7175 30275 40
46016 59277 698
16777 88754 354
28486 29809 85
38369 74371 52
21171 21947 390
5103 59527 936
8844 42938 565
5960 29875 119
46272 99274 520
7991 91074 293
5189 82183 668
15704 80123 921
35745 75045 942
1271 43846 272
38990 54683 308
5402 17352 310
80798 98775 54
45261 47425 357
15076 24524 646
12 49958 935
4961 84178 6
29490 67789 50
22052 94148 341
65087 78047 459
15744 76985 310
51804 53759 237
12222 91861 833
45860 88899 83
59841 75639 631
56129 93078 126
53332 71909 367
18149 60592 628
78971 98414 918
45533 67363 82
69458 76198 365
2309 18725 77
37527 96132 524
59073 89570 139
7018 33964 311
14255 39195 240
34292 81729 4
17454 96037 184
64009 72982 202
20015 65699 511
37971 86768 715
23237 60772 305
21486 61304 676
14280 19570 164
11793 90830 595
73997 98942 440
10137 69397 824
52088 61103 310
31756 59662 860
19494 91332 627
22752 89461 429
51013 93496 388
29845 38692 519
50378 79668 673
80727 99809 601
37110 75160 357
37148 64890 644
22616 97681 284
25808 74390 525
32962 38593 587
14621 22135 944
23723 52699 412
54558 56370 349
73033 83871 480
12741 49561 493
10771 85440 220
11724 74372 280
19942 93309 895
5738 41260 638
7395 22325 944
63787 89401 299
30698 83667 167
12835 48912 691
41816 74539 424
10709 75771 370
32676 97643 827
16958 91994 693
23356 54754 52
51749 74308 489
33569 34549 198
56862 81304 17
1034 4455 709
15685 96727 662
91114 96373 313
42521 86799 487
2681 97763 462
46345 80652 911
11801 86812 714
50328 96175 187
850 8904 747
34625 67064 945
67588 96848 187
49853 91693 953
5289 17743 113
14480 89890 878
86791 87914 801
18452 96943 280
5783 15283 747
20875 65378 832
14833 49182 184
185 48143 502
19902 44171 476
7627 79197 680
52508 95926 231
25322 43984 429
24751 41515 255
6287 85702 792
4200 75292 616
18063 31751 178
44027 44747 394
22382 92059 278
15350 77295 667
21234 47287 484
71479 88753 482
9051 43356 896
15152 90228 807
61484 78835 549
68042 73378 191
12670 63765 161
46707 91673 142
3959 10548 246
37190 57229 627
22975 95640 624
49478 56818 4
36738 71023 358
52767 53821 394
8032 97995 526
77658 98810 957
47356 76223 33
39344 60884 244
73056 85833 244
64705 87592 754
43305 72167 155
31873 54691 924
41759 72068 315
67050 77444 229
54131 71632 256
17394 60732 50
52877 76724 867
9258 24376 26
130 84317 479
19323 89684 339
32078 47547 443
18067 69451 260
14309 58682 960
4508 62027 628
20828 73530 664
71192 82158 54
8306 65119 543
15564 59873 310
68968 69598 776
7156 46774 314
56840 89983 572
10963 23045 975
66047 67816 9
82163 99474 944
23283 33658 846
3097 87728 650
40710 90865 999
26381 65238 596
59283 80395 47
45607 69032 658
51073 90654 531
61863 65875 852
53453 72195 202
28459 29750 788
39769 80343 499
37831 85916 566
18302 99517 159
58695 81602 301
17597 38281 830
29127 34774 424
77521 77570 646
43888 60301 638
19718 69027 669
13668 20422 778
2741 44903 448
83603 84590 825
74557 83261 178
25574 29903 887
72189 90865 185
40992 47726 750
5995 82469 981
61216 97086 667
42069 80953 334
749 7756 375
25153 46114 993
38244 38355 619
40405 40435 812
74258 90897 307
19168 99044 818
23571 43035 882
10256 74127 843
1103 23970 114
17310 71477 121
28957 64203 872
40947 45308 253
45278 95396 991
11547 92328 295
25621 30786 648
24402 67078 11
16351 41081 96
77361 99373 340
4990 27617 522
1661 34277 331
14569 70139 556
66909 81928 811
46278 73594 298
2974 48728 319
69361 81477 559
56899 81567 138
241 49513 680
76319 84433 294
16454 42751 207
9369 16161 493
73949 78839 961
50534 84113 708
13705 93424 295
17115 78138 941
55289 90658 792
18624 64612 940
41531 81061 655
36872 42034 378
65253 95306 370
24777 69917 567
3480 28705 77
73110 88249 541
26925 65096 627
22837 94821 735
233 59617 521
44316 72816 734
29851 89348 853
7515 39319 216
44237 81166 811
709 79227 238
30378 60730 536
31784 43676 684
47852 54396 849
24632 47819 300
8683 28848 347
1797 83041 927
29754 33908 619
27980 65190 435
60947 83387 80
13252 54054 480
38177 62611 215
25539 43075 14
33719 44257 226
74610 91893 730
12363 91433 688
31728 76974 598
57136 94978 244
30933 45859 538
6929 58859 679
19978 90878 997
14306 86469 983
61304 86334 780
17984 26658 376
6307 7133 608
26528 48668 342
26854 69372 679
22514 95349 285
46817 70196 355
566 35870 58
42405 73909 1
53256 66675 977
9824 49671 615
62276 76600 556
20676 49328 340
3931 27597 652
31739 66224 793
61337 69551 778
46923 86372 268
27051 50980 298
1345 36518 350
25693 36790 298
4977 88599 331
26015 44645 224
22213 59971 181
55314 88501 623
49445 78375 149
23139 89902 77
56062 67764 977
69124 77883 141
1430 25803 645
14295 69621 917
87194 95634 782
50486 96081 547
82988 90666 963
34033 86000 515
44339 55763 360
64366 69392 780
50868 79398 584
31288 96391 690
53338 71339 150
19838 33958 556
19241 48378 355
41959 93653 685
13905 62101 806
46485 60491 901
13622 22739 355
23530 47180 307
79958 80026 609
33326 74922 71
903 64849 660
77812 95277 573
18022 51930 701
22807 38708 840
69151 95479 404
9208 40427 949
31925 78302 855
25881 26719 551
3972 59726 533
6416 25410 516
38637 72250 213
14617 18490 465
4925 45679 206
23582 23848 774
12760 46218 296
89111 91993 212
27964 47697 693
13338 28675 578
53347 61645 786
28029 90551 731
33739 73813 701
19880 75567 688
52097 56476 676
41602 45045 840
31453 94485 252
16022 64121 594
44917 48778 344
47221 54407 216
42356 48446 968
4360 90623 33
7610 98688 563
81567 88493 851
39490 49159 933
3949 92730 755
69858 95344 940
69547 91259 529
21714 63734 725
1090 61113 38
55547 89281 477
37073 75040 27
7896 82784 370
2128 61360 791
32511 61414 997
30093 57621 141
32020 52793 851
29495 45620 574
50951 52906 422
7556 96568 993
1323 82098 609
80335 91179 598
67863 90891 497
33211 52816 557
16616 22748 729
22851 30154 773
28483 86641 40
28017 62340 888
42061 77280 905
2933 85738 543
2737 75082 426
20370 69904 828
2319 32506 452
5230 27584 122
5124 60404 213
22165 79668 272
81749 84185 191
20228 45926 577
31078 97787 910
7397 94349 906
44801 74747 468
79611 89480 442
9485 48522 150
34714 85627 171
79 41188 887
34906 65617 679
18820 63455 883
78538 95548 344
88882 91105 470
19045 53516 403
22991 93143 658
14335 65704 284
67700 71578 516
14866 36147 24
18221 94116 976
18361 52916 710
6732 81096 671
57489 86524 249
76485 93156 678
35655 41294 138
7059 30318 19
20837 45336 677
92035 95053 712
42148 96142 417
28496 71201 897
8377 28318 811
53611 92550 122
36474 72687 728
32928 38867 986
48617 59006 924
48739 55852 971
81066 98093 581
29574 62537 879
12023 51492 236
37872 58019 645
29668 45096 293
41034 71518 120
3155 14370 118
20560 32515 30
3801 74020 925
83721 86235 990
59551 69033 144
25277 38859 702
20051 53302 592
7253 9534 73
42399 54817 318
63466 69245 149
64516 69626 572
30780 52604 13
39320 39852 885
48576 80653 149
88109 92355 783
17071 53536 420
1338 27817 664
17835 93774 55
64534 75930 357
72891 73405 317
15925 63545 894
19198 40434 699
1688 91335 626
6483 99838 790
25090 53170 867
7458 54171 763
83252 84526 23
49067 91383 43
16764 24408 177
10001 47597 921
53907 70539 316
28444 30295 853
96538 99919 150
16554 80508 677
13620 49415 931
83727 96514 30
52131 72673 877
13162 91885 156
17580 34573 247
18317 29961 452
59697 93001 835
3022 91242 123
16198 48314 823
48886 75516 929
33885 38927 865
55483 96349 683
23745 54855 956
15762 77001 199
2177 64687 287
41268 97525 983
24913 57796 671
64745 90439 615
5603 73177 391
19273 99093 381
44305 99429 298
81272 92000 751
46385 86914 593
20753 20770 358
25046 77824 71
11514 83085 644
27940 96194 502
3357 24217 292
68575 96768 995
16430 44102 526
13562 29185 389
86703 87856 869
29388 52159 652
1101 6911 341
15539 62583 91
338 87165 883
77480 89638 341
7344 34961 846
5924 7201 743
11543 86431 82
40474 76969 371
17684 17901 505
73940 96087 25
26387 30394 118
19463 34728 658
50422 89770 24
8836 15231 260
4804 20691 553
52568 98947 162
5825 33521 256
18485 59292 387
68604 84904 838
3112 66045 176
8502 41378 338
15676 31651 68
21698 45049 300
49490 93042 846
18067 43334 792
74075 78545 451
22732 24707 801
4262 17821 954
34744 43643 663
43177 71101 53
9167 92591 171
7421 77820 128
24420 73881 452
51747 75221 980
11604 40007 167
81613 83785 455
40177 86920 223
23386 55624 367
8328 17188 836
9444 75395 542
47571 78244 370
769 79436 275
77468 81084 534
22167 25723 754
30995 72872 331
23268 63589 505
53095 90836 256
44728 63962 540
8842 39376 429
94019 97926 123
71745 76394 952
37313 63408 180
66456 90604 311
17620 97700 361
6573 22081 229
21612 25153 72
10474 52753 208
30720 50934 816
68738 70917 454
53401 79656 222
65837 89089 93
50830 89104 842
35230 47701 351
22299 39301 632
12985 25461 918
33761 82694 23
10460 47623 602
71839 80096 389
14521 54442 728
54826 54893 124
18279 20729 272
12813 70205 303
7991 55694 591
33063 78145 446
46002 71430 40
17369 94979 356
7770 78988 28
28772 72928 989
31824 47267 50
41061 95822 530
20699 69419 959
92516 94714 172
54407 62030 470
89820 99789 139
30049 64280 840
17691 51394 426
29130 41909 841
32455 97839 175
6510 92920 207
16229 22894 504
29116 39000 238
7523 31951 690
38885 71786 832
26630 45733 821
20030 60384 416
55574 91222 58
5993 30770 471
25909 85018 989
75944 85851 828
72014 85439 190
32729 50014 324
1783 88089 831
11779 87646 615
30942 86965 140
19129 49582 665
46573 66176 577
50480 73553 964
66504 88855 594
73809 80513 954
46749 82799 705
17200 46354 151
15737 38455 153
90765 92596 109
72618 94826 620
69619 82326 80
2962 49500 719
15507 71753 258
4186 84329 803
16714 49468 198
29980 98006 160
51336 55676 940
22046 71477 162
20579 58180 598
2285 5507 843
2903 80571 101
16776 24546 312
45860 60650 888
20575 27397 696
20741 68413 836
12461 62770 257
1384 8319 750
54505 78645 592
28235 86759 563
916 41211 296
13525 66997 214
15742 23055 970
63148 73985 797
17180 93624 721
57649 95866 319
7778 26123 816
7479 70108 479
58928 76379 142
1750 78089 471
32717 85834 334
4416 62906 441
45817 68053 293
72947 89579 522
1949 91269 83
22887 77005 694
5744 72701 253
35593 51442 677
46422 91482 138
63081 98326 781
69071 70706 522
22697 68584 684
67065 97490 922
19351 45988 483
9179 29965 823
65521 66910 582
19521 67863 115
35592 53512 7
16473 64492 197
36463 43257 432
58248 58745 789
5113 5798 1000
48422 96894 985
1520 36348 301
12652 98561 818
42433 67060 26
21196 74842 743
42997 74340 846
15312 19553 390
1268 54420 795
122 1279 619
63669 90421 428
10995 27110 954
72424 89332 312
48469 89105 505
16902 92878 5
44249 50999 225
87324 89178 691
68821 94969 504
60179 64443 449
43967 88935 452
11794 42123 495
52688 92401 82
4328 8845 294
62313 95835 660
34725 44562 575
69466 98092 282
44071 57138 671
81513 84063 347
65677 68126 977
14521 50967 904
11382 69532 111
40128 69764 688
89153 96099 764
4082 8939 562
13467 52419 723
79966 96167 285
31857 32789 883
33821 47004 968
15944 75789 561
35473 35863 694
21946 64152 507
17726 69235 658
13726 70806 672
76084 76159 751
52177 91671 298
67578 72760 816
60481 65239 258
72709 81618 959
5062 30773 553
60389 63972 71
13609 41897 344
1537 79033 764
11788 45821 634
59646 97799 602
6306 95039 747
9993 26162 396
22723 29243 59
2405 69204 511
41668 50738 783
26209 84064 343
83219 85331 686
15084 42834 792
43099 54201 432
59779 90702 599
54421 63273 907
20061 50603 262
5113 10431 130
75488 75554 186
18404 19855 113
18555 73603 684
19279 52383 437
49314 49917 745
16553 36089 120
45981 71058 745
65907 99156 173
6273 60894 533
69368 70007 921
26433 54369 142
20668 73234 229
47067 89075 705
51636 62717 20
16999 99065 770
65773 75049 58
28738 35135 983
21847 98850 305
60563 98770 94
63039 83268 555
24598 61355 5
28028 64899 400
39564 73351 694
11302 19992 196
14637 99157 311
21254 72206 272
52683 68279 743
68134 86390 24
35737 84643 509
65683 68981 541
21014 27392 155
13900 23577 868
82855 87919 332
5322 78034 875
55758 98573 356
82550 86557 911
67304 85500 837
44599 81523 21
1372 8172 209
22190 45213 437
11288 96719 930
33498 59855 218
32960 66023 43
35213 48359 196
34427 91597 741
41092 65158 649
31987 42189 428
27536 75205 264
54686 60312 352
30274 89757 525
65840 93161 332
27904 91887 281
14820 34557 555
30609 79686 171
21058 77124 631
47299 77209 626
15945 28392 741
23789 63189 652
12748 44249 279
60423 81665 655
11930 65725 588
68079 81659 76
23752 36201 299
56954 57323 481
16036 31435 697
53500 93755 22
50200 82969 91
67553 76648 280
16747 83087 981
18867 65823 18
20634 98225 695
51791 65530 60
44256 60037 799
68945 98653 401
17134 91794 110
17777 97558 697
55842 70622 81
5656 70694 529
58150 59592 919
43207 81028 339
19385 63554 725
251 82549 416
56075 99044 946
46581 54043 829
7796 65055 752
768 40833 557
64185 98099 954
68626 97088 108
17539 94087 845
6743 68923 631
45109 92430 678
5550 18454 650
84441 86523 636
2507 63735 371
35778 36100 225
46040 92308 586
80196 90751 279
13732 35661 334
20031 88729 858
52387 83678 859
24832 72892 499
296 83235 181
6923 10504 876
38754 72692 995
