50 137
30 38
37 49
31 2
48 29
22 24
1 43
8 25
1 39
15 28
35 19
10 11
31 34
3 37
12 50
49 0
9 11
23 21
0 8
47 31
34 24
8 17
2 2
27 44
3 50
9 27
0 39
20 10
26 24
12 4
2 17
47 13
37 38
43 11
10 9
27 30
44 18
18 48
23 34
36 2
11 44
37 23
29 35
15 44
40 23
19 31
25 49
35 49
35 30
11 34
17 48
24 40 1000000
14 24 1000000
6 24 1000000
10 17 1000000
10 39 1000000
10 36 1000000
10 33 1000000
10 28 1000000
10 44 1000000
3 10 1000000
10 27 1000000
10 41 1000000
10 20 1000000
17 21 1000000
17 28 1000000
17 27 1000000
5 17 1000000
15 39 1000000
33 39 1000000
3 39 1000000
33 36 1000000
36 44 1000000
31 36 1000000
4 36 1000000
15 33 1000000
3 15 1000000
15 31 1000000
4 15 1000000
15 22 1000000
31 33 1000000
26 30 1000000
18 26 1000000
8 26 1000000
6 26 1000000
13 26 1000000
37 50 1000000
14 37 1000000
23 37 1000000
37 46 1000000
37 43 1000000
19 32 1000000
32 48 1000000
12 32 1000000
1 32 1000000
2 32 1000000
32 47 1000000
21 30 1000000
7 21 1000000
9 21 1000000
21 27 1000000
11 21 1000000
16 21 1000000
5 21 1000000
5 28 1000000
20 28 1000000
28 35 1000000
18 30 1000000
7 30 1000000
16 30 1000000
13 30 1000000
18 34 1000000
27 34 1000000
11 34 1000000
16 34 1000000
29 34 1000000
22 34 1000000
16 18 1000000
18 22 1000000
19 44 1000000
44 48 1000000
4 44 1000000
41 44 1000000
14 40 1000000
40 49 1000000
40 43 1000000
6 40 1000000
13 40 1000000
14 50 1000000
43 50 1000000
19 48 1000000
2 19 1000000
4 19 1000000
12 48 1000000
41 48 1000000
20 48 1000000
35 48 1000000
6 8 1000000
8 13 1000000
7 9 1000000
7 25 1000000
7 13 1000000
3 27 1000000
3 29 1000000
3 22 1000000
12 42 1000000
1 42 1000000
38 42 1000000
35 42 1000000
2 14 1000000
14 46 1000000
14 43 1000000
14 47 1000000
4 31 1000000
1 12 1000000
12 35 1000000
1 23 1000000
23 46 1000000
23 43 1000000
23 47 1000000
23 38 1000000
1 47 1000000
1 38 1000000
2 47 1000000
9 49 1000000
5 9 1000000
9 45 1000000
9 25 1000000
11 27 1000000
27 29 1000000
11 16 1000000
20 41 1000000
46 47 1000000
43 49 1000000
45 49 1000000
25 49 1000000
13 49 1000000
22 29 1000000
5 45 1000000
5 35 1000000
43 45 1000000
38 43 1000000
38 45 1000000
35 45 1000000
13 25 1000000
6 13 1000000
20 35 1000000
35 38 1000000
