50 141
5 16
50 0
20 1
33 20
3 1
30 47
16 14
19 0
12 45
7 39
45 9
50 50
4 33
17 4
24 20
26 22
26 26
41 13
46 9
3 47
45 48
22 13
18 30
36 47
34 36
3 24
24 33
48 22
37 22
26 44
12 6
38 5
35 13
17 22
5 29
49 28
32 34
30 41
23 30
34 10
14 32
18 47
17 33
39 9
49 49
30 15
6 18
8 33
15 16
49 30
20 26 745398
26 34 940782
26 47 848151
13 26 52508
5 26 935833
1 26 596211
26 35 983427
11 19 891801
2 19 399802
18 19 780931
19 28 380335
25 29 211534
17 29 147808
29 50 764995
4 29 684935
29 37 189062
18 29 656762
29 36 898760
29 33 862063
28 29 8931
2 11 97258
11 18 90233
11 32 497777
11 44 619183
25 50 581082
25 38 382440
24 25 241557
25 37 96562
21 25 169025
17 27 984934
15 17 859581
16 17 896582
17 39 58534
17 34 271113
4 17 470621
17 37 473190
7 49 115834
15 49 479754
34 49 457059
47 49 508390
22 49 979963
1 49 967260
2 8 423706
2 12 99958
2 36 857125
2 32 39650
2 28 117315
23 27 483706
23 41 271252
23 39 458259
23 34 403793
23 43 235263
27 39 399812
27 43 58870
27 38 671384
27 37 123844
27 30 344718
3 8 856756
8 32 713767
8 14 399667
5 8 639187
8 31 381397
45 50 399161
12 45 21973
21 45 431760
41 48 374753
13 48 614528
10 48 661607
35 48 70042
7 14 625358
7 31 822407
7 22 913992
1 7 653421
40 46 671794
3 40 726343
32 40 324083
33 40 536923
22 40 316220
40 44 110477
9 20 833316
20 42 405036
13 20 775803
12 20 405373
10 20 281153
15 46 321043
16 46 713927
4 46 29950
33 46 561577
22 46 737254
15 16 399660
15 34 109784
15 22 530860
34 41 606308
41 43 85233
10 41 703218
35 41 665678
9 42 634786
9 43 29634
9 10 959143
4 16 889288
42 43 103298
12 42 682119
30 42 867168
6 42 891315
34 39 29190
34 47 1207
34 35 534917
12 50 937219
36 50 404244
21 50 958308
1 47 524184
10 13 796320
13 35 365100
10 43 992074
30 43 190567
24 38 355225
37 38 19122
30 38 518150
6 38 770675
4 33 842777
3 32 720528
3 14 373216
3 22 633415
12 24 222864
12 36 307376
12 21 80532
6 12 537279
21 24 85311
6 24 274575
18 33 221396
18 44 8689
18 28 100014
28 36 24944
32 44 265039
33 44 144286
14 31 66149
14 22 513760
5 31 65604
1 5 222658
1 31 856277
6 30 369490
