50 132
29 43
26 14
36 44
43 5
31 49
32 23
36 14
21 0
27 43
10 34
38 47
37 5
42 28
35 44
27 11
45 49
34 17
22 7
29 49
49 36
15 42
11 2
1 18
24 23
34 34
10 39
29 31
4 26
21 47
16 25
29 44
21 26
20 8
3 40
31 9
9 25
20 19
49 16
47 13
39 48
11 12
49 21
38 0
45 50
4 12
18 22
4 41
39 8
40 15
8 4
10 28 1000000
10 30 1000000
10 32 1000000
10 34 1000000
10 36 1000000
10 26 1000000
10 21 1000000
2 33 1000000
2 6 1000000
2 17 1000000
2 37 1000000
2 15 1000000
2 24 1000000
23 28 1000000
28 34 1000000
28 36 1000000
4 43 1000000
4 39 1000000
4 38 1000000
4 48 1000000
4 12 1000000
22 33 1000000
8 33 1000000
33 37 1000000
33 41 1000000
15 33 1000000
18 33 1000000
22 50 1000000
8 22 1000000
22 41 1000000
5 19 1000000
19 29 1000000
19 31 1000000
19 44 1000000
9 19 1000000
35 43 1000000
8 43 1000000
12 43 1000000
8 35 1000000
17 35 1000000
15 35 1000000
35 48 1000000
7 35 1000000
18 35 1000000
12 35 1000000
27 32 1000000
1 27 1000000
6 27 1000000
25 27 1000000
24 27 1000000
9 27 1000000
21 27 1000000
45 50 1000000
41 50 1000000
5 14 1000000
3 14 1000000
1 14 1000000
14 31 1000000
14 25 1000000
11 14 1000000
13 20 1000000
3 20 1000000
20 44 1000000
16 20 1000000
20 25 1000000
11 20 1000000
20 42 1000000
5 31 1000000
5 40 1000000
5 44 1000000
5 11 1000000
30 32 1000000
30 46 1000000
30 36 1000000
13 49 1000000
39 49 1000000
38 49 1000000
17 49 1000000
48 49 1000000
7 49 1000000
42 49 1000000
6 13 1000000
13 17 1000000
13 25 1000000
13 42 1000000
9 29 1000000
21 29 1000000
29 47 1000000
32 46 1000000
24 32 1000000
21 32 1000000
38 39 1000000
39 48 1000000
3 25 1000000
3 11 1000000
23 45 1000000
23 34 1000000
23 41 1000000
23 36 1000000
8 18 1000000
41 45 1000000
38 42 1000000
1 31 1000000
1 25 1000000
1 9 1000000
6 17 1000000
6 25 1000000
6 24 1000000
37 46 1000000
41 46 1000000
24 46 1000000
36 46 1000000
15 17 1000000
7 17 1000000
9 31 1000000
40 44 1000000
16 40 1000000
11 40 1000000
16 44 1000000
37 41 1000000
24 37 1000000
11 16 1000000
26 34 1000000
34 47 1000000
36 41 1000000
15 18 1000000
7 48 1000000
12 48 1000000
21 26 1000000
26 47 1000000
9 21 1000000
21 47 1000000
