50 137
26 45
13 23
11 47
2 33
23 47
0 27
32 24
39 43
40 4
37 0
21 28
6 30
16 20
35 43
4 34
9 25
13 13
4 15
6 16
2 24
19 3
39 15
2 48
29 0
13 45
13 9
35 10
23 26
34 41
40 25
3 23
12 22
7 45
19 42
34 22
14 22
2 36
43 19
21 38
18 6
29 21
28 42
10 39
1 39
20 39
39 34
4 12
15 24
37 4
48 8
13 32 510017
13 17 159867
13 48 536178
13 28 143829
13 36 681393
13 40 649463
13 41 277596
18 19 539224
6 18 128860
18 47 325685
18 20 392676
18 31 147014
39 45 956406
34 45 159870
43 45 187131
1 45 129412
11 45 903984
3 23 578922
3 33 543806
3 25 92260
3 5 456911
19 47 910545
19 32 882042
17 19 82971
16 19 458604
19 31 800379
23 33 724168
5 23 877131
23 44 399025
10 49 93459
9 10 904045
10 24 426306
10 50 690025
6 47 473221
6 12 699622
6 20 580197
4 6 327720
6 44 716244
22 38 756779
22 35 27069
9 22 636061
22 27 731398
22 50 240020
25 33 766964
33 43 160538
33 44 9766
17 47 796392
26 47 308286
21 47 959167
12 15 232865
4 15 458139
15 43 503427
15 37 590984
29 42 953722
14 29 857723
8 29 557811
29 46 457223
7 29 97468
17 32 951875
2 32 621679
32 36 575751
16 32 863023
39 42 820767
28 39 157632
1 39 908844
11 39 992430
28 42 815524
14 42 85001
1 42 159414
7 42 94458
35 38 628899
8 38 633608
38 46 398434
30 38 949298
38 50 62713
9 49 936747
27 49 424032
24 49 447378
17 26 258684
17 40 727697
12 20 849039
12 48 742238
12 16 33304
4 12 306986
12 43 958983
12 31 119771
20 31 355369
2 48 443879
28 48 356707
36 48 391774
16 48 16328
43 48 531849
11 48 185232
2 36 845358
2 16 401259
28 41 536275
7 28 929292
11 28 680270
27 35 99615
30 35 609178
35 41 945302
7 35 98478
8 14 869489
5 14 92027
1 14 454162
25 34 55965
34 43 326701
5 34 86532
1 34 232744
16 31 237173
9 27 614465
9 50 839513
4 37 33074
4 44 522371
24 27 15606
27 40 513075
27 41 428796
8 46 649832
5 8 68074
8 50 544591
30 46 251941
7 46 32465
21 26 221161
26 40 580152
21 24 253191
21 40 771089
24 40 131055
25 43 376226
5 25 12036
40 41 491025
37 43 115484
43 44 981640
11 43 618480
1 5 244651
37 44 974257
7 30 374323
7 41 990345
