50 135
7 22
28 49
42 17
45 3
32 27
35 19
14 7
13 6
20 29
23 36
11 18
12 40
21 35
44 26
47 17
50 36
41 13
45 10
27 49
12 11
48 45
3 31
15 45
35 7
49 6
12 37
15 6
19 16
30 5
6 19
44 32
5 24
49 0
8 25
14 34
50 12
25 28
37 5
38 34
13 13
46 45
19 19
38 1
30 13
2 46
19 48
50 19
22 15
49 35
48 10
6 17 1000000
17 38 1000000
3 17 1000000
15 17 1000000
17 24 1000000
17 44 1000000
17 18 1000000
47 49 1000000
36 47 1000000
14 47 1000000
15 47 1000000
16 47 1000000
41 49 1000000
31 49 1000000
14 49 1000000
16 49 1000000
21 41 1000000
31 41 1000000
39 41 1000000
16 41 1000000
2 41 1000000
8 27 1000000
27 28 1000000
27 48 1000000
27 43 1000000
27 29 1000000
7 27 1000000
36 50 1000000
15 36 1000000
25 36 1000000
33 36 1000000
11 20 1000000
8 20 1000000
20 30 1000000
7 20 1000000
20 40 1000000
32 34 1000000
22 32 1000000
1 32 1000000
30 32 1000000
16 21 1000000
2 21 1000000
11 42 1000000
11 28 1000000
11 34 1000000
1 11 1000000
11 30 1000000
11 40 1000000
6 48 1000000
3 6 1000000
6 37 1000000
5 6 1000000
6 14 1000000
6 44 1000000
12 45 1000000
23 45 1000000
22 45 1000000
45 46 1000000
19 45 1000000
38 43 1000000
24 38 1000000
29 38 1000000
4 38 1000000
18 38 1000000
31 39 1000000
14 31 1000000
8 43 1000000
8 30 1000000
7 8 1000000
28 42 1000000
34 42 1000000
42 48 1000000
37 42 1000000
9 42 1000000
28 48 1000000
7 28 1000000
28 40 1000000
5 39 1000000
14 39 1000000
10 39 1000000
2 39 1000000
12 23 1000000
12 26 1000000
12 22 1000000
12 13 1000000
22 34 1000000
34 35 1000000
1 34 1000000
9 34 1000000
37 48 1000000
29 48 1000000
44 48 1000000
10 23 1000000
13 23 1000000
23 46 1000000
3 14 1000000
3 15 1000000
22 26 1000000
26 35 1000000
13 26 1000000
5 37 1000000
10 37 1000000
13 37 1000000
9 37 1000000
15 50 1000000
25 50 1000000
18 50 1000000
5 14 1000000
5 10 1000000
14 15 1000000
15 18 1000000
29 43 1000000
4 43 1000000
33 43 1000000
24 29 1000000
24 44 1000000
4 25 1000000
25 33 1000000
18 25 1000000
10 13 1000000
10 46 1000000
10 19 1000000
2 10 1000000
22 35 1000000
22 30 1000000
13 35 1000000
9 35 1000000
1 30 1000000
9 13 1000000
29 44 1000000
19 46 1000000
4 33 1000000
4 18 1000000
2 19 1000000
7 40 1000000
