50 139
35 5
39 34
26 5
12 21
48 38
4 33
48 46
8 17
34 33
39 7
33 29
10 18
31 11
13 9
50 48
29 1
23 26
23 11
3 49
8 50
31 19
7 27
39 37
32 29
18 31
42 48
23 24
6 36
31 7
21 24
16 30
5 34
44 44
18 16
34 8
10 48
10 32
7 39
34 22
33 16
49 24
6 38
12 31
5 33
22 32
28 6
22 46
40 40
0 16
1 18
6 50 368725
6 22 662527
6 49 820994
6 19 13571
6 42 97101
6 44 622846
6 32 837945
22 50 673660
49 50 96098
8 50 971945
26 33 976460
26 48 878194
7 26 468651
26 47 509624
15 26 976762
20 26 55714
10 41 604846
1 10 451159
10 35 739264
10 16 19987
10 40 39187
33 48 441711
5 33 282807
7 33 979587
2 41 120196
5 41 359444
39 41 296140
15 41 480894
40 41 118727
5 48 688661
23 48 317983
47 48 880476
9 48 414263
17 24 918236
17 30 64147
17 25 216822
17 45 692472
17 27 565189
2 5 566602
2 23 865103
2 39 265389
2 9 508969
2 11 523248
28 42 916723
28 37 93940
28 32 921158
28 38 575947
24 39 83112
9 24 929297
24 45 277718
11 24 318569
24 27 9356
12 22 667411
22 44 842342
22 37 131797
4 22 647174
22 43 716327
8 22 841386
5 23 289406
5 7 264730
5 15 183191
3 14 397821
3 18 586513
3 46 552822
3 16 20107
25 30 164940
30 31 828940
30 34 369808
4 30 4695
27 30 146441
14 18 677817
14 49 569618
12 14 270008
14 34 703737
14 16 735194
8 14 288476
9 23 962189
18 46 433288
13 18 248753
18 21 756107
18 34 576157
29 46 396098
13 46 592042
16 46 896039
19 49 572252
8 49 638921
13 29 223081
1 29 891555
29 35 952749
16 29 680056
13 21 447125
13 35 449198
13 40 846409
21 39 978571
21 34 699479
21 27 116202
21 40 297437
7 15 767024
11 39 813798
27 39 411820
39 40 396506
25 47 675439
25 31 881104
25 45 249796
25 43 581273
25 38 313218
9 47 881736
45 47 965417
20 47 692532
38 47 588465
36 47 725255
1 35 659669
1 16 501324
19 42 533206
19 20 956084
19 38 230533
19 36 643990
9 45 394869
9 11 423855
35 40 618809
12 34 606393
4 12 474867
8 12 19193
32 42 470132
38 42 301575
4 31 716075
31 43 660174
4 34 287991
27 34 290077
15 20 383462
37 44 618016
32 44 749170
37 43 428769
32 37 878453
37 38 135474
20 36 102863
4 43 298282
38 43 92373
36 38 569965
