81
1 100 31
1 99 31
1 98 31
1 96 31
1 95 31
1 93 31
1 92 31
1 91 31
1 90 31
1 89 31
1 88 31
1 87 31
1 86 31
1 85 31
1 83 31
1 82 31
1 81 31
1 79 31
1 77 31
1 75 31
1 74 31
1 73 31
1 70 31
1 68 31
1 67 31
1 66 31
1 65 31
1 64 31
1 63 31
1 62 31
1 60 31
1 59 31
1 58 31
1 57 31
1 56 31
1 54 31
1 53 31
1 51 31
1 50 31
1 49 31
1 48 31
1 47 31
1 46 31
1 44 31
1 43 31
1 42 31
1 41 31
1 40 31
1 39 31
1 38 31
1 37 31
1 36 31
1 35 31
1 34 31
1 32 31
1 29 31
1 28 31
1 27 31
1 26 31
1 25 31
1 24 31
1 23 31
1 22 31
1 21 31
1 20 31
1 19 31
1 18 31
1 17 31
1 16 31
1 15 31
1 14 31
1 13 31
1 12 31
1 11 31
1 10 31
1 9 31
1 8 31
1 7 31
1 6 31
1 4 31
1 2 31
