1
100
52 95 5 1 23 98 80 86 36 30 48 29 96 33 100 99 42 83 15 45 61 93 69 87 16 94 59 12 14 92 3 79 71 75 35 82 97 87 57 33 34 26 25 31 51 55 74 17 58 8 56 2 19 91 6 89 76 67 41 90 24 77 66 37 17 46 21 44 20 60 62 22 13 7 54 4 81 22 43 40 38 50 39 27 11 72 68 88 73 83 65 52 78 47 64 49 28 18 63 39
78 58 68 64 86 61 7 49 78 93 11 92 59 33 63 62 5 95 78 8 24 56 32 50 79 57 22 75 77 99 66 42 34 38 98 45 60 73 20 96 97 89 88 94 14 18 13 48 21 71 19 65 82 54 69 52 39 20 4 53 87 40 29 100 80 9 84 43 83 23 25 85 76 70 17 67 44 72 22 3 1 37 2 90 74 35 31 51 36 46 28 47 41 10 27 12 91 81 26 16
38 81 91 87 9 84 30 72 22 95 34 15 82 56 57 70 28 18 24 31 47 79 55 73 2 80 45 98 100 30 89 65 57 61 21 68 83 96 43 19 20 12 11 17 37 41 60 71 44 31 42 88 89 77 92 67 62 53 27 76 10 63 52 23 3 32 7 66 6 46 48 8 99 8 40 90 67 95 29 26 24 36 25 13 97 58 54 74 59 69 51 70 64 33 50 35 25 4 45 39
82 25 35 31 53 28 74 16 66 60 78 59 26 100 30 29 72 62 7 75 12 23 99 17 46 24 89 42 44 22 33 45 1 5 65 12 27 40 87 63 64 56 70 61 81 85 4 15 88 38 86 10 49 21 36 19 52 97 71 20 54 7 96 67 47 76 51 10 50 90 92 52 43 37 84 34 11 39 73 70 68 80 69 57 41 2 42 18 3 79 95 14 34 77 94 59 58 48 2 83
22 65 75 71 93 68 14 56 3 100 18 99 66 40 70 69 12 2 45 15 31 63 39 57 86 64 29 82 84 62 73 49 41 45 5 52 67 80 27 3 4 96 95 1 21 25 44 55 28 78 26 72 89 61 76 59 57 37 11 60 94 47 36 7 87 16 91 50 90 30 32 92 83 77 24 74 51 79 13 10 8 20 9 97 33 42 38 58 43 53 35 54 48 49 34 19 98 55 33 23
12 55 65 61 83 58 4 46 96 90 15 89 56 97 60 59 2 92 75 28 21 53 29 47 76 54 78 72 74 52 63 96 31 35 95 42 57 70 17 93 94 86 85 91 11 15 34 16 18 68 4 62 79 51 66 49 36 27 1 50 84 44 26 97 77 6 81 40 80 20 22 82 73 9 14 64 41 69 3 100 98 10 99 87 71 32 28 48 33 43 25 44 38 43 24 9 88 78 23 13
91 34 44 80 53 37 83 25 75 69 87 68 35 9 39 38 81 71 54 24 100 32 80 26 53 33 98 51 53 31 42 18 10 14 74 21 90 49 96 72 74 65 42 70 90 94 3 22 97 47 95 41 58 30 45 53 15 6 60 29 63 84 5 76 56 85 20 19 59 99 1 61 52 46 93 43 48 52 82 79 77 89 78 66 50 11 7 27 12 22 4 23 17 77 13 88 67 57 25 92
3 46 56 52 74 49 95 37 87 81 99 67 47 21 51 50 9 83 66 96 12 44 20 38 67 45 33 63 65 8 54 30 53 26 89 33 48 61 8 84 52 77 76 82 2 6 25 36 9 8 7 53 70 42 57 40 27 18 92 41 75 28 17 88 68 97 72 31 79 11 13 73 64 58 91 55 32 60 94 91 89 1 55 84 62 23 19 39 24 34 16 35 29 98 15 100 79 66 14 4
60 3 13 9 31 6 52 94 44 38 56 37 4 78 8 7 50 40 23 53 45 50 69 95 24 2 67 92 22 34 11 87 79 19 43 90 5 18 65 41 42 34 33 39 59 63 82 93 66 16 20 10 27 99 14 97 17 75 49 98 32 85 74 45 25 54 29 64 28 68 70 30 21 15 62 12 89 84 51 48 46 58 47 35 19 80 76 96 81 91 73 29 86 55 72 57 36 26 71 61
61 4 14 10 32 7 53 95 45 39 57 38 5 41 9 8 51 41 24 54 70 16 81 17 25 74 68 21 23 1 12 88 80 84 44 51 6 19 66 63 43 35 34 40 60 64 18 94 67 17 65 11 28 100 15 98 85 76 50 99 33 86 75 46 26 55 5 89 29 69 71 31 22 16 63 13 90 18 52 49 47 59 48 36 20 81 77 97 82 92 77 93 87 56 3 58 37 27 72 62
20 57 53 63 85 60 6 48 98 92 83 8 58 32 47 61 4 94 98 7 23 55 31 49 78 56 21 74 76 54 65 41 33 37 97 44 59 72 19 95 96 91 87 93 13 17 15 47 20 70 18 64 81 53 68 51 38 29 3 52 86 39 28 99 79 8 83 42 82 22 24 84 75 69 16 66 43 71 5 2 100 12 1 89 73 8 15 50 35 45 27 46 94 9 36 11 90 80 25 15
62 5 15 11 33 8 54 96 20 40 58 39 6 80 10 9 52 42 25 55 71 3 79 97 26 4 69 22 37 72 13 89 81 85 45 92 86 20 67 43 72 36 35 41 3 65 84 95 68 18 66 12 29 52 16 99 86 77 51 10 34 87 76 47 27 56 31 90 30 70 72 32 23 14 64 14 91 19 53 50 48 60 49 37 21 82 78 98 83 93 75 94 88 57 74 59 38 28 73 63
78 44 31 27 49 24 70 12 62 56 3 55 81 42 26 25 68 58 41 71 87 19 95 13 42 20 85 38 40 18 29 5 97 1 61 8 23 36 83 59 60 52 51 57 77 81 100 11 84 34 82 28 45 17 32 15 2 93 67 16 50 3 92 63 43 72 47 6 58 86 88 48 39 33 80 33 7 35 69 66 64 76 65 53 37 98 94 14 99 9 91 10 4 73 4 75 54 44 89 79
86 29 39 3 57 32 78 20 70 64 82 63 30 4 34 33 76 66 49 28 95 27 3 21 50 28 93 46 48 26 37 13 5 9 69 16 31 44 66 40 68 60 59 65 85 89 8 19 92 42 90 36 6 25 40 23 10 1 75 24 58 11 100 71 51 73 60 14 54 94 96 56 47 41 88 38 15 43 77 74 72 63 73 81 45 6 2 22 7 17 99 18 12 81 98 11 62 52 97 87
32 75 85 81 3 78 24 66 16 37 28 9 68 50 80 79 22 12 95 25 41 73 49 67 96 74 39 56 94 72 56 59 51 17 15 62 77 90 37 13 14 6 5 11 31 35 78 65 38 88 36 82 99 71 86 69 20 47 21 70 4 57 46 73 67 26 1 60 100 40 42 63 93 87 34 84 61 89 23 64 18 30 19 7 91 52 48 68 53 63 45 92 58 27 29 29 8 98 43 33
49 79 64 98 20 95 41 83 33 27 45 26 93 67 97 96 39 29 12 42 58 90 66 84 13 91 56 9 11 89 100 58 68 72 32 79 94 7 54 30 31 23 22 28 48 52 71 8 55 5 53 99 16 88 56 86 73 64 38 50 21 74 63 34 14 43 18 77 17 57 59 19 10 57 51 1 78 6 40 37 35 47 36 24 8 69 65 94 70 80 62 81 75 44 61 46 1 15 60 50
5 48 58 54 76 51 44 39 89 83 1 82 49 23 53 52 95 85 68 98 14 44 22 40 69 47 12 98 67 45 16 32 24 57 88 35 50 63 10 86 87 79 78 60 83 8 27 38 11 61 9 40 72 44 78 42 29 20 94 43 77 30 19 90 70 99 74 33 73 13 15 75 66 60 7 57 34 62 96 93 91 3 92 80 64 25 21 41 26 36 18 37 31 100 17 2 66 71 16 17
58 1 11 7 29 4 50 92 42 36 54 35 2 76 6 5 48 38 21 51 67 99 75 81 22 100 65 18 20 98 41 85 77 81 41 88 3 16 63 10 40 32 31 37 57 61 80 91 64 14 62 8 38 97 12 95 82 73 47 70 30 83 72 43 72 52 27 86 26 66 68 28 19 13 14 10 87 15 49 46 44 56 45 33 17 78 84 94 79 89 71 90 84 53 70 55 34 24 69 59
16 59 69 65 87 62 44 50 100 94 12 93 60 34 64 63 78 96 79 9 25 57 33 51 80 58 23 76 78 31 67 43 35 39 99 58 61 74 21 97 98 90 89 95 15 19 38 49 22 72 8 66 83 55 70 53 40 31 5 54 88 41 30 1 81 10 42 4 84 24 26 86 76 71 18 68 45 73 7 20 2 14 3 91 75 36 32 52 37 47 29 48 42 11 28 13 92 58 27 17
23 66 73 72 94 69 15 57 86 1 19 100 67 41 71 88 13 3 77 16 32 64 44 58 87 13 30 83 85 60 74 50 42 46 6 53 68 81 28 4 5 97 96 2 22 67 45 56 16 79 27 59 63 62 77 60 47 38 12 61 95 48 37 8 88 17 92 51 37 31 33 93 84 78 25 40 52 80 14 11 9 21 52 98 82 22 39 59 40 54 36 55 49 18 11 20 99 89 4 48
55 98 8 4 71 1 47 89 1 33 51 63 99 73 3 9 45 35 18 48 64 64 72 90 19 97 62 15 17 95 6 82 74 78 38 37 100 13 60 36 37 29 3 34 54 58 77 88 61 11 59 5 22 94 9 92 79 70 44 93 27 80 69 40 20 49 24 83 23 63 65 25 16 10 57 7 84 12 24 43 41 53 42 30 14 75 71 91 76 86 68 87 81 50 67 52 23 21 66 56
57 100 10 6 28 31 49 91 41 35 53 34 1 75 5 4 47 37 20 50 66 98 74 92 21 99 64 17 19 97 8 84 76 80 40 87 2 15 17 38 39 44 30 10 56 60 79 90 63 13 61 7 24 96 11 94 81 80 46 95 29 82 71 42 22 51 26 85 25 65 67 27 18 11 59 9 86 14 48 45 43 55 44 32 16 77 73 93 78 88 70 19 83 52 69 54 33 23 68 58
67 10 20 16 100 13 59 1 51 45 63 96 11 85 15 14 57 47 30 60 76 78 10 2 31 9 74 27 29 7 18 94 86 90 50 97 12 25 72 48 10 41 22 61 66 41 89 100 73 23 71 17 34 6 21 4 91 82 56 5 39 92 81 52 32 61 36 95 86 75 77 37 28 67 69 19 96 24 58 71 53 65 54 42 26 87 83 51 88 79 80 99 69 62 79 64 43 33 78 94
64 7 17 13 35 10 56 98 48 42 60 70 65 82 12 11 54 44 27 57 73 5 81 99 28 6 71 24 26 4 15 91 83 87 47 94 9 22 80 42 46 94 8 43 63 67 86 97 70 20 94 14 31 3 18 1 80 79 53 2 36 89 78 49 29 58 33 92 32 72 74 72 34 19 66 16 93 21 55 3 50 62 51 39 23 84 88 100 85 95 77 31 90 59 76 61 40 30 75 65
87 30 40 36 49 33 3 21 71 65 83 64 31 5 35 34 77 67 50 80 96 28 82 14 51 29 94 47 49 27 32 14 6 10 70 17 32 45 56 68 69 55 60 66 86 90 9 20 93 43 42 37 54 26 41 24 11 2 76 25 59 12 1 72 66 81 56 15 55 95 97 57 48 42 89 39 16 44 78 75 73 85 74 62 46 7 83 23 8 18 100 5 13 82 99 84 49 53 98 16
17 60 70 66 88 63 9 51 1 100 13 94 61 35 65 64 7 74 80 10 26 58 34 52 81 59 24 77 79 57 68 44 36 40 96 47 25 75 22 98 99 91 90 96 16 20 39 50 23 73 21 67 84 43 71 54 41 32 6 55 89 42 31 2 82 11 86 45 85 25 27 87 78 72 19 69 46 74 8 5 3 15 4 92 76 37 33 53 38 44 30 49 43 12 29 14 93 83 28 18
99 42 52 48 70 45 91 33 83 77 36 76 88 17 47 46 89 79 62 92 8 40 16 34 63 41 6 59 61 39 50 26 18 22 82 29 35 57 4 80 81 73 72 78 98 2 21 32 5 55 3 10 66 38 53 36 71 16 88 37 71 24 13 84 64 93 32 27 67 7 9 69 60 54 1 29 79 56 90 87 85 97 86 94 68 19 15 35 59 30 89 31 6 39 11 96 75 65 10 100
45 73 83 79 1 76 22 88 14 8 26 7 74 48 78 77 20 10 1 23 39 71 47 65 94 72 37 90 92 70 81 12 49 53 13 60 75 88 35 11 12 58 3 35 87 33 33 63 36 86 34 80 97 69 84 67 54 45 19 68 2 55 44 15 95 24 75 58 98 38 40 100 91 85 32 82 59 87 21 18 16 28 17 5 89 50 46 66 51 61 43 62 56 25 42 27 6 96 41 31
29 72 82 78 100 75 21 63 13 7 25 6 58 47 77 76 19 9 92 22 38 70 46 64 66 71 90 89 91 69 80 56 48 52 12 59 99 87 34 10 11 3 2 8 28 32 51 62 35 85 33 79 96 68 83 66 53 44 18 67 1 54 43 14 94 23 98 5 97 37 39 99 90 84 31 81 58 76 20 17 15 27 16 4 88 49 45 65 50 60 17 61 55 24 41 26 5 95 6 30
71 14 24 100 42 17 63 5 55 49 67 48 15 89 19 18 61 51 34 80 60 12 88 6 35 13 78 31 64 11 22 98 90 94 54 1 16 29 76 52 53 45 44 50 70 74 23 4 77 27 75 21 38 10 25 44 95 86 20 9 43 96 85 56 36 65 40 99 39 79 81 41 25 26 73 93 80 28 62 59 57 48 58 46 30 91 87 85 92 2 84 3 72 66 83 68 47 37 82 72
81 24 34 18 52 27 73 15 65 59 77 58 25 99 29 28 71 61 44 74 90 22 98 16 45 3 88 41 43 33 32 8 100 4 64 31 26 39 86 62 63 55 54 60 80 78 33 14 87 37 85 31 48 20 35 18 5 96 70 19 53 6 95 66 46 75 50 9 49 38 91 5 42 36 83 23 10 38 72 66 99 79 68 56 40 1 97 17 2 12 94 13 7 76 93 78 35 47 92 82
90 33 43 39 36 36 82 24 74 68 86 67 34 8 38 37 80 70 53 83 99 31 7 25 54 79 97 50 52 30 41 17 9 13 73 20 35 48 95 71 72 64 60 69 89 93 12 23 99 46 94 58 57 29 44 27 14 5 79 28 62 15 73 75 55 84 59 18 58 98 100 60 51 45 92 42 19 47 81 78 76 88 27 65 49 26 6 26 11 21 3 22 16 39 2 87 66 56 1 91
8 51 61 57 79 54 100 42 92 86 4 53 52 26 56 55 98 88 71 1 17 14 25 43 72 50 15 68 60 48 59 35 27 31 91 38 53 66 13 89 90 82 81 87 7 11 30 41 14 64 12 58 75 47 62 45 32 23 97 46 80 33 22 93 73 2 77 36 76 16 18 78 69 63 10 60 96 65 99 96 94 6 95 83 67 28 24 5 29 39 21 40 34 3 20 5 83 74 19 9
96 90 100 96 18 93 93 81 31 30 43 24 91 65 91 94 37 27 10 40 56 88 64 82 11 89 54 7 9 12 98 74 66 70 30 77 92 5 52 28 29 21 20 26 46 50 69 80 53 3 51 97 14 86 1 84 71 62 36 85 19 72 61 32 12 41 16 75 15 55 57 17 8 2 49 99 76 4 38 35 33 57 3 22 6 67 63 83 68 78 4 79 73 42 72 44 23 89 93 48
74 17 27 77 45 99 66 8 64 52 57 51 18 17 22 21 64 46 37 67 83 15 91 9 38 16 81 1 63 14 25 1 93 97 57 4 19 32 79 45 27 48 47 96 73 61 75 7 80 30 78 24 41 13 28 11 98 89 63 12 46 99 88 59 39 68 43 2 42 82 32 44 35 92 76 26 3 31 65 62 60 72 61 49 33 94 90 10 95 5 87 6 100 69 86 71 50 40 85 75
72 99 69 5 61 2 48 90 40 34 52 33 12 74 4 3 46 36 19 49 65 97 73 91 20 98 63 16 18 96 7 83 18 79 39 61 1 14 61 37 38 30 29 35 55 59 78 89 62 100 60 6 23 95 51 93 56 71 45 94 28 81 70 41 21 50 25 84 6 64 65 26 17 11 58 8 85 13 5 44 42 11 43 31 15 76 80 84 77 87 69 88 82 41 13 53 32 22 67 57
20 63 73 69 91 66 5 54 4 98 16 97 64 38 68 67 24 100 83 13 29 61 37 55 26 62 27 80 82 12 71 47 39 43 3 50 65 78 25 1 2 94 93 99 19 20 42 53 26 76 24 70 87 59 74 57 26 35 9 58 60 45 34 5 85 14 89 48 88 28 30 90 81 75 22 72 49 77 11 92 6 45 7 95 79 40 36 56 41 51 33 3 46 15 32 17 96 86 31 21
34 77 9 83 5 80 26 68 18 12 30 11 78 52 82 81 24 14 97 27 43 75 51 69 98 76 41 94 96 74 85 61 53 57 17 64 79 92 39 15 16 8 7 13 33 37 56 75 40 90 38 84 1 73 88 71 58 49 23 72 6 59 48 19 99 28 3 62 2 42 44 4 95 89 36 86 63 91 25 22 20 32 21 9 93 54 50 70 55 65 47 81 60 29 46 31 10 100 45 35
77 20 30 26 48 23 69 11 61 55 73 54 21 95 25 24 58 57 83 70 86 18 94 12 41 19 84 37 39 17 93 4 96 100 60 7 22 4 82 58 59 35 50 56 76 80 99 10 83 33 81 27 44 97 68 86 1 92 66 15 49 2 91 62 42 71 46 5 45 85 87 47 98 32 79 40 6 34 68 65 63 13 64 52 36 92 92 75 98 8 90 9 3 72 55 74 53 43 88 78
12 67 77 73 95 70 16 58 8 2 20 1 68 69 72 71 14 4 87 17 33 64 41 59 88 66 31 84 86 64 75 51 43 47 7 54 69 82 29 5 6 98 97 3 23 43 46 60 90 80 64 74 91 63 78 61 48 39 13 62 96 49 38 9 89 18 93 52 92 32 34 81 85 79 29 76 53 81 15 12 10 22 11 99 83 44 40 60 48 55 37 56 50 19 36 21 100 90 35 25
97 40 50 46 68 43 89 31 81 75 93 74 41 15 45 44 87 77 30 90 6 38 14 32 61 39 4 57 59 37 48 24 16 83 80 75 42 55 2 78 79 71 70 76 96 100 19 30 3 53 1 47 64 36 51 34 21 12 86 35 69 22 26 82 62 91 66 25 65 5 7 67 58 52 99 49 26 54 88 85 83 95 84 37 56 17 13 33 18 28 10 29 23 92 9 94 78 63 25 12
9 52 62 58 80 55 1 43 93 87 5 86 53 27 57 56 99 89 72 2 18 50 26 44 73 51 81 69 71 49 60 36 28 32 92 39 54 67 54 90 91 83 82 83 8 12 31 42 15 65 58 59 76 48 63 46 33 24 98 47 81 27 23 94 74 3 78 22 45 17 19 79 70 64 11 61 38 66 100 97 95 7 96 84 68 29 25 45 30 40 22 41 35 4 21 6 85 75 20 10
46 89 99 95 17 92 38 80 30 24 42 23 90 64 94 93 36 26 9 39 55 87 63 81 10 88 53 6 8 86 62 73 65 69 29 76 91 4 51 27 4 20 68 25 45 49 68 79 52 2 50 96 13 58 100 83 70 61 35 84 18 71 60 65 11 40 15 74 14 54 56 16 7 1 48 80 75 3 27 34 32 44 33 21 5 66 62 82 67 77 59 78 72 41 58 22 22 12 57 47
50 93 85 99 21 96 42 84 34 28 46 27 94 68 98 97 40 30 13 87 59 91 67 85 14 92 57 67 12 90 1 83 69 73 33 80 95 97 55 31 32 24 23 29 49 100 98 83 56 6 54 100 17 89 4 87 74 36 39 88 4 75 64 35 15 44 19 78 18 58 60 20 11 5 52 34 79 7 41 38 36 48 37 25 9 70 28 86 59 81 63 82 76 45 62 47 26 16 61 51
26 69 79 75 97 72 53 60 10 4 13 39 70 44 74 73 64 6 59 19 35 67 83 61 90 68 33 86 88 66 77 53 45 49 9 56 71 84 31 7 8 100 99 5 25 29 48 59 32 82 30 76 93 65 80 63 83 41 15 64 98 51 40 11 91 20 95 54 94 34 36 96 87 81 28 78 55 50 17 14 20 24 13 1 85 46 42 62 47 57 39 58 52 21 38 23 2 92 37 27
92 35 45 41 63 38 84 26 76 70 68 69 36 10 40 39 82 72 55 85 1 33 9 27 56 34 99 52 54 32 43 19 11 15 75 22 7 50 97 73 74 66 65 71 91 95 14 25 98 12 96 42 59 31 46 29 16 7 81 30 64 17 6 77 57 86 61 20 60 56 2 62 53 47 94 44 21 68 83 80 78 90 2 67 51 88 8 28 45 23 5 4 58 87 4 89 48 58 3 90
59 2 12 8 30 5 51 93 43 37 55 36 3 77 7 43 49 39 22 52 68 100 76 94 99 1 66 19 86 99 10 86 78 82 42 89 4 17 64 40 41 33 32 38 58 62 81 92 34 15 63 9 26 98 52 96 84 74 48 97 31 16 73 44 24 9 28 87 81 67 69 29 20 89 61 11 88 83 50 47 45 57 46 34 18 79 75 95 80 90 72 55 85 54 71 56 35 25 70 60
49 82 92 88 10 85 31 73 23 17 35 16 83 57 87 86 29 19 2 32 48 80 56 74 70 81 46 99 1 79 90 66 58 62 22 69 84 97 44 20 21 13 23 18 38 42 61 72 45 95 43 89 6 78 93 76 63 54 88 77 11 64 53 24 4 81 8 67 7 47 49 9 100 94 41 91 68 96 30 27 25 75 26 14 98 59 55 37 60 70 52 71 65 34 51 36 15 5 50 40
89 32 42 38 57 35 81 23 73 67 85 79 33 7 37 36 79 69 52 82 98 30 6 24 53 31 96 49 51 29 40 16 8 34 72 19 34 47 94 70 97 63 83 68 88 84 11 22 95 45 93 39 56 28 43 26 13 4 78 27 61 14 3 74 54 83 58 17 57 97 99 59 39 44 47 41 18 46 80 77 77 49 76 64 48 9 5 25 49 20 2 21 15 84 1 86 65 55 100 60
33 66 86 82 4 79 25 67 17 11 29 10 73 51 81 80 23 13 96 26 42 74 50 68 97 4 40 93 95 73 65 60 52 56 16 63 78 91 38 14 15 7 6 12 32 36 55 21 39 89 37 83 100 72 87 70 57 50 22 71 5 58 47 18 98 27 2 61 1 41 43 3 18 88 35 85 62 90 66 21 19 23 20 8 92 53 49 69 54 64 46 65 59 28 45 30 9 99 44 34
41 84 94 90 46 87 33 75 25 19 40 18 85 59 89 88 31 21 4 42 50 82 58 76 5 53 48 1 3 81 92 68 60 64 24 71 86 99 46 22 23 15 14 20 40 44 93 74 47 97 45 20 8 80 95 78 65 56 31 79 13 66 55 26 6 35 10 69 9 49 51 11 65 96 43 83 70 98 32 18 27 39 28 16 100 61 57 77 62 72 54 63 67 20 73 38 17 7 52 42
47 85 41 91 13 88 34 76 26 20 38 19 86 60 90 89 32 22 36 35 51 83 40 77 6 84 49 2 4 82 93 52 61 65 25 80 87 100 47 23 24 16 15 21 23 64 64 75 48 79 46 15 69 81 96 79 66 57 31 28 22 67 56 27 7 36 11 70 10 50 52 12 3 37 44 94 71 99 33 3 93 40 29 17 1 62 58 78 63 73 55 74 68 37 54 39 18 8 53 43
54 97 7 3 25 100 46 88 38 32 50 31 98 72 2 1 44 34 5 47 63 95 71 89 18 96 58 14 16 83 5 81 73 77 8 84 99 12 59 16 36 28 27 33 53 20 76 87 22 10 58 4 21 93 8 91 78 69 43 92 33 79 68 39 19 62 23 82 22 62 64 24 15 9 56 6 83 11 45 42 40 52 45 29 13 74 70 90 75 85 67 86 80 49 66 51 30 20 65 55
35 78 88 84 6 49 27 24 19 13 31 12 79 53 83 82 25 15 98 28 44 76 52 70 99 77 42 95 97 75 86 62 54 58 18 65 80 23 40 16 17 9 8 14 34 38 57 68 41 91 39 85 2 74 89 72 59 50 24 73 7 60 49 48 100 95 31 63 3 43 45 5 96 90 37 87 20 92 26 23 21 33 22 10 33 55 51 71 30 53 64 67 61 30 47 32 11 1 46 36
27 70 80 76 98 73 19 61 11 5 23 4 71 45 75 74 35 7 90 84 36 68 92 62 10 69 34 87 89 67 95 54 46 50 10 57 72 85 32 8 29 1 100 6 26 33 49 60 33 83 31 77 94 89 68 64 51 42 16 65 99 52 41 20 40 21 59 55 95 54 37 97 88 82 29 79 56 20 18 49 13 25 14 2 86 47 15 63 83 58 48 59 53 22 39 24 37 93 38 28
81 6 16 12 34 9 55 79 47 41 59 40 7 81 11 10 53 43 26 65 72 4 80 98 27 5 70 23 25 3 14 90 82 86 46 93 8 88 68 44 45 37 36 42 62 66 85 96 69 19 67 13 30 95 17 100 98 78 52 1 35 88 88 20 28 57 65 42 31 71 73 33 24 18 2 15 92 48 54 21 49 30 50 20 22 83 79 99 84 94 76 40 89 58 75 60 39 74 74 64
53 96 45 2 24 99 45 87 37 31 49 30 97 71 1 100 43 46 16 46 62 94 70 88 17 95 60 13 2 93 4 80 72 76 59 83 98 11 58 34 35 27 26 32 52 56 75 86 59 11 57 3 20 92 7 90 77 63 42 91 25 78 67 38 18 47 22 81 21 86 63 23 42 32 55 5 82 10 44 41 39 51 40 28 12 73 69 89 74 84 66 27 79 56 65 50 29 19 64 54
93 36 46 42 64 39 85 27 77 71 89 4 37 11 98 40 83 73 56 86 99 34 10 28 57 35 100 53 55 10 44 20 12 16 76 23 38 51 98 74 75 67 56 72 92 96 15 26 99 49 97 43 60 32 47 30 50 8 82 31 65 4 7 78 58 87 62 21 61 1 3 63 54 48 95 45 22 17 84 81 79 91 80 68 52 13 9 100 14 61 6 25 19 88 5 90 69 59 4 94
96 15 25 21 43 18 64 48 56 50 88 36 16 90 20 19 62 52 35 65 81 13 89 7 36 14 79 32 34 28 23 99 91 95 55 5 89 30 77 53 54 49 45 51 71 75 94 5 78 48 76 22 39 11 26 100 12 87 61 55 44 97 21 57 37 66 41 100 40 80 82 42 33 27 74 79 1 29 63 60 58 52 59 47 9 92 72 8 93 3 85 4 98 67 84 69 68 38 83 73
36 79 89 85 7 82 28 70 20 14 32 13 47 54 84 27 26 16 99 29 45 77 53 71 100 78 43 16 98 76 87 63 68 59 19 66 17 94 41 17 18 10 9 15 35 39 58 62 42 92 40 86 3 75 90 73 60 51 25 74 8 61 50 21 1 30 5 64 4 44 46 6 97 97 38 37 65 93 27 24 22 34 23 11 95 56 52 72 57 67 49 68 62 31 48 33 12 2 47 37
6 49 59 55 77 52 98 40 90 84 2 83 50 24 54 53 96 86 69 99 15 51 75 41 70 48 13 66 68 46 57 33 25 59 89 13 51 64 11 87 88 80 79 85 5 9 28 39 12 62 10 56 73 45 60 43 30 75 74 44 78 31 20 91 71 100 75 34 74 14 16 76 67 61 8 58 35 63 97 94 92 4 93 81 65 26 22 62 39 37 19 38 32 1 18 3 82 72 17 3
94 37 66 43 65 40 86 28 78 72 90 71 38 12 42 41 84 74 57 87 3 35 11 29 27 36 1 54 56 34 45 21 13 17 77 24 39 52 99 75 76 68 67 73 93 97 19 27 100 50 80 44 61 33 48 31 18 9 83 55 66 19 8 79 59 88 63 22 83 2 4 64 55 49 96 58 23 51 85 82 80 92 81 69 53 14 10 30 15 25 7 26 20 89 80 91 70 60 5 95
11 54 64 60 82 57 3 45 86 39 7 88 55 49 59 58 1 91 74 4 20 52 28 46 75 23 18 71 73 51 62 38 30 34 94 41 56 69 16 92 93 85 84 90 10 14 63 44 17 67 15 61 78 50 65 48 35 26 100 49 83 36 25 96 76 5 80 39 79 19 21 81 72 66 13 33 40 68 2 99 97 9 98 67 70 31 27 47 32 42 3 43 37 6 68 8 87 77 22 12
44 87 97 93 47 90 36 78 88 22 40 21 100 11 92 91 34 24 7 37 53 85 61 79 78 86 86 4 6 84 95 71 63 67 27 74 89 2 49 25 26 18 17 23 43 47 66 77 50 28 48 94 11 83 98 8 68 59 33 82 16 69 58 29 9 57 13 72 12 52 54 14 5 99 46 96 73 1 35 32 30 42 31 19 3 64 60 80 65 75 57 76 70 39 56 9 20 10 55 45
21 64 74 70 92 67 13 55 5 99 17 98 65 39 69 68 11 1 79 14 30 2 24 56 85 63 28 81 83 61 24 48 40 44 4 51 66 79 26 2 3 95 94 100 20 24 43 54 27 77 25 71 88 60 75 58 45 36 10 4 93 46 35 6 86 15 90 49 89 29 31 91 82 76 23 73 50 78 12 9 7 19 8 96 80 41 37 57 42 52 34 53 47 16 32 18 97 87 32 22
100 43 53 49 71 46 92 34 84 78 96 77 44 18 48 47 90 80 63 93 9 41 17 35 64 42 7 60 62 40 51 27 19 23 83 30 45 58 5 81 82 74 73 79 94 3 22 33 6 56 4 50 67 68 54 37 24 15 89 38 72 25 14 85 65 94 69 90 68 8 10 70 61 55 2 52 29 57 91 88 86 98 87 75 32 20 16 36 21 31 13 32 26 95 12 97 76 66 11 1
88 31 41 37 30 30 12 22 72 66 84 65 32 6 36 35 78 68 51 81 97 29 5 23 52 30 95 89 50 60 39 15 7 87 71 18 33 46 93 69 70 62 61 67 87 91 10 21 94 44 80 38 55 27 42 25 28 3 77 26 92 13 21 73 53 82 10 16 56 96 98 58 49 43 90 40 17 45 79 76 46 86 75 63 11 8 4 24 9 19 1 20 14 83 100 85 64 54 99 89
75 65 28 93 46 21 67 9 59 49 71 52 19 93 23 22 25 55 38 68 84 16 82 10 39 76 82 35 20 15 26 2 94 98 58 5 20 25 80 56 57 49 48 54 74 78 97 8 81 31 79 25 42 14 29 12 99 90 64 13 47 100 89 60 92 69 44 3 43 83 85 45 36 30 77 27 4 32 66 63 61 73 62 50 34 95 91 11 96 6 88 7 50 70 87 72 51 41 86 76
74 8 18 14 36 11 57 53 49 43 61 42 20 37 13 92 60 4 28 58 74 6 82 100 29 7 72 25 27 5 16 92 84 88 79 95 10 23 13 46 47 39 38 44 64 68 87 98 71 9 69 15 32 4 60 2 80 80 54 3 37 50 79 50 30 59 34 93 33 50 75 35 26 20 48 17 17 22 56 53 51 38 52 40 24 85 81 19 86 96 78 97 91 60 77 62 41 31 76 66
95 38 48 44 66 41 87 17 79 73 91 72 39 13 43 42 85 53 58 88 4 36 12 30 59 37 2 55 85 35 46 22 14 64 78 25 40 53 100 76 77 69 68 63 94 98 17 28 1 51 99 45 62 34 49 32 19 10 84 91 67 20 9 80 60 89 86 23 63 3 5 65 56 50 97 7 24 52 86 83 90 93 82 70 54 15 11 31 16 26 8 27 5 90 7 92 71 61 6 96
28 71 81 77 99 74 20 62 12 6 24 5 72 46 76 75 18 8 91 21 37 69 45 63 33 70 35 88 90 68 79 55 47 51 28 58 73 47 33 9 10 2 1 7 48 42 50 61 34 33 32 78 95 67 82 86 52 43 17 66 100 53 42 13 93 22 97 56 96 36 38 98 89 83 30 80 57 85 19 16 86 26 15 3 17 48 44 64 49 59 41 60 54 23 40 25 4 94 39 29
48 91 1 97 19 94 40 82 32 26 44 25 92 66 96 95 38 14 11 41 57 89 65 100 12 90 55 8 10 88 99 75 67 71 31 78 93 6 53 29 30 22 21 27 47 51 70 81 54 4 52 19 15 87 2 85 72 63 37 86 20 73 62 49 13 42 17 76 16 56 58 18 9 3 50 100 94 52 39 36 34 46 35 23 7 68 64 84 69 79 61 43 74 43 60 45 5 14 59 49
45 88 98 94 16 91 90 79 29 23 41 22 89 63 93 92 35 25 21 38 54 86 62 80 9 87 42 5 7 85 96 72 64 68 28 75 90 3 50 26 27 19 18 24 44 48 67 78 51 1 49 95 77 84 66 82 91 60 34 83 9 70 59 30 10 39 14 73 13 14 55 15 6 100 47 97 74 2 36 33 4 37 14 20 4 65 61 81 66 76 58 10 71 29 57 42 20 11 56 46
70 13 23 19 41 16 62 4 54 48 66 47 14 88 18 17 60 50 33 8 79 11 87 5 34 12 77 30 32 10 21 97 89 93 53 100 15 28 75 51 52 44 43 49 69 73 92 3 76 26 74 20 37 9 24 7 16 85 59 8 42 95 84 55 35 64 39 98 38 78 80 40 31 25 72 22 9 27 61 58 56 68 57 45 29 8 86 6 91 1 83 80 96 65 82 67 46 18 64 71
40 83 93 89 11 86 32 74 24 18 54 17 84 58 88 87 30 20 3 33 49 81 57 75 85 84 47 100 2 80 49 67 59 63 23 70 85 98 45 63 22 14 16 19 39 43 62 73 46 96 44 90 7 79 94 77 64 55 29 78 12 65 54 25 5 34 9 68 8 48 50 10 33 95 77 92 69 97 31 28 91 38 27 15 99 60 56 76 61 71 53 72 66 35 52 37 16 6 51 41
1 44 54 50 72 47 93 35 85 79 97 98 45 19 49 48 88 81 64 94 10 42 18 36 65 43 8 61 63 41 52 28 20 24 84 31 46 59 6 82 83 75 74 80 100 4 37 34 7 57 5 51 68 40 55 38 56 16 90 92 73 26 15 86 66 95 70 56 69 9 11 71 62 56 3 53 30 80 92 89 87 99 88 76 60 21 17 41 22 32 14 33 27 96 23 98 77 67 12 2
73 16 78 22 44 19 65 7 57 51 69 50 17 91 21 20 63 53 36 66 82 14 90 8 37 15 62 31 35 13 24 100 92 96 53 3 18 31 78 54 55 47 46 52 72 69 95 6 79 29 77 23 20 12 27 6 97 88 62 11 45 98 72 58 38 67 42 1 49 3 83 43 34 58 75 25 2 39 36 61 59 71 60 48 32 93 89 9 94 4 86 5 99 7 85 37 49 39 84 74
34 23 33 29 51 26 72 14 64 58 76 57 24 98 28 62 70 60 43 1 89 21 97 15 44 22 87 25 42 20 31 7 99 3 63 10 25 58 85 61 62 54 53 59 79 83 2 13 86 36 84 38 47 19 34 17 4 97 69 18 52 5 28 65 45 74 49 8 48 88 71 50 93 35 82 32 9 37 71 68 66 78 50 55 39 100 96 16 1 11 93 12 6 75 92 77 56 46 51 81
31 74 84 24 2 77 23 65 15 52 27 8 75 49 79 78 21 11 73 82 40 72 57 66 95 83 38 91 66 71 82 80 50 54 14 61 76 89 10 12 35 5 4 10 30 34 53 64 37 57 35 81 98 70 85 68 55 24 80 69 92 56 45 16 96 25 100 59 99 39 41 1 92 86 33 63 60 88 22 19 17 29 18 6 90 51 47 67 52 62 44 36 57 26 43 28 7 97 42 32
76 20 29 25 46 22 68 10 82 54 72 53 20 94 24 23 66 56 39 69 85 17 93 11 48 18 83 36 38 16 27 3 95 99 59 6 21 34 81 57 58 50 49 55 75 79 35 9 82 32 64 26 43 15 30 13 100 91 65 14 48 1 90 27 41 70 45 62 44 84 86 46 21 31 33 28 5 7 67 4 62 74 63 51 35 96 92 12 97 7 89 8 2 71 88 73 52 42 87 77
84 27 37 33 55 30 76 18 68 62 80 61 28 2 32 31 74 64 47 77 93 25 1 19 48 26 91 44 46 24 35 11 3 7 67 46 29 42 89 65 66 58 90 63 83 87 6 17 90 40 88 34 51 23 38 21 8 99 73 22 56 9 98 69 49 78 53 12 52 92 94 54 45 39 86 36 13 47 75 72 70 82 71 59 43 4 100 20 5 15 97 16 10 58 96 81 58 50 4 85
79 5 32 28 50 25 71 13 86 57 75 56 23 97 27 26 69 59 42 72 88 18 99 14 43 21 86 39 41 19 30 6 98 2 62 9 24 37 84 60 61 53 52 58 78 82 1 12 85 35 83 29 46 18 33 16 3 94 68 17 51 4 93 64 44 73 48 7 68 87 89 49 40 34 81 31 8 36 70 67 65 60 66 54 38 29 95 15 100 77 92 11 5 41 91 76 55 99 89 80
66 9 19 15 37 12 58 100 50 44 60 43 10 84 14 13 56 46 29 15 75 7 83 1 30 8 73 26 28 6 17 93 85 89 24 96 11 33 71 55 48 40 39 45 65 3 88 99 72 22 70 16 33 5 20 3 90 81 55 4 3 91 87 51 31 60 35 94 34 74 76 36 27 21 68 18 95 23 57 54 52 64 53 41 25 86 82 2 87 97 79 36 92 61 78 18 42 12 77 67
68 11 21 17 39 78 60 2 52 46 64 45 88 86 16 15 58 48 31 61 77 9 85 3 32 10 75 43 30 8 19 95 87 91 51 98 13 26 28 49 50 42 41 47 67 71 90 1 74 24 72 18 35 7 22 5 92 83 57 6 40 93 82 53 33 62 37 96 36 76 78 38 29 23 70 20 48 25 59 56 54 64 55 43 27 12 84 4 89 99 81 76 94 63 80 65 44 34 79 69
4 47 57 53 75 50 96 38 76 82 100 81 48 22 52 51 94 84 67 97 13 45 21 39 68 46 11 64 66 44 55 31 23 71 87 34 49 62 9 85 86 78 53 83 3 7 26 37 10 60 92 54 71 43 58 41 88 19 93 42 76 29 18 89 69 98 73 32 72 12 14 74 65 59 6 74 33 100 95 8 90 2 91 79 63 24 20 40 25 35 17 46 30 99 16 1 80 70 15 5
2 45 55 12 25 48 94 36 86 80 98 79 46 20 50 49 92 82 65 95 11 43 19 37 66 31 9 62 64 42 53 29 21 25 49 32 47 60 7 83 84 76 75 81 1 5 24 35 8 58 6 88 69 41 56 39 26 17 91 40 74 27 16 87 67 96 71 30 70 10 12 72 63 57 4 54 31 59 93 90 88 79 89 65 61 22 18 38 23 33 51 34 2 97 14 99 78 68 13 3
43 89 96 92 14 89 35 77 27 21 39 62 87 61 91 99 33 23 6 36 52 84 60 78 7 85 50 3 5 83 94 70 62 31 25 73 56 1 48 24 25 17 16 22 42 46 65 76 49 99 47 93 10 82 97 80 67 58 32 81 67 68 57 28 8 37 12 71 11 98 53 13 4 98 52 95 72 100 34 31 29 41 30 18 2 63 59 66 64 67 56 75 69 38 55 40 19 9 54 44
19 62 72 68 21 65 11 53 78 97 15 96 63 37 67 66 9 99 82 60 28 60 36 54 83 61 26 79 81 59 70 15 38 42 2 49 64 77 24 32 1 93 92 98 18 22 41 52 25 75 23 69 86 58 73 56 43 34 31 57 53 44 33 4 84 13 88 47 25 27 29 55 80 74 21 71 100 76 10 7 5 17 6 90 78 39 99 55 48 50 40 51 45 28 31 16 95 85 30 20
69 63 22 18 40 15 61 3 53 47 65 46 13 87 17 16 59 49 32 62 78 10 86 4 33 11 76 29 31 15 20 96 88 92 52 99 14 27 74 50 51 43 42 48 68 72 87 2 75 86 73 19 36 8 23 98 93 84 58 7 41 94 83 54 34 63 38 97 37 77 79 39 30 17 71 21 98 26 60 57 55 67 56 44 28 89 85 5 90 100 82 1 95 64 81 94 45 35 64 70
51 94 4 20 22 24 43 85 35 29 47 28 95 69 68 98 41 31 14 44 80 92 60 86 15 93 58 11 13 91 2 78 70 74 34 81 96 9 56 100 33 25 24 30 50 54 73 84 57 7 55 1 18 90 15 88 75 66 40 89 23 76 65 36 16 45 60 79 19 59 61 21 12 26 53 3 64 8 42 39 37 49 38 26 10 71 67 87 72 82 32 83 77 35 63 48 48 17 62 52
37 80 36 86 8 83 29 71 21 15 33 14 81 55 85 84 27 17 100 30 46 78 54 72 1 79 44 97 99 77 88 64 56 60 20 67 82 95 42 18 19 22 10 16 36 40 59 70 43 93 41 43 4 76 84 74 61 52 26 75 9 62 51 22 2 31 6 65 5 78 96 7 98 92 39 89 66 94 50 25 23 35 12 12 96 57 53 73 58 68 50 53 63 32 49 34 13 3 48 38
85 28 38 34 56 31 77 19 69 63 81 62 29 36 33 32 75 65 48 78 94 26 2 25 49 27 95 45 47 25 36 12 4 8 68 15 30 43 90 66 67 59 58 64 84 88 57 18 91 41 89 35 52 24 39 22 9 100 74 23 57 10 99 70 50 79 54 13 53 93 95 55 46 40 87 69 14 42 76 73 71 32 72 60 44 5 1 21 40 16 98 17 59 80 97 82 61 51 96 86
83 26 36 32 54 29 75 17 67 61 79 60 27 1 31 61 73 63 46 76 92 24 87 18 47 90 16 43 45 23 34 10 66 6 66 13 28 41 88 64 65 57 1 62 82 86 5 16 89 39 87 33 50 22 37 95 7 98 72 21 55 8 97 68 48 77 52 11 51 91 93 53 44 55 85 35 12 40 74 71 69 81 70 58 42 3 99 19 4 14 96 15 9 78 95 80 59 49 94 84
56 68 49 45 67 42 88 30 80 74 92 73 40 14 44 43 86 76 59 89 5 37 12 31 60 38 22 20 58 36 47 23 15 19 79 26 2 54 1 77 78 70 69 75 95 99 18 29 2 52 100 46 63 35 50 33 96 11 85 34 68 21 10 74 61 90 14 24 64 4 6 66 57 51 98 48 26 53 87 84 82 94 83 71 55 16 12 32 17 27 9 28 22 91 8 93 72 62 7 97
25 68 78 80 70 71 17 59 9 3 21 2 69 43 77 72 15 5 92 18 34 66 42 60 89 67 32 85 87 65 76 52 44 48 8 55 70 83 30 6 7 99 98 4 86 28 47 58 31 81 29 75 92 64 79 62 49 40 14 63 97 50 39 10 90 19 94 53 93 33 35 95 86 80 27 77 54 82 16 13 11 23 12 100 84 45 41 61 46 56 44 57 51 20 37 22 1 91 36 72
7 50 6 56 78 53 99 41 91 85 3 84 51 25 55 54 39 87 70 81 16 48 97 42 71 49 14 67 69 47 58 34 26 30 90 37 52 65 12 88 89 81 78 86 6 10 29 24 13 10 57 57 74 8 61 44 31 22 96 47 79 32 21 92 72 1 76 17 75 15 17 77 68 62 9 59 36 96 76 95 93 5 94 82 66 27 23 43 28 38 20 25 33 2 19 4 64 73 18 8
98 41 51 47 20 44 90 68 82 76 94 75 42 16 46 45 88 78 61 74 7 39 15 33 62 40 5 58 60 78 49 25 17 21 81 28 43 56 3 79 80 72 71 77 97 1 20 31 4 83 2 48 65 37 52 35 22 13 87 36 70 23 57 83 63 34 67 96 66 6 8 68 59 53 100 50 27 55 30 86 84 96 85 98 57 18 14 34 19 29 11 30 24 93 10 95 74 64 9 99
10 53 63 59 81 56 86 44 24 88 6 82 54 61 58 57 100 90 73 3 19 51 27 45 74 52 17 67 41 42 61 37 29 33 93 40 55 68 15 73 92 84 83 89 9 13 32 43 16 66 14 60 77 49 64 47 34 25 99 48 82 35 24 95 75 53 79 38 78 18 20 80 71 65 12 62 39 67 1 98 96 8 97 85 69 30 26 46 31 41 23 42 36 5 22 7 86 3 21 11
13 56 66 73 84 26 5 47 97 91 9 90 57 31 61 60 78 93 76 45 42 54 30 48 77 55 20 73 75 85 11 40 32 36 96 43 58 71 18 94 95 98 73 92 12 16 35 46 19 69 17 63 80 52 67 50 37 28 2 51 85 38 27 98 78 7 82 41 81 21 23 83 74 68 15 65 42 70 4 1 99 11 92 88 72 33 29 49 34 44 26 45 39 8 25 10 89 79 24 14
18 61 71 67 89 64 14 89 2 96 14 95 62 36 66 65 8 98 92 11 46 59 35 53 82 60 25 78 36 15 69 45 25 41 1 48 63 76 23 99 100 92 91 97 17 21 40 51 24 74 22 68 85 57 72 55 42 33 7 56 62 43 32 3 83 12 93 46 86 26 28 88 79 73 20 70 47 75 9 6 4 16 5 93 77 38 34 54 39 49 31 50 88 13 30 15 94 90 29 76
