2
63
51 34 23 58 20 22 33 16 37 45 12 3 5 18 7 54 1 21 13 43 50 44 9 61 15 60 49 24 53 55 41 42 11 48 29 28 59 46 40 26 8 47 62 4 6 39 52 56 35 32 57 19 25 17 63 31 36 14 38 2 27 30 10
32 13 4 39 1 3 14 15 18 26 56 47 40 62 51 35 45 2 59 24 22 25 53 60 57 41 30 5 34 36 49 23 55 29 10 9 31 27 21 7 52 28 43 48 50 20 6 37 16 33 38 63 42 61 44 12 17 58 19 46 8 11 54
12 56 47 19 44 46 57 40 61 6 36 27 29 42 31 15 25 45 37 4 11 5 33 22 39 21 10 48 14 16 2 3 35 9 53 52 20 7 1 50 32 8 38 28 30 63 55 17 59 58 18 43 49 41 24 34 60 62 23 26 51 54 13
15 59 50 22 47 49 60 43 1 9 39 58 32 45 34 18 28 48 40 7 14 8 36 25 42 24 13 51 17 19 5 6 38 12 56 55 23 10 4 53 35 11 26 31 33 3 16 20 62 61 21 46 52 44 27 30 63 41 2 29 54 57 37
21 2 56 28 53 55 3 49 7 15 45 36 38 51 40 24 34 54 46 13 20 14 42 31 48 62 19 57 23 25 11 12 44 18 61 30 29 16 10 59 41 17 32 37 39 9 22 26 5 4 27 52 58 50 33 1 6 47 8 35 60 63 43
5 49 40 12 37 39 50 42 54 62 29 20 22 35 33 8 18 38 30 60 4 61 26 15 32 14 3 41 7 9 58 59 28 2 46 45 13 63 57 43 25 1 16 21 23 56 24 10 52 51 11 36 6 34 17 48 53 31 55 19 44 47 27
7 51 42 14 39 41 6 33 56 1 31 22 24 37 26 10 20 40 32 62 35 63 58 17 34 16 5 43 9 11 60 61 30 4 48 47 15 2 59 45 27 3 18 23 25 28 8 12 54 53 13 38 44 36 19 50 55 52 57 21 46 49 29
2 46 37 9 34 36 47 30 51 59 26 17 19 32 21 5 15 35 27 57 1 58 23 12 29 11 63 38 4 6 55 56 25 62 43 42 10 60 54 40 22 61 13 18 20 53 3 7 49 48 8 33 39 31 14 45 50 28 52 16 41 44 24
40 21 12 47 9 11 20 5 26 34 1 28 57 7 59 43 53 10 2 32 39 33 61 50 4 49 38 13 42 44 30 31 63 37 18 17 48 35 29 15 60 36 51 56 22 55 41 45 24 23 46 8 14 6 52 58 25 3 27 54 16 19 62
35 16 7 42 4 6 17 63 21 29 59 50 52 2 54 38 9 5 60 27 34 28 56 45 62 44 33 8 37 39 25 26 58 32 13 12 43 30 24 10 55 31 46 51 53 23 36 40 48 18 41 3 19 1 47 15 20 61 22 49 11 14 57
43 24 15 50 12 14 22 8 29 37 4 44 60 10 62 46 56 13 5 35 42 36 1 53 7 52 41 16 45 47 33 34 3 40 21 20 51 38 32 18 63 39 54 59 61 31 30 48 27 26 49 11 17 9 55 23 28 6 25 57 19 58 2
27 29 62 34 59 61 9 55 13 21 51 42 44 57 46 30 40 60 52 19 26 20 48 37 54 36 25 63 38 31 17 18 50 24 5 4 35 22 16 2 47 23 8 43 45 15 28 32 11 10 33 58 1 56 39 7 12 53 14 41 3 6 49
53 15 25 60 22 24 35 18 39 47 14 5 7 20 9 56 3 23 57 45 52 46 11 63 17 30 51 26 55 34 43 44 13 50 31 61 62 48 42 28 10 49 1 6 8 41 54 58 37 36 59 21 27 19 2 33 38 16 40 4 29 32 12
17 61 52 24 49 51 62 45 3 11 41 32 34 47 36 20 30 50 42 9 16 10 38 27 44 26 15 53 19 21 7 8 5 14 58 57 25 12 6 55 37 13 28 33 35 40 18 22 1 63 23 48 54 46 29 60 2 43 4 31 56 59 39
52 8 24 59 21 23 34 17 38 46 13 4 6 19 15 55 2 22 14 44 51 45 10 62 16 61 50 25 54 56 42 43 12 49 30 29 60 47 41 27 9 48 63 5 7 33 53 57 36 35 58 20 26 18 1 32 37 40 39 3 28 31 11
50 31 22 57 19 21 32 60 36 44 11 2 58 17 42 53 63 20 12 30 49 43 8 51 14 59 48 23 52 54 40 41 10 47 28 27 4 45 39 25 7 46 61 3 5 38 33 55 34 15 56 6 18 16 62 24 35 13 37 1 26 29 9
24 39 30 2 27 29 40 23 44 52 19 10 12 25 14 61 8 28 20 50 57 51 16 5 22 4 56 31 60 62 48 49 18 55 36 35 3 58 47 33 15 54 6 11 13 46 59 63 42 41 1 26 32 53 7 38 43 21 45 9 34 37 17
28 9 63 35 60 62 10 56 14 22 52 43 45 58 47 31 41 61 53 20 27 21 49 38 55 37 26 1 30 32 18 46 51 25 6 5 36 23 17 3 48 24 39 44 19 16 29 33 12 11 34 59 2 57 40 8 13 54 15 42 4 7 50
34 23 6 41 3 5 16 62 20 28 58 49 51 1 53 37 47 4 15 26 33 27 55 44 61 43 32 7 36 59 24 25 57 31 12 11 42 29 38 9 54 30 45 50 52 22 35 39 18 17 40 2 8 63 46 14 19 60 21 48 10 13 56
44 25 16 51 42 15 26 9 30 38 5 59 61 11 63 47 4 24 6 36 43 37 2 54 33 53 8 17 46 48 34 35 14 41 22 21 52 39 13 19 1 40 55 60 62 32 45 49 28 27 50 12 57 10 56 18 29 7 31 58 20 23 3
20 1 55 27 52 60 2 48 6 14 44 35 37 50 39 23 57 53 45 12 19 13 41 30 47 29 18 56 22 24 10 11 43 17 62 54 61 15 9 58 40 16 31 36 38 8 21 25 4 3 26 51 28 49 32 63 5 46 7 34 59 33 42
62 43 34 6 31 33 44 27 48 56 23 14 16 29 18 2 12 32 24 54 61 55 20 9 26 8 60 35 1 3 52 53 22 59 40 39 7 57 51 37 19 58 10 15 17 50 63 4 46 45 5 30 36 28 11 42 47 25 49 13 38 41 21
49 32 21 56 18 20 31 14 35 43 28 1 3 16 5 52 62 19 11 41 48 42 7 59 13 58 47 22 51 53 39 40 9 46 27 26 57 44 30 24 6 45 60 2 4 37 50 54 33 38 55 17 23 15 61 29 34 12 36 63 25 10 8
59 33 13 3 28 30 41 24 45 53 20 11 49 26 4 62 48 29 21 51 31 52 17 6 23 5 57 32 61 63 22 50 40 56 37 36 58 54 19 34 16 55 7 12 14 47 60 1 43 42 2 27 9 25 8 39 44 15 46 10 35 38 18
9 53 44 16 41 43 54 19 58 3 33 24 26 39 28 12 22 42 34 37 8 2 30 1 36 18 7 45 11 13 62 63 32 6 50 49 17 4 61 47 29 5 20 25 27 60 10 14 56 55 15 40 46 38 21 52 57 35 59 23 48 51 31
3 47 38 10 35 37 48 31 52 60 27 18 20 33 22 6 16 36 28 58 2 59 24 13 30 12 1 39 5 7 56 57 26 63 44 43 11 61 55 41 23 62 14 19 21 54 4 8 50 49 9 34 40 32 15 46 51 29 53 17 42 45 25
42 22 14 49 11 13 23 7 28 36 3 57 59 9 61 45 55 12 4 34 41 35 63 52 6 51 40 15 44 46 32 33 2 39 20 19 50 37 31 17 62 38 53 58 60 30 43 47 26 24 48 10 16 8 54 25 27 5 29 56 18 21 1
11 55 46 18 43 45 56 39 60 5 35 26 28 41 30 14 24 44 36 3 10 4 32 21 38 20 9 47 13 15 1 2 34 8 52 51 19 6 63 49 31 7 22 27 29 62 12 16 58 57 17 42 48 40 23 54 59 37 61 25 50 53 33
63 44 8 7 32 34 45 28 49 57 24 15 17 30 10 3 13 33 25 55 62 56 21 58 27 9 61 36 2 4 53 54 23 60 41 40 38 19 52 35 20 59 11 16 18 51 1 5 47 46 6 31 37 29 12 43 48 26 50 14 39 42 22
33 14 5 40 2 4 15 61 19 27 57 48 50 63 52 36 46 3 58 25 32 26 54 43 60 42 31 6 35 37 23 24 56 30 11 10 41 28 22 8 53 29 44 49 51 21 34 38 17 16 39 1 7 62 45 13 18 59 20 47 9 12 55
57 38 29 1 26 28 39 22 43 51 18 9 11 24 13 60 7 27 19 49 56 50 15 4 21 3 55 30 59 61 47 48 17 54 35 34 2 52 46 32 14 53 5 10 12 45 58 62 41 40 63 25 31 23 6 37 42 20 44 8 33 36 16
14 58 49 21 46 48 59 54 63 8 38 29 31 44 6 17 27 47 39 42 13 7 35 24 41 23 12 50 16 18 4 5 37 11 55 22 40 9 3 52 34 10 25 30 32 2 15 19 61 60 20 45 51 43 26 57 62 33 1 28 53 56 36
36 17 35 43 5 7 18 37 22 30 60 51 53 3 55 39 49 6 61 1 23 29 57 46 63 45 34 9 8 40 26 27 59 33 14 13 28 31 25 11 56 32 47 52 54 24 44 41 20 19 42 4 10 2 48 16 21 38 62 50 12 15 58
10 54 45 17 33 44 55 38 59 4 34 25 27 40 8 13 23 43 35 2 9 3 31 20 37 19 42 46 12 14 63 1 29 7 51 50 18 5 62 48 30 6 21 26 28 61 11 15 57 56 16 41 47 39 22 53 58 36 60 24 49 52 32
60 41 32 4 29 31 42 25 46 54 21 12 14 27 16 63 10 30 22 52 59 53 18 7 24 6 58 33 62 1 50 51 20 57 8 37 5 55 49 38 17 56 35 13 15 48 61 2 44 43 3 28 34 26 9 40 45 23 47 11 36 39 19
48 4 20 55 17 58 30 13 34 42 9 63 2 15 29 51 61 18 10 40 47 41 6 19 12 57 46 21 50 52 38 39 8 45 26 25 56 43 37 23 5 44 59 1 3 36 49 53 32 31 54 16 22 14 60 28 33 11 35 62 24 27 7
54 35 26 61 23 25 36 1 40 48 15 6 8 21 19 57 33 14 16 46 53 47 12 10 18 63 52 27 56 58 44 45 4 51 32 31 37 49 43 29 11 50 2 7 9 42 13 59 38 28 60 22 24 20 3 55 39 17 41 5 30 62 34
19 63 54 26 51 53 1 47 5 13 43 34 36 49 38 22 32 52 44 11 18 12 40 29 46 28 17 55 21 23 9 10 42 16 60 59 27 14 8 57 39 15 30 35 37 7 20 24 3 2 25 50 56 48 31 62 4 45 6 33 58 61 41
30 11 2 37 62 1 12 58 16 24 54 45 47 60 49 33 43 63 55 22 29 23 51 40 19 39 28 3 32 57 20 21 53 27 38 7 8 25 48 5 50 26 41 46 34 18 31 35 14 13 36 61 4 59 42 10 15 56 17 44 6 9 52
8 52 43 15 40 42 53 36 57 2 32 23 25 38 27 11 21 41 33 63 7 1 29 18 35 17 6 44 10 12 61 62 31 5 49 48 16 3 60 46 28 4 19 24 26 59 9 13 55 54 14 39 45 37 20 51 56 34 58 22 47 50 30
26 7 61 33 58 54 8 52 12 20 50 60 43 56 45 29 39 59 51 18 25 19 47 36 53 35 24 62 28 30 16 17 49 23 4 3 34 21 15 1 46 41 37 42 44 14 27 31 10 9 32 57 63 55 38 6 11 22 13 40 2 5 48
25 6 60 32 57 59 7 53 11 19 49 40 42 55 44 4 38 58 50 17 24 18 46 35 52 34 23 61 27 29 15 16 48 22 3 2 33 20 14 63 45 21 36 41 43 13 26 30 9 8 31 56 62 54 37 5 10 51 12 39 1 28 47
4 48 39 11 36 38 49 32 53 61 55 19 21 34 23 7 17 37 29 59 3 60 25 14 31 13 2 40 6 8 57 28 27 1 45 44 12 62 56 42 24 63 15 20 46 58 5 9 51 50 10 35 41 33 16 47 52 30 54 18 43 22 26
23 40 31 30 55 57 5 51 9 17 47 38 4 53 24 26 36 56 48 15 58 16 44 33 50 32 21 59 25 27 13 14 46 20 1 63 22 18 12 61 43 19 34 39 41 11 42 28 7 6 29 54 60 52 35 3 8 49 10 37 62 2 45
39 20 11 46 8 10 21 4 25 33 63 54 56 6 58 42 52 9 1 31 38 32 60 49 3 48 37 12 41 43 29 30 62 36 17 16 47 34 28 14 59 35 50 55 57 27 40 44 23 22 45 7 13 5 51 19 24 2 26 53 15 18 61
56 37 28 63 25 27 38 21 42 50 17 8 10 23 12 59 6 26 18 48 55 49 14 3 20 2 54 29 58 60 46 47 16 53 34 33 1 51 45 31 13 52 4 9 11 44 57 61 40 39 62 24 30 22 5 36 41 19 43 7 32 35 15
16 60 51 23 48 50 61 44 2 10 40 31 33 46 35 19 29 49 41 8 15 9 37 26 43 25 14 52 18 20 6 7 39 13 57 56 24 11 5 54 36 12 27 32 58 4 17 21 63 62 22 47 53 45 28 59 1 42 3 30 55 34 38
1 45 36 8 13 35 46 29 50 58 25 55 18 31 20 16 14 34 26 56 63 57 22 11 28 10 62 37 3 5 54 4 24 61 42 41 9 59 33 39 21 60 12 17 48 52 2 6 19 47 7 32 38 30 53 44 49 27 51 15 40 43 23
29 10 1 36 61 63 11 57 15 23 53 30 46 59 48 32 42 62 54 21 28 22 50 39 56 38 27 2 31 33 19 20 52 26 7 6 44 24 18 4 49 25 40 45 47 17 37 34 13 12 35 60 3 58 41 9 14 55 16 43 5 8 51
6 50 41 13 38 40 51 34 55 63 30 21 23 36 25 9 19 39 31 61 5 62 27 16 8 15 4 42 29 10 59 60 33 3 47 46 14 1 58 44 26 2 17 22 24 57 7 11 53 52 12 37 43 35 18 49 54 32 56 20 45 48 28
37 18 9 44 6 8 19 2 23 31 61 52 54 4 56 40 50 7 62 29 36 30 28 47 1 46 35 10 39 41 27 58 60 34 15 14 45 32 26 12 57 33 48 53 55 25 38 42 21 20 43 5 11 3 49 17 22 63 24 51 13 16 59
46 27 18 53 15 17 28 11 32 40 7 61 63 13 2 49 59 16 8 38 45 39 4 56 10 55 44 19 48 50 36 37 6 43 24 23 54 41 35 21 3 42 57 62 1 34 47 51 30 29 52 14 20 12 58 26 31 9 33 60 22 25 5
18 62 53 25 50 52 63 46 4 12 42 33 35 48 37 21 31 51 43 10 17 11 39 28 45 27 16 54 20 22 8 9 41 15 59 58 26 13 7 56 38 14 29 34 36 6 19 23 2 1 24 49 55 47 30 61 3 44 5 32 57 60 40
47 28 19 54 16 18 29 12 33 41 8 62 1 14 3 50 60 17 9 39 46 40 5 57 11 56 45 20 49 51 37 38 7 44 25 24 55 42 36 22 4 43 58 63 2 35 48 52 31 30 53 15 21 13 59 27 32 10 34 61 23 26 6
22 3 57 29 54 56 4 50 8 16 46 37 39 52 41 25 35 55 47 14 21 15 43 32 49 31 20 58 24 26 12 13 45 19 63 62 30 17 11 60 42 18 33 38 40 10 23 27 6 5 28 53 59 51 34 2 7 48 9 36 61 1 44
13 57 48 20 45 47 58 41 62 7 37 16 30 43 32 28 26 46 38 5 12 6 34 23 40 22 11 49 15 17 3 55 36 10 54 53 21 8 2 51 33 9 24 29 31 1 14 18 60 59 19 44 50 42 25 56 61 39 63 27 52 4 35
31 12 3 38 63 2 13 59 17 25 10 46 48 61 50 34 44 1 56 23 30 24 52 41 58 40 29 4 33 35 21 22 54 28 9 8 39 26 20 6 51 27 42 47 49 19 32 36 15 14 37 62 5 60 43 11 16 57 18 45 7 55 53
58 5 59 31 56 19 52 35 10 18 48 39 41 54 43 27 37 57 49 16 6 17 45 34 51 33 22 60 26 28 14 15 47 21 2 1 32 36 53 62 44 20 23 40 42 12 25 29 8 7 30 55 61 24 13 4 9 50 11 38 63 3 46
55 36 27 62 24 26 37 20 41 49 16 7 9 22 11 58 5 25 17 47 54 48 13 2 59 1 53 28 57 38 45 19 15 52 33 32 63 50 44 30 12 51 3 8 10 43 56 60 39 34 61 23 29 21 4 35 40 18 42 6 31 46 14
45 26 17 52 14 16 27 10 31 39 6 41 62 12 1 48 58 15 7 28 44 38 3 55 9 54 43 18 47 49 35 36 19 42 23 60 53 40 34 20 2 37 56 61 63 5 46 50 29 25 51 13 33 11 57 22 30 8 32 59 21 24 4
38 19 10 45 7 9 25 3 24 32 62 53 55 5 57 41 51 8 63 6 37 31 59 48 2 47 36 11 40 42 28 29 61 35 16 15 46 33 27 13 58 34 49 54 56 26 39 43 22 21 44 18 12 4 50 20 23 1 30 52 14 17 60
61 42 33 5 30 32 43 26 47 55 22 13 15 28 17 1 11 31 23 53 60 54 19 8 25 7 59 34 63 2 51 52 21 58 39 38 6 56 50 36 18 57 9 14 16 49 62 3 45 44 4 29 35 27 10 41 46 24 48 12 37 40 20
41 30 58 48 10 12 24 6 27 35 2 56 13 8 60 44 54 11 3 33 40 34 62 42 5 50 39 14 43 45 31 32 1 38 19 18 49 53 23 16 61 22 52 57 59 29 51 46 25 37 47 9 15 7 36 21 26 4 28 55 17 20 63
63
60 27 63 4 59 24 33 17 43 58 23 12 42 28 21 46 45 53 16 25 61 52 47 62 34 55 37 39 7 6 11 22 1 26 10 19 2 38 31 50 32 51 44 18 57 49 13 48 29 8 36 20 41 54 15 30 56 5 14 40 35 3 9
12 42 15 19 11 39 48 32 58 20 38 27 57 43 36 10 60 5 31 40 13 4 62 14 49 7 52 54 22 21 26 37 16 41 25 34 17 53 46 2 47 3 59 33 9 1 28 63 44 23 51 35 56 6 30 45 8 61 29 55 50 18 24
39 6 42 46 38 3 12 59 22 47 2 54 21 7 63 37 24 32 58 4 40 31 26 41 13 34 16 18 49 48 53 1 43 5 52 61 44 17 10 29 11 30 23 60 36 28 55 27 8 50 15 62 20 33 57 9 35 25 56 19 14 45 51
55 22 58 62 54 19 28 12 38 63 18 7 37 23 16 53 40 48 11 20 56 47 42 57 29 50 32 34 2 1 6 17 59 21 5 14 60 33 26 45 27 46 39 13 52 44 8 43 24 3 31 15 36 49 10 25 51 41 9 35 30 61 4
16 46 19 23 15 43 52 36 62 24 42 31 61 47 40 14 1 9 35 44 17 8 3 18 53 11 56 58 26 25 30 41 20 45 29 38 21 57 50 6 51 7 12 37 13 5 32 4 48 27 55 39 60 10 34 49 63 2 33 59 54 22 28
5 35 8 12 4 32 41 25 51 13 31 50 20 36 29 3 53 61 55 33 6 60 23 7 42 63 45 47 15 14 19 30 9 34 18 27 10 46 39 58 40 59 52 24 2 57 21 56 17 16 44 28 49 62 54 38 1 26 22 48 43 11 37
29 59 32 20 28 56 2 49 12 37 55 44 11 60 53 27 23 22 48 57 30 21 16 31 3 24 6 8 39 38 43 54 33 58 42 36 34 51 63 19 1 5 13 50 26 18 45 17 61 40 14 52 10 7 47 62 25 15 46 9 4 35 41
4 34 7 11 3 31 40 39 50 9 30 19 49 35 28 2 52 60 23 32 5 59 54 6 41 62 44 46 14 13 18 29 8 33 17 26 42 45 38 57 12 58 51 25 1 56 20 55 36 15 43 27 48 61 22 37 10 53 21 47 24 63 16
45 12 48 52 44 9 18 2 28 53 8 60 27 13 6 43 30 36 1 10 46 38 32 47 19 40 22 24 55 54 59 7 49 11 58 4 50 23 16 35 17 37 29 3 42 34 61 33 57 56 21 5 26 39 63 15 41 31 62 25 20 51 14
34 1 37 41 33 61 7 54 17 42 60 49 16 2 58 32 19 27 53 62 35 26 21 36 8 29 11 13 44 43 48 59 38 63 47 56 6 12 5 24 39 25 18 55 31 23 50 22 3 45 10 57 15 28 52 4 30 20 51 14 9 40 46
63 30 3 7 62 27 36 20 46 8 26 15 45 31 24 61 48 56 19 28 1 55 50 2 37 58 40 42 10 9 14 25 4 29 13 22 5 41 34 53 35 54 47 21 60 52 16 51 32 11 39 23 44 57 18 33 59 49 17 43 38 6 12
59 26 62 3 58 23 32 16 42 4 22 11 41 27 37 57 44 52 15 24 60 51 46 61 33 54 36 38 6 5 10 21 63 25 9 18 1 55 30 49 31 50 43 17 56 48 12 47 28 7 35 19 40 53 14 29 2 45 13 39 34 20 8
1 31 4 8 63 28 37 21 47 36 27 16 46 32 25 62 49 57 20 29 14 56 51 3 38 59 2 43 41 10 15 26 5 30 11 23 9 42 35 54 6 55 48 22 61 53 17 52 33 12 40 24 45 58 19 34 60 50 18 44 39 7 13
46 13 49 53 45 10 19 3 29 54 9 14 28 38 7 44 31 39 2 11 47 37 33 48 20 41 23 25 56 55 60 8 50 12 59 5 51 24 17 36 18 61 30 4 43 35 62 34 15 57 22 6 27 40 1 16 42 32 63 26 21 52 58
48 15 13 55 57 12 21 5 31 56 11 20 22 16 9 17 33 41 59 63 49 40 35 50 32 43 25 27 58 4 62 10 52 14 61 51 53 26 19 38 7 39 42 6 45 37 1 36 34 30 24 8 29 47 3 18 44 46 2 28 23 54 60
24 54 27 31 23 51 60 44 7 32 50 39 6 55 48 22 9 17 43 52 25 16 11 26 61 19 1 3 34 33 38 49 28 53 37 46 29 2 58 14 59 15 8 45 21 13 40 12 56 35 63 47 5 18 42 57 20 10 41 4 62 30 36
31 61 34 38 30 58 4 51 14 39 57 46 13 62 55 29 16 24 50 59 43 23 18 33 5 26 8 10 32 40 45 56 35 60 44 7 36 9 2 21 3 22 15 52 28 20 47 19 63 42 53 54 12 11 49 1 27 17 48 41 6 37 25
6 9 52 13 5 33 42 26 36 14 32 21 51 37 30 4 54 62 25 34 7 61 56 8 43 1 46 48 16 15 20 31 10 35 19 28 11 47 40 59 41 60 53 27 3 58 22 57 38 17 45 29 50 63 24 39 12 55 23 49 44 2 18
17 47 20 24 16 44 53 37 63 25 43 32 62 48 46 15 27 10 36 45 18 9 4 19 54 12 57 59 11 26 31 42 21 2 30 39 22 58 51 7 52 8 1 38 14 6 33 5 49 28 56 40 61 41 35 50 13 3 34 60 55 23 29
35 2 38 42 34 62 8 55 18 43 61 63 50 3 59 33 14 28 54 13 36 27 22 37 9 30 12 17 45 44 49 60 39 1 48 57 40 7 6 25 20 26 19 56 32 24 51 23 4 46 11 58 16 29 53 5 31 21 52 15 10 41 47
58 25 61 2 52 22 31 15 41 3 21 10 40 26 19 56 43 51 4 23 59 50 45 60 14 53 35 37 5 57 9 20 62 24 8 17 63 36 29 48 30 49 32 16 55 47 11 46 27 6 34 18 39 42 13 28 54 44 12 38 33 1 7
42 36 45 49 41 6 15 62 25 50 5 57 24 10 3 40 2 35 61 7 54 34 29 44 16 37 19 21 27 51 56 4 46 8 55 1 47 20 13 32 14 33 26 63 39 31 58 30 11 53 18 9 23 52 60 12 38 28 59 22 17 48 43
49 16 9 56 48 13 22 6 32 57 12 1 31 17 10 47 34 38 5 14 50 41 24 51 23 44 26 28 59 58 63 11 53 15 62 8 54 27 20 39 21 40 33 7 46 36 52 37 18 60 25 2 30 43 4 19 45 35 3 29 42 55 61
30 60 33 37 29 57 3 50 13 38 56 45 12 61 54 28 15 23 49 58 31 22 17 32 4 25 7 9 40 39 44 55 34 59 43 52 35 8 1 20 2 21 14 51 27 19 46 18 62 41 6 53 11 24 48 63 26 16 47 10 5 36 42
10 40 51 17 9 37 46 30 56 18 36 25 55 41 34 8 58 3 29 38 11 2 60 12 47 5 50 52 20 19 24 35 14 39 23 32 15 13 44 63 45 1 57 31 7 62 26 61 42 21 49 33 54 4 28 43 6 59 27 53 48 16 22
32 62 35 39 31 59 5 52 15 40 58 47 14 63 56 30 17 25 51 60 33 24 19 34 6 27 9 11 42 41 46 57 36 61 45 54 37 10 3 22 4 23 16 53 29 21 48 20 1 43 8 55 13 26 50 2 28 18 49 12 7 38 44
25 55 28 32 24 52 61 45 8 33 51 40 7 56 49 23 10 18 44 53 26 17 12 27 62 20 38 4 35 34 39 50 29 54 14 47 30 3 59 15 60 16 9 46 22 2 41 13 37 36 1 48 6 19 43 58 21 11 42 5 63 31 57
2 32 5 9 1 29 38 22 48 10 28 34 47 33 26 63 50 58 21 30 3 57 52 4 39 60 42 44 12 11 16 27 6 31 15 24 7 43 36 55 37 56 49 23 62 54 18 53 14 13 41 25 46 59 20 35 61 51 19 45 40 8 17
52 19 55 59 51 16 25 9 35 60 15 4 34 20 13 50 37 45 8 17 53 44 39 54 26 47 29 31 62 61 3 14 56 18 2 11 57 30 23 42 24 43 36 10 49 41 5 40 21 63 28 12 33 46 7 22 48 38 6 32 27 58 1
9 39 12 16 8 36 45 29 55 17 35 24 54 40 33 7 57 2 28 37 10 1 59 11 46 4 49 51 19 18 23 34 13 38 22 31 14 50 43 62 44 63 56 30 6 61 25 60 41 20 48 32 53 3 27 42 5 58 26 52 47 15 21
19 49 22 6 18 46 55 24 2 27 45 17 1 50 43 58 4 33 38 47 20 11 37 21 56 14 59 61 29 28 25 44 23 48 32 41 39 60 53 30 54 10 3 40 16 8 35 7 51 9 26 42 63 13 5 52 15 34 36 62 57 12 31
26 56 29 33 25 53 62 46 9 34 52 41 8 57 50 24 11 19 45 54 27 18 13 28 63 21 3 5 36 35 40 51 30 55 39 48 31 4 60 16 61 17 10 47 23 15 42 14 58 37 2 49 7 20 44 59 22 12 43 6 1 32 38
11 41 14 18 10 38 47 31 57 19 37 26 56 42 35 9 59 4 30 39 12 3 61 13 48 6 51 53 21 20 17 36 15 40 24 33 16 52 45 1 46 2 58 32 8 63 27 62 43 22 50 34 55 5 29 44 7 60 28 54 49 25 23
47 14 50 54 46 11 20 4 30 55 10 62 29 15 8 45 32 40 3 12 48 39 34 49 21 42 24 26 57 56 61 9 51 13 60 6 52 25 18 37 19 36 31 5 44 38 63 35 16 58 7 41 28 23 2 17 43 33 1 27 22 53 59
44 11 47 51 43 8 17 1 27 52 7 59 26 12 5 42 29 37 63 9 45 36 31 46 18 39 21 23 54 53 58 6 48 10 57 3 49 22 15 34 16 35 28 2 41 33 60 32 13 55 20 4 25 38 62 14 40 30 61 24 19 50 56
28 58 31 35 27 55 1 48 11 12 54 43 10 59 52 26 13 21 47 56 29 20 15 30 2 23 5 7 38 37 42 53 32 57 41 50 33 6 62 18 63 19 24 49 25 17 44 16 60 39 4 51 9 22 46 61 36 14 45 8 3 34 40
57 24 60 1 56 21 30 14 40 2 20 9 39 25 18 55 42 50 13 22 58 49 44 59 31 52 34 36 4 3 8 19 61 23 7 16 62 35 28 47 29 48 41 15 54 46 10 45 26 5 33 63 38 51 12 27 53 43 11 37 32 17 6
51 18 54 58 50 15 24 8 34 59 14 3 33 19 12 49 36 44 7 16 52 43 38 53 25 46 28 30 61 60 2 13 55 17 1 10 56 29 22 41 23 42 35 9 48 40 4 39 20 62 27 11 32 45 6 21 47 37 5 31 26 57 63
3 33 6 10 2 30 39 23 49 11 29 18 48 34 27 1 51 59 22 31 4 58 53 5 40 61 43 45 13 12 54 28 7 32 16 25 8 44 37 56 38 57 50 26 63 55 19 24 35 14 42 17 47 60 21 36 62 52 20 46 41 9 15
33 63 36 40 32 60 6 53 16 41 59 48 15 1 57 31 18 26 52 61 34 25 20 35 7 28 10 12 43 42 47 58 37 62 46 55 38 11 4 23 5 24 17 54 30 22 49 21 2 44 9 56 14 27 51 3 29 19 50 13 8 39 45
43 10 46 50 42 7 16 63 26 51 6 58 25 11 4 41 28 30 62 8 44 35 36 45 17 38 20 22 53 52 57 5 47 9 56 2 48 21 14 33 15 34 27 1 40 32 59 31 12 54 19 3 24 37 61 13 39 29 60 23 18 49 55
40 7 43 47 39 4 13 60 23 48 3 55 30 8 1 38 25 12 14 5 41 32 27 42 22 35 17 19 50 49 33 2 44 6 53 62 45 18 11 51 36 31 63 61 37 29 56 28 9 59 16 26 21 34 58 10 24 54 57 20 15 46 52
15 45 18 22 14 42 51 35 61 23 41 30 60 46 39 13 63 8 34 43 16 7 2 17 52 10 55 57 25 24 29 40 19 44 28 37 20 56 49 5 50 6 62 36 12 4 31 3 47 26 54 38 59 9 33 48 11 1 32 58 53 21 27
37 4 40 44 36 1 10 57 20 45 63 52 19 5 61 35 22 42 56 2 38 29 30 39 11 32 14 16 47 46 51 62 41 3 50 59 24 15 8 27 9 28 21 58 34 26 53 25 6 48 13 60 18 31 55 7 33 23 54 17 12 43 49
50 17 53 26 49 14 23 7 33 5 13 2 32 18 11 48 35 43 6 15 51 42 57 52 24 45 27 29 60 59 1 12 54 16 63 9 55 28 21 40 22 41 34 8 47 39 3 38 19 61 58 10 31 44 37 20 46 36 4 30 25 56 62
7 37 10 57 61 34 43 27 53 15 33 22 52 14 31 5 55 63 26 35 8 62 6 9 44 2 47 49 17 16 21 32 11 36 20 29 12 48 41 60 42 38 54 28 4 59 23 58 39 18 46 30 51 1 25 40 3 56 24 50 45 13 19
54 21 57 61 53 18 27 11 37 62 17 6 36 22 15 52 39 47 10 19 55 46 41 56 28 49 31 33 1 63 5 16 58 20 4 13 59 32 25 44 26 45 38 12 51 43 7 42 23 2 30 14 35 48 9 24 50 40 8 34 29 60 3
27 57 30 34 26 54 63 47 10 35 53 42 9 58 51 25 12 20 46 55 28 19 14 29 1 22 4 6 37 36 41 52 31 56 40 49 32 5 61 17 62 18 11 48 24 16 43 15 59 38 3 50 8 21 45 60 23 13 44 7 2 33 39
38 5 41 45 37 2 11 58 21 46 1 53 17 6 62 36 20 31 57 3 39 30 25 40 12 33 15 14 48 47 52 63 42 4 51 60 43 16 9 28 10 29 22 59 35 27 54 26 7 49 23 61 19 32 56 8 34 24 55 18 13 44 50
8 38 11 15 7 35 44 28 54 16 34 23 53 39 32 6 56 1 27 36 9 63 58 10 45 3 48 50 18 17 22 33 12 37 21 30 13 49 42 61 43 62 55 29 5 60 24 59 40 19 47 31 52 2 26 41 4 57 25 51 46 14 20
23 53 26 30 22 50 59 43 6 31 49 38 5 54 47 21 8 16 42 51 24 15 10 25 60 18 63 2 33 32 37 48 27 52 36 45 28 1 57 13 58 14 7 44 20 12 39 11 55 34 62 46 4 17 41 56 19 9 40 3 61 29 35
21 51 24 28 20 48 57 41 4 29 47 36 3 52 45 19 6 14 40 49 22 13 8 23 58 16 61 63 31 30 35 46 25 50 34 43 26 62 55 11 56 12 5 42 18 10 37 9 53 32 60 44 2 15 39 54 17 7 38 1 59 27 33
41 8 44 48 40 5 14 61 24 49 4 56 23 9 2 39 26 34 60 6 42 33 28 43 15 36 18 20 51 50 55 3 45 7 54 63 46 19 12 31 13 32 25 62 38 30 57 29 10 52 17 1 22 35 59 11 37 27 58 21 16 47 53
14 44 17 21 13 41 50 34 60 22 40 29 59 45 38 12 62 7 33 42 15 6 1 16 51 9 54 56 24 23 28 39 18 43 27 53 19 37 48 4 49 20 61 35 11 3 30 2 46 25 5 36 58 8 32 47 55 63 31 57 52 10 26
61 28 1 5 60 25 34 18 44 6 24 13 43 29 22 59 46 54 17 26 62 53 48 63 35 56 41 40 8 7 12 23 2 27 38 20 3 39 32 9 33 52 45 19 58 50 14 49 30 51 37 21 42 55 16 31 57 47 15 11 36 4 10
18 48 21 25 17 45 54 38 1 26 44 33 63 49 42 16 3 11 41 46 19 10 5 20 55 13 58 60 28 27 32 43 22 47 31 40 23 59 52 8 53 9 2 39 15 7 34 6 50 29 57 37 62 12 36 51 14 4 35 61 56 24 30
22 52 25 29 21 49 58 42 5 30 48 37 4 53 41 20 7 15 32 50 23 14 9 24 59 17 62 1 46 31 36 47 26 51 35 44 27 63 56 12 57 13 6 43 19 11 38 10 54 33 61 45 3 16 40 55 18 8 39 2 60 28 34
53 20 56 60 47 17 26 10 52 61 16 5 35 21 14 51 38 46 9 18 2 45 40 55 27 48 30 32 63 62 4 15 57 19 3 12 58 31 24 43 25 44 37 11 50 42 6 41 22 1 29 13 34 36 8 23 49 39 7 33 28 59 54
36 3 39 43 35 63 9 56 19 44 62 51 18 4 60 34 21 29 24 1 37 28 55 38 10 31 13 15 52 45 50 61 40 46 49 58 41 14 7 26 8 27 20 57 33 25 2 54 5 47 12 59 17 30 23 6 32 22 53 16 11 42 48
62 29 2 14 6 26 35 19 45 7 25 61 44 30 23 60 47 55 18 27 63 54 49 1 36 57 39 41 9 8 13 24 3 28 12 21 4 40 33 52 34 53 46 20 59 51 15 50 31 10 38 22 43 56 17 32 58 48 16 42 37 5 11
56 23 59 63 55 20 29 13 39 1 19 8 38 24 17 54 41 49 12 21 57 48 43 58 30 51 33 35 3 2 7 18 60 22 6 15 61 34 27 46 28 47 40 14 53 45 9 44 25 4 32 16 37 50 11 26 52 42 10 36 31 62 5
20 50 23 27 19 47 56 40 3 28 46 35 2 51 44 18 5 13 39 48 21 12 7 22 57 15 60 62 30 29 34 45 24 49 33 42 25 61 54 10 55 11 4 41 17 9 36 8 52 31 59 43 1 14 38 53 16 6 37 63 58 26 32
13 43 16 36 12 40 49 33 59 21 39 28 58 44 20 11 61 6 37 41 32 5 63 15 50 8 53 55 23 22 27 38 17 42 26 35 18 54 47 3 48 4 60 34 10 14 29 1 45 24 52 7 57 25 31 46 9 62 30 56 51 19 2
