99
100 100 61
99 99 21
98 98 93
97 97 29
96 96 1
95 95 81
94 94 25
93 93 54
92 92 80
91 91 79
90 90 52
89 89 4
88 88 20
87 87 16
86 86 21
85 85 71
84 84 95
83 83 40
82 82 41
81 81 78
80 80 98
79 79 79
78 78 65
77 77 13
76 76 96
75 75 29
74 74 41
73 73 99
72 72 36
71 71 81
70 70 42
69 69 4
68 68 58
67 67 22
66 66 53
65 65 11
64 64 51
63 63 31
62 62 76
61 61 66
60 60 77
59 59 72
58 58 98
57 57 61
56 56 63
55 55 72
54 54 66
53 53 30
52 52 63
51 51 1
50 50 23
48 49 2
47 47 99
46 46 71
45 45 42
44 44 86
43 43 69
42 42 44
41 41 61
40 40 96
39 39 71
38 38 34
37 37 49
36 36 51
35 35 55
34 34 60
33 33 56
32 32 79
31 31 59
30 30 69
29 29 50
28 28 76
27 27 36
26 26 30
25 25 94
24 24 60
23 23 44
22 22 11
21 21 92
20 20 25
19 19 8
18 18 52
17 17 100
16 16 59
15 15 23
14 14 56
13 13 7
12 12 6
11 11 3
10 10 78
9 9 92
8 8 68
7 7 13
6 6 52
5 5 95
4 4 74
3 3 50
2 2 27
1 1 64
