100
100 100 56
99 99 83
98 98 99
97 97 1
96 96 49
95 95 60
94 94 51
93 93 90
92 92 29
91 91 10
90 90 38
89 89 73
88 88 46
87 87 73
86 86 31
85 85 51
84 84 27
83 83 99
82 82 23
81 81 91
80 80 28
79 79 95
78 78 88
77 77 84
76 76 60
75 75 48
74 74 25
73 73 92
72 72 1
71 71 94
70 70 35
69 69 82
68 68 31
67 67 66
66 66 9
65 65 57
64 64 5
63 63 8
62 62 85
61 61 30
60 60 49
59 59 68
58 58 55
57 57 100
56 56 74
55 55 69
54 54 24
53 53 36
52 52 7
51 51 98
50 50 61
49 49 75
48 48 33
47 47 74
46 46 77
45 45 58
44 44 97
43 43 61
42 42 10
41 41 12
40 40 60
39 39 29
38 38 89
37 37 84
36 36 99
35 35 21
34 34 53
33 33 36
32 32 70
31 31 36
30 30 51
29 29 39
28 28 35
27 27 97
26 26 53
25 25 3
24 24 3
23 23 47
22 22 23
21 21 53
20 20 72
19 19 42
18 18 94
17 17 59
16 16 69
15 15 4
14 14 46
13 13 82
12 12 55
11 11 69
10 10 22
9 9 24
8 8 28
7 7 80
6 6 84
5 5 78
4 4 17
3 3 46
2 2 79
1 1 8
