63
63 63 1
62 62 41
61 61 15
60 60 60
59 59 43
58 58 51
57 57 17
56 56 57
55 55 35
54 54 14
53 53 56
52 52 15
51 51 44
50 50 53
49 49 14
48 48 7
47 47 18
46 46 45
45 45 58
44 44 40
43 43 16
42 42 22
41 41 47
40 40 47
39 39 49
38 38 15
37 37 38
36 36 26
35 35 9
34 34 8
33 33 60
32 32 6
31 31 48
30 30 38
29 29 3
28 28 48
27 27 41
26 26 13
25 25 37
24 24 7
23 23 8
22 22 56
21 21 20
20 20 37
19 19 16
18 18 62
17 17 9
16 16 54
15 15 16
14 14 48
13 13 8
12 12 43
11 11 5
10 10 30
9 9 27
8 8 31
7 7 7
6 6 40
5 5 54
4 4 23
3 3 48
2 2 14
1 1 52
63
63 63 3
62 62 27
61 61 32
60 60 43
59 59 54
58 58 40
57 57 19
56 56 52
55 55 17
54 54 9
53 53 23
52 52 45
51 51 63
50 50 20
49 49 8
48 48 16
47 47 8
46 46 60
45 45 48
44 44 59
43 43 63
42 42 32
41 41 16
40 40 24
39 39 38
38 38 30
37 37 63
36 36 51
35 35 58
34 34 14
33 33 16
32 32 52
31 31 26
30 30 19
29 29 63
28 28 45
27 27 39
26 26 28
25 25 48
24 24 33
23 23 25
22 22 35
21 21 60
20 20 14
19 19 37
18 18 63
17 17 17
16 16 23
15 15 10
14 14 39
13 13 47
12 12 12
11 11 27
10 10 43
9 9 29
8 8 40
7 7 3
6 6 33
5 5 16
4 4 63
3 3 43
2 2 43
1 1 61
