83
98 1 73
97 1 73
96 1 73
95 1 73
94 1 73
93 1 73
91 1 73
90 1 73
89 1 73
87 1 73
86 1 73
85 1 73
84 1 73
83 1 73
82 1 73
81 1 73
80 1 73
79 1 73
78 1 73
77 1 73
76 1 73
75 1 73
74 1 73
72 1 73
71 1 73
70 1 73
69 1 73
68 1 73
67 1 73
66 1 73
65 1 73
64 1 73
63 1 73
62 1 73
60 1 73
59 1 73
58 1 73
57 1 73
56 1 73
55 1 73
54 1 73
53 1 73
52 1 73
50 1 73
47 1 73
46 1 73
45 1 73
44 1 73
43 1 73
42 1 73
41 1 73
40 1 73
39 1 73
38 1 73
36 1 73
35 1 73
34 1 73
33 1 73
32 1 73
31 1 73
30 1 73
29 1 73
28 1 73
27 1 73
26 1 73
23 1 73
22 1 73
21 1 73
20 1 73
18 1 73
17 1 73
16 1 73
15 1 73
14 1 73
12 1 73
11 1 73
10 1 73
9 1 73
8 1 73
6 1 73
4 1 73
3 1 73
1 1 73
