1
100
3 18 8 11 4 88 75 91 54 5 92 19 50 43 53 86 12 67 71 100 60 10 7 89 14 47 15 27 20 51 79 98 1 61 99 28 38 66 81 94 34 85 84 96 80 23 52 62 55 74 40 65 82 68 95 69 56 39 26 46 42 93 41 6 21 48 37 90 76 97 36 17 57 16 30 63 45 59 70 29 9 22 31 73 83 35 33 24 44 25 13 72 64 87 32 77 2 58 49 78
46 61 51 54 47 31 18 34 97 48 35 32 93 86 96 29 55 10 14 43 3 53 50 2 57 90 58 70 63 94 22 41 44 4 42 71 81 9 24 37 77 28 27 39 23 66 95 5 98 17 83 8 25 11 38 12 99 82 69 89 85 36 84 49 64 91 80 33 19 16 79 60 100 62 73 6 88 40 13 72 52 65 74 59 26 78 76 67 87 68 56 15 7 30 75 20 45 1 92 21
80 95 85 88 81 65 52 68 31 82 69 96 27 20 30 63 89 44 48 77 37 87 84 66 91 24 92 4 97 28 56 75 78 38 76 5 15 43 58 71 11 62 61 73 57 100 29 39 32 51 17 42 59 45 72 46 33 16 3 23 19 70 18 83 98 25 14 67 53 93 13 94 34 36 7 40 22 74 47 6 86 99 8 50 60 12 10 1 21 2 90 49 41 64 9 54 79 35 26 55
35 50 40 43 36 20 7 23 86 37 24 51 82 75 85 18 44 99 3 32 92 42 39 21 46 79 47 59 52 83 11 30 33 93 31 60 70 98 13 26 66 17 16 28 12 55 84 94 87 6 72 97 14 100 27 1 69 71 10 78 74 25 73 38 53 80 58 22 8 48 68 49 89 91 62 95 77 29 2 61 41 54 63 5 15 67 65 56 76 57 45 4 96 19 64 9 34 90 81 88
22 37 27 30 23 7 94 10 73 24 11 38 69 62 72 5 31 86 90 19 79 29 26 8 33 66 34 6 39 70 98 17 20 80 18 47 57 85 100 13 53 4 3 15 99 88 71 81 74 93 59 84 1 87 14 42 75 58 45 65 61 12 60 25 40 67 56 9 95 35 55 36 76 78 49 82 64 16 89 48 28 41 50 92 2 54 52 43 63 44 32 91 83 46 51 96 21 77 68 97
60 75 65 68 61 16 32 48 11 62 49 76 7 100 10 43 69 24 28 57 17 67 64 46 71 4 72 84 77 8 36 55 58 18 56 85 95 23 38 51 91 42 41 53 37 80 9 19 12 31 97 22 39 25 52 26 13 96 83 3 99 50 98 63 78 5 94 47 33 73 93 74 14 45 87 20 2 54 27 86 66 79 88 30 40 92 90 81 1 82 70 29 21 44 89 34 59 15 6 35
34 49 39 42 35 19 6 22 85 36 23 50 81 74 84 17 43 98 2 31 91 41 38 20 45 78 46 58 51 82 10 29 32 92 30 59 69 97 12 25 65 16 15 27 11 54 83 93 86 5 71 96 13 99 26 100 87 70 57 77 73 24 72 37 52 79 68 21 7 47 67 48 88 90 61 94 76 28 1 60 40 53 62 4 14 66 64 55 75 56 44 3 95 18 63 8 33 89 80 9
1 16 6 9 2 86 73 89 52 3 90 17 48 41 51 84 10 65 69 98 58 8 5 87 12 45 13 25 18 49 77 96 99 59 97 26 36 64 79 92 32 83 82 94 78 21 50 60 53 72 38 63 80 66 93 67 54 37 24 44 40 91 39 4 19 46 35 88 74 14 34 15 55 57 28 61 43 95 68 27 7 20 29 71 81 33 31 22 42 23 11 70 62 85 30 75 100 56 47 76
94 9 99 2 95 79 66 82 45 96 83 10 41 34 44 77 3 58 62 91 51 1 98 80 5 38 6 18 11 42 70 89 92 52 90 19 29 57 72 85 25 76 75 87 71 14 43 53 46 65 31 56 73 59 86 60 47 30 17 37 33 84 32 97 12 39 28 81 67 7 27 8 48 50 21 54 36 88 61 20 100 13 22 64 74 26 24 15 35 16 4 63 55 78 23 68 93 49 40 69
8 23 13 16 93 61 80 96 59 10 97 24 55 48 58 91 17 72 76 85 45 15 12 94 1 52 20 32 65 56 84 3 6 66 4 33 43 71 86 99 39 90 89 37 25 28 57 67 60 79 5 70 87 73 100 74 29 44 31 51 47 98 46 11 26 53 42 95 81 21 41 22 62 64 35 68 50 2 75 34 14 27 36 78 88 40 38 9 49 30 18 77 69 92 19 82 7 63 54 83
17 32 22 25 18 2 89 5 68 19 6 33 64 57 67 100 26 81 85 14 74 24 21 3 28 61 29 41 34 65 93 12 79 75 13 42 52 80 95 8 48 99 98 10 94 37 66 76 69 88 54 15 96 82 9 83 70 53 40 60 56 7 55 20 35 62 51 4 90 30 50 31 71 73 44 77 59 11 84 43 23 36 45 87 97 49 47 38 58 39 27 86 78 1 46 91 16 72 63 92
30 45 35 38 31 15 2 18 81 32 19 46 77 70 80 13 39 94 98 27 87 37 34 16 41 74 42 54 47 78 6 25 28 88 26 55 65 93 8 21 61 12 11 23 7 50 79 89 82 1 67 92 9 95 22 96 83 66 53 73 69 20 68 33 48 75 64 17 3 43 63 44 84 86 57 90 72 24 97 56 36 49 58 100 10 62 60 51 71 52 40 99 91 14 59 4 29 85 76 5
59 74 64 67 60 44 31 47 10 61 48 75 6 99 9 42 68 23 27 56 16 66 63 45 70 3 71 83 76 7 35 54 57 17 55 84 94 22 37 50 90 41 40 52 36 79 8 18 11 30 96 21 38 24 51 25 12 95 82 2 98 49 97 62 77 4 93 46 32 72 92 73 13 15 86 19 1 53 26 85 65 78 87 29 39 91 89 80 100 81 69 28 20 43 88 33 58 14 5 34
5 20 10 13 6 90 77 93 56 7 94 21 52 45 55 88 14 69 73 2 62 12 9 91 16 49 17 29 22 53 81 100 3 63 1 30 40 68 83 96 36 87 86 98 82 25 54 64 57 76 42 67 84 70 97 71 58 41 28 48 44 95 43 8 23 50 39 92 78 18 38 19 59 61 32 65 47 99 72 31 11 24 33 75 85 37 35 26 46 27 15 74 66 89 34 79 4 60 51 80
18 33 23 26 19 3 90 6 69 20 7 34 65 58 68 1 27 82 86 15 75 25 22 4 29 62 30 42 35 66 94 13 16 76 14 43 53 81 96 9 49 100 99 11 95 38 67 77 70 89 55 80 97 83 10 84 71 54 41 61 57 8 56 21 36 63 52 5 91 31 51 32 72 74 45 78 60 12 85 44 24 37 46 88 98 50 48 39 59 40 28 87 79 2 47 92 17 73 64 93
33 48 38 41 34 18 5 21 84 35 22 49 80 73 31 16 42 97 1 30 90 40 37 19 44 77 45 57 50 81 9 28 95 91 29 58 68 96 11 24 64 15 14 26 10 53 82 92 85 4 70 83 12 98 25 99 86 69 56 76 72 23 71 36 51 78 67 20 6 46 66 47 87 89 60 93 75 27 100 59 39 52 61 3 13 65 63 54 74 55 43 2 94 17 62 7 32 88 79 8
4 19 9 12 5 89 76 92 55 6 93 20 51 44 54 87 13 68 72 1 61 11 8 90 15 48 16 28 21 52 80 99 2 62 100 29 39 67 82 95 35 86 85 97 81 24 53 63 56 75 41 66 83 69 96 70 73 40 27 47 43 94 42 7 22 49 38 91 77 17 37 18 58 60 31 64 46 98 71 30 10 23 32 74 84 36 34 25 45 26 14 57 65 88 33 78 3 59 50 79
78 93 83 86 79 63 50 66 62 80 67 94 25 18 28 61 87 42 46 75 35 85 82 64 89 22 90 2 95 26 54 73 76 36 74 3 13 41 56 69 9 60 59 71 55 98 27 37 30 49 15 40 57 43 70 44 31 14 1 21 17 68 16 81 96 23 12 65 51 91 11 92 32 34 5 38 20 72 45 4 84 97 6 48 58 10 8 99 19 100 88 47 39 62 7 52 77 33 24 53
2 17 7 10 3 87 74 90 53 4 91 18 49 42 52 85 11 66 70 99 59 9 6 88 13 46 14 26 19 50 78 97 100 60 98 27 37 65 80 93 33 84 83 95 79 22 51 61 54 73 39 64 81 67 94 68 55 38 25 45 41 92 40 5 20 47 36 89 75 15 35 16 56 58 29 62 44 96 69 28 8 21 30 72 82 34 32 23 43 24 12 71 63 86 31 76 1 57 48 77
69 84 74 77 70 54 41 57 20 71 58 85 16 9 19 52 78 33 37 66 26 76 73 55 80 13 81 93 86 17 45 64 67 27 65 94 4 32 47 60 100 51 50 62 46 89 18 28 21 40 6 31 48 34 61 35 22 5 92 12 8 59 7 72 87 14 3 56 42 82 2 83 23 25 96 29 11 63 36 95 75 88 97 39 49 1 99 90 10 91 79 38 30 53 98 43 68 24 15 44
92 7 97 100 77 85 64 80 43 94 81 8 39 32 42 75 1 56 60 89 49 99 96 78 3 36 4 16 9 40 68 87 90 50 88 17 27 55 70 83 23 74 73 93 69 12 41 51 44 63 29 54 71 57 84 58 45 28 15 35 31 82 30 95 10 37 26 79 65 5 25 6 46 48 19 52 34 86 59 18 98 11 20 62 72 24 22 13 33 14 2 61 53 76 21 66 91 47 38 67
11 26 16 19 12 96 83 99 62 13 100 27 58 51 61 94 20 75 79 8 68 18 15 97 22 55 23 35 28 59 87 6 9 69 7 36 46 74 89 2 42 93 92 4 88 31 60 70 63 82 48 73 90 76 3 77 64 47 34 54 50 1 49 14 29 56 45 98 84 24 44 25 65 67 38 71 53 5 78 37 17 30 39 81 91 43 41 32 52 33 21 80 72 95 40 85 10 66 57 86
67 82 72 75 68 52 39 55 18 69 56 83 14 7 17 50 76 31 35 64 24 74 71 53 78 11 79 91 84 15 43 62 65 25 63 92 2 30 45 58 98 49 48 60 44 87 16 26 19 38 4 29 46 32 59 33 20 3 90 10 6 57 5 70 85 12 1 54 40 80 100 81 21 23 94 41 9 61 34 93 73 86 95 37 47 99 97 88 8 89 77 36 28 51 96 41 66 22 13 42
97 12 2 5 98 82 69 85 48 99 86 13 44 37 47 80 6 61 65 94 54 4 1 83 8 41 9 21 14 45 73 92 39 55 93 22 32 60 75 88 28 79 78 90 74 17 46 56 49 68 34 59 76 62 89 63 50 33 20 40 36 87 35 100 15 42 31 84 70 10 30 11 51 53 24 57 91 43 64 23 3 16 25 67 77 29 27 18 38 19 7 66 58 81 26 71 96 52 95 72
77 92 82 85 78 62 49 65 28 79 66 93 24 17 27 60 86 41 45 74 34 84 81 63 88 21 89 1 94 25 53 72 75 35 73 2 12 38 55 68 8 59 58 70 54 97 26 36 29 48 14 39 56 42 69 43 30 13 100 20 16 67 15 80 95 22 11 64 50 90 10 91 31 33 4 37 19 71 44 3 83 96 5 47 57 9 7 98 18 99 87 46 38 61 6 51 76 32 23 52
45 60 50 53 46 30 17 33 96 47 34 61 92 85 95 28 54 9 13 65 2 52 49 31 56 89 57 69 62 93 21 40 43 3 41 70 80 8 23 36 76 27 26 38 22 42 94 4 97 16 82 7 24 10 37 11 98 81 68 88 84 35 83 48 63 90 79 32 18 58 78 59 99 1 72 5 87 39 12 71 51 64 73 15 25 77 75 66 86 67 55 14 6 29 74 19 44 100 91 20
73 88 78 81 74 58 45 61 24 75 62 89 20 13 23 56 82 37 41 70 30 80 77 59 84 17 85 97 90 21 49 68 71 31 69 98 8 36 51 64 4 55 54 66 50 93 22 32 25 44 10 35 52 38 65 39 26 9 96 16 12 63 11 76 91 18 7 60 46 86 6 87 27 29 100 33 15 67 40 99 79 92 1 43 53 5 3 94 14 95 83 42 34 57 2 47 72 28 19 48
82 97 87 90 83 67 54 70 33 84 71 98 29 22 32 65 91 6 50 79 39 89 86 68 93 26 94 46 99 30 58 77 80 40 78 7 17 45 60 73 13 64 63 75 59 2 31 41 34 53 19 44 61 47 74 48 35 18 5 25 21 72 20 85 100 27 16 69 55 95 15 96 36 38 9 42 24 76 49 8 88 1 10 52 62 14 12 3 23 4 92 51 43 66 11 56 81 37 28 57
56 71 61 64 57 41 28 44 7 58 45 72 3 96 6 39 65 20 24 53 13 63 60 42 67 100 68 80 73 4 32 51 54 14 52 81 91 19 34 47 87 38 37 49 33 76 5 15 8 27 93 18 35 21 48 22 9 92 79 99 95 46 94 59 74 1 90 43 29 69 89 70 10 12 83 16 98 50 23 82 62 75 84 26 36 88 86 77 97 78 66 25 17 40 85 30 55 11 2 31
32 47 37 40 33 17 4 20 83 34 57 48 79 72 82 15 41 96 100 29 89 39 36 18 43 76 44 56 49 80 8 27 30 90 28 21 67 95 10 23 63 14 13 25 9 52 81 91 84 3 88 94 11 97 24 98 85 68 55 75 71 22 70 35 50 77 66 19 5 45 65 46 86 69 59 92 74 26 99 58 38 51 60 2 12 64 62 53 73 54 42 1 93 16 61 6 31 87 78 7
96 11 1 4 97 81 68 84 47 98 21 12 43 36 46 79 5 60 64 93 53 3 100 82 7 40 8 20 13 44 72 91 94 54 92 89 31 59 74 87 27 78 77 85 73 16 45 55 48 67 33 58 75 61 88 62 49 32 19 39 35 86 34 99 14 41 30 83 69 9 29 10 50 52 23 56 38 90 63 22 2 15 24 66 76 28 26 17 37 18 6 65 57 80 25 70 95 51 42 71
52 67 57 60 53 37 24 40 3 54 41 68 99 92 2 35 61 16 20 49 9 59 56 38 63 96 64 76 69 100 28 47 50 10 48 77 87 15 30 43 83 34 33 45 29 72 1 11 4 23 89 14 31 17 44 18 5 88 75 95 91 42 90 55 70 97 86 39 25 65 21 66 6 8 79 12 94 46 19 78 58 71 80 22 32 84 82 85 93 74 62 73 13 36 81 26 51 7 98 27
51 66 56 59 52 36 23 39 2 53 40 67 98 91 1 34 60 15 19 48 8 58 55 37 62 95 63 75 68 99 27 46 49 9 47 76 86 14 29 42 82 33 32 44 28 71 100 10 3 22 69 13 30 16 43 17 88 87 74 84 90 41 89 54 4 96 85 38 24 64 94 65 5 7 78 11 93 45 18 77 57 70 79 21 31 83 81 72 92 73 61 20 12 35 80 25 50 6 97 26
44 59 49 52 45 53 16 32 95 46 33 60 91 84 94 27 37 8 12 41 29 51 48 30 55 88 56 68 61 92 20 39 42 2 40 69 79 7 22 35 75 26 25 1 21 64 93 3 96 15 81 6 23 9 36 10 97 80 67 87 83 34 82 47 62 89 78 31 17 57 77 58 98 100 71 4 86 38 11 70 50 63 72 14 24 76 74 65 85 66 54 13 5 28 73 18 43 99 90 19
57 72 62 65 58 42 29 45 8 59 46 73 4 97 7 40 66 21 25 54 14 64 61 43 68 1 69 81 74 5 33 52 55 15 53 82 92 20 35 48 88 39 38 50 34 77 6 16 9 28 94 19 36 22 49 23 10 93 80 100 96 47 95 60 75 2 91 44 30 70 90 71 11 13 84 17 99 51 24 83 63 76 85 27 37 89 87 78 98 79 67 26 18 41 86 31 56 12 3 32
91 6 96 99 92 76 63 79 42 93 80 7 38 31 41 74 100 55 59 88 48 98 95 77 2 35 3 15 8 39 67 86 89 49 87 16 26 54 69 82 22 73 72 84 68 11 40 50 43 62 28 53 70 56 83 57 44 27 14 34 30 81 29 94 9 36 25 78 64 4 24 5 45 47 18 51 33 85 58 17 97 10 19 61 71 23 21 12 32 13 1 60 52 75 20 65 90 46 37 66
68 83 25 76 69 73 40 56 19 70 53 84 15 8 18 51 77 32 36 42 5 75 72 54 79 12 80 92 85 16 44 63 66 26 64 93 3 31 46 59 99 50 49 61 45 65 17 27 20 39 57 30 47 33 60 34 21 4 91 11 7 58 6 71 86 13 2 55 41 81 1 82 22 24 95 28 10 62 35 94 74 87 96 38 48 100 98 89 9 90 78 37 29 52 97 88 67 23 14 43
38 53 43 46 39 23 10 26 89 40 27 54 85 78 88 21 47 2 6 35 95 45 42 24 49 82 50 62 55 86 14 33 36 96 34 63 73 1 16 29 69 20 19 31 15 58 87 97 90 9 75 100 17 3 30 4 91 74 61 81 77 28 76 41 56 83 72 25 11 51 71 52 92 94 65 98 80 32 5 64 44 57 66 8 18 70 68 59 79 60 48 7 99 22 67 12 37 93 84 13
28 43 33 36 29 13 100 16 79 30 17 44 75 68 78 11 53 92 96 25 85 35 32 14 39 72 40 52 45 76 4 23 26 86 24 57 63 91 6 19 59 10 9 21 5 48 77 87 80 99 65 90 7 93 20 94 81 64 51 71 67 18 66 31 46 73 62 15 1 41 61 42 82 84 55 88 70 22 95 54 34 47 56 98 8 60 58 49 69 50 38 97 89 12 37 2 27 83 74 3
14 29 19 22 15 99 86 2 65 16 3 30 61 54 64 97 23 78 82 11 71 21 18 100 25 58 88 38 31 62 90 9 12 72 10 39 49 77 92 5 45 96 95 7 91 34 63 73 66 85 51 76 93 79 6 80 67 98 37 57 53 4 52 17 32 59 48 1 87 27 47 28 68 70 41 74 56 8 81 40 20 33 42 84 94 46 44 35 55 36 24 83 75 26 43 50 13 69 60 89
74 89 79 82 75 59 46 62 25 76 63 90 21 14 24 57 83 38 42 71 31 81 78 60 85 18 86 98 91 22 50 69 72 32 70 99 9 37 52 65 5 56 55 67 51 94 23 33 26 45 11 36 53 39 66 40 27 10 97 17 13 64 12 77 92 19 8 61 47 87 7 88 28 30 1 34 16 68 41 100 80 93 2 44 54 6 4 95 15 96 84 43 35 58 3 48 73 29 20 49
16 31 21 24 17 1 88 4 67 18 5 22 63 56 66 99 25 80 84 13 73 23 20 32 27 60 28 40 33 34 92 11 14 74 57 41 51 79 64 7 47 98 97 9 93 36 65 75 68 87 53 78 95 81 8 82 39 52 94 59 55 6 54 19 69 61 50 3 89 29 49 30 70 72 43 76 58 10 83 42 12 35 44 86 96 48 46 38 2 38 26 85 77 100 45 90 15 71 62 91
66 81 71 74 67 51 38 54 17 68 55 82 13 6 16 49 75 30 34 63 23 73 70 52 77 10 78 90 83 14 42 61 64 24 62 91 1 29 44 57 97 48 47 59 43 86 15 25 18 37 3 28 45 31 58 32 19 2 89 9 5 56 4 69 84 11 100 53 39 79 99 80 20 22 93 26 8 60 33 92 72 85 94 36 46 98 96 87 7 88 76 35 27 50 95 40 65 21 12 41
43 58 48 51 44 28 15 31 94 45 32 59 90 83 93 26 52 7 11 40 100 50 47 29 54 87 55 67 60 91 19 38 41 1 39 68 78 6 21 34 74 25 24 36 20 63 92 2 95 14 80 5 22 8 35 9 96 79 66 86 82 33 81 46 61 88 77 30 16 56 76 57 97 99 70 3 85 37 10 69 49 62 71 13 23 75 73 64 84 65 53 12 4 27 72 17 42 98 89 18
29 44 34 37 30 14 1 17 80 31 18 45 76 69 91 12 38 93 97 26 86 36 33 15 40 73 41 53 46 77 5 24 27 87 25 54 64 92 7 20 60 11 10 22 6 49 78 88 81 100 66 79 8 94 21 95 82 65 52 72 68 19 67 32 47 74 63 16 2 42 62 43 83 85 56 89 71 23 96 55 35 48 57 99 9 61 59 50 70 51 39 98 90 13 58 3 28 84 75 4
7 22 12 15 8 92 79 95 58 9 96 23 54 47 57 90 16 71 75 4 64 14 11 93 18 51 19 31 24 55 83 2 5 65 3 32 42 70 85 98 38 89 88 100 84 27 56 66 59 78 44 69 86 72 99 73 60 43 30 50 46 97 45 10 25 52 41 94 80 20 40 21 61 63 34 67 49 1 74 33 13 26 35 77 87 39 37 28 48 29 17 76 68 91 36 81 6 62 53 82
23 38 28 31 24 8 95 11 74 25 12 39 70 63 73 6 32 87 91 20 80 30 27 9 34 67 35 47 40 71 99 18 21 81 19 48 58 86 1 14 54 5 4 16 100 43 72 82 75 94 60 85 2 88 15 89 76 59 46 66 62 13 61 26 41 68 57 10 96 36 56 37 77 79 50 83 65 17 90 49 29 42 51 93 3 55 53 44 64 45 33 92 84 7 52 97 22 78 69 98
81 96 86 89 82 66 53 69 32 83 70 97 28 21 79 64 90 45 49 78 38 88 85 67 92 25 93 5 98 29 57 76 31 39 77 6 16 44 59 72 12 63 62 74 58 1 30 40 33 52 18 43 60 46 73 47 34 17 4 94 20 71 19 24 99 26 15 68 54 84 14 95 35 37 8 41 23 75 48 7 87 100 9 51 61 13 11 2 22 3 91 50 42 65 10 55 80 36 27 56
27 42 32 35 28 12 99 15 78 29 16 43 74 67 77 10 36 91 95 24 84 34 31 13 38 71 39 51 44 75 3 22 25 85 23 52 62 90 5 18 58 9 8 20 4 47 76 86 79 98 64 89 6 92 19 93 80 63 50 70 66 17 65 30 45 72 61 14 100 40 60 41 81 83 54 87 69 21 94 53 33 46 55 97 7 59 57 48 68 49 37 96 88 11 56 1 26 82 73 2
89 4 94 97 90 74 61 77 40 91 78 5 36 29 39 72 98 53 57 86 46 96 93 75 100 33 1 13 6 37 65 84 87 47 85 14 24 52 67 80 20 71 70 82 66 9 38 48 41 60 26 51 68 54 81 55 42 25 12 32 28 79 27 92 7 34 23 76 62 2 22 3 43 59 16 49 31 83 56 15 95 8 17 45 69 21 19 10 30 11 99 58 50 73 18 63 88 44 35 64
21 36 26 29 22 6 93 9 72 23 10 37 68 61 71 24 30 85 89 18 78 28 25 7 32 65 33 45 38 69 97 16 83 79 17 46 56 4 99 12 52 19 2 14 98 41 70 80 73 92 58 3 100 86 13 87 74 57 44 64 60 11 59 84 39 66 55 8 94 34 54 35 75 77 48 81 63 15 88 47 27 40 49 91 1 53 51 42 62 43 31 90 82 5 50 95 20 76 67 96
20 35 73 28 21 5 92 8 71 22 9 36 67 60 70 3 29 84 88 17 77 27 24 6 31 64 32 44 37 68 96 15 18 78 16 45 55 83 98 11 51 2 1 13 97 40 69 79 72 91 25 82 99 85 12 86 57 56 43 63 59 10 58 23 38 65 54 7 93 33 53 34 74 76 47 80 62 14 87 46 26 39 48 90 100 52 50 41 61 42 30 89 81 4 49 94 19 75 66 95
86 1 91 94 87 71 58 74 37 88 75 2 33 26 36 69 95 50 54 83 43 93 90 72 97 30 98 10 3 64 62 81 84 44 82 11 21 49 39 77 17 68 67 79 63 6 35 45 38 57 23 48 65 51 78 52 4 22 9 29 25 76 24 89 34 31 20 73 59 99 19 100 40 42 13 46 28 80 53 12 92 5 14 56 66 18 16 7 27 8 96 55 47 70 15 60 85 41 32 61
85 100 90 93 86 70 57 73 36 87 74 1 32 25 35 68 94 49 53 82 42 92 89 71 96 29 97 9 2 33 61 80 15 43 81 10 20 48 63 76 16 67 66 78 62 5 34 44 37 56 22 47 64 50 77 51 38 21 8 28 24 75 23 88 3 30 19 72 58 98 18 99 39 41 12 45 27 79 52 11 91 4 13 55 65 17 83 6 26 7 95 54 46 69 14 59 84 40 31 60
50 65 55 58 51 35 22 38 1 52 39 66 97 90 100 33 59 14 18 10 7 57 54 36 61 94 62 74 67 98 26 45 48 8 46 75 85 13 28 41 81 32 31 43 27 70 99 9 2 21 87 12 29 15 42 16 3 86 73 93 89 40 88 53 68 95 84 37 23 63 83 64 4 6 77 47 92 44 17 76 56 69 78 20 30 82 80 71 91 72 60 19 11 34 79 24 49 5 96 25
15 30 20 23 16 100 87 3 66 17 4 31 62 55 65 98 24 79 83 12 72 22 19 1 26 59 27 39 32 63 91 10 13 8 11 40 50 78 93 6 46 97 96 8 92 35 64 74 67 86 52 77 94 80 7 81 68 51 38 58 54 42 53 18 33 60 49 2 88 28 48 29 69 71 42 75 57 9 82 41 21 34 43 85 95 47 45 36 56 37 25 84 76 99 44 89 14 70 61 90
84 99 89 92 85 69 56 72 35 86 73 100 31 24 34 67 93 48 52 81 41 91 88 70 95 28 96 8 1 32 60 79 82 42 80 9 19 47 62 75 15 66 65 77 61 4 33 43 36 55 21 46 63 49 76 50 37 20 7 27 23 74 22 87 2 29 18 71 57 78 17 98 38 40 11 44 26 97 51 10 90 3 12 54 64 16 14 5 25 6 94 53 45 68 13 58 83 39 30 59
26 41 31 34 27 11 98 14 77 28 15 42 73 66 76 9 35 90 94 23 83 33 30 12 37 70 38 50 43 74 2 21 24 84 22 51 61 89 4 17 57 8 7 19 3 46 75 85 78 97 63 88 5 91 18 92 79 62 49 69 65 16 64 29 44 71 60 13 99 39 59 40 80 82 53 86 68 20 93 52 32 45 54 96 6 58 56 47 67 48 36 95 87 10 55 100 25 81 72 1
55 70 60 63 56 40 27 43 6 57 44 71 2 95 5 38 64 19 23 52 12 62 59 41 66 99 67 79 72 3 31 50 53 13 51 80 90 18 33 46 86 37 36 48 32 75 4 14 7 26 92 17 34 20 47 21 8 91 78 98 94 45 93 58 73 100 89 42 28 68 88 69 9 11 82 15 97 49 22 81 61 74 83 25 35 87 85 76 96 77 65 24 16 39 84 29 54 10 1 30
83 98 88 91 84 68 55 71 34 85 72 99 30 23 33 66 92 47 51 80 40 90 87 69 94 27 95 7 100 31 59 78 81 41 79 8 18 46 61 74 14 65 64 76 60 3 32 42 35 54 20 45 62 48 75 49 36 19 6 26 22 73 21 86 1 28 17 70 56 96 16 97 37 39 10 43 25 77 50 9 89 2 11 53 63 15 13 4 24 5 93 52 44 67 12 57 82 38 29 58
49 64 54 57 50 34 21 37 100 51 38 65 96 89 99 32 58 13 17 46 6 56 53 35 60 93 61 73 66 97 25 44 47 7 45 74 84 12 27 40 80 91 30 42 26 69 98 8 1 20 86 11 28 14 41 15 2 85 72 92 88 39 87 52 67 94 83 36 22 62 82 63 3 5 76 9 95 31 16 75 55 68 77 19 29 81 79 70 90 71 59 18 10 33 78 23 48 4 43 24
53 68 58 61 54 38 25 41 4 55 42 69 100 93 3 36 62 17 21 50 10 60 57 39 64 97 65 77 70 1 29 48 51 11 49 78 88 16 31 44 84 35 34 46 30 73 2 12 5 24 90 95 32 18 45 19 6 89 76 96 92 43 91 56 71 98 87 40 26 66 86 67 7 9 80 13 83 47 20 79 59 72 81 23 33 85 15 74 94 75 63 22 14 37 82 27 52 8 99 28
65 80 70 73 66 50 37 53 16 67 54 81 12 5 15 48 74 29 33 62 22 72 69 51 76 9 77 89 82 13 41 60 63 23 61 90 100 28 43 56 96 47 46 58 42 85 14 24 17 36 2 27 44 30 57 31 18 1 88 8 4 55 3 68 83 10 99 52 38 59 98 79 19 21 92 25 7 78 32 91 71 84 93 35 45 97 95 86 6 87 75 34 26 49 94 39 64 20 11 40
100 15 5 8 1 93 72 88 51 2 85 16 47 40 50 83 9 64 68 97 57 7 4 86 11 44 12 24 17 48 76 95 98 58 96 25 35 63 78 91 31 82 81 89 77 20 49 59 52 71 37 62 79 65 92 66 53 36 23 43 39 90 38 3 18 45 34 87 73 13 33 14 54 56 27 60 42 94 67 26 6 19 28 70 80 32 30 21 41 22 10 69 61 84 29 74 99 55 46 75
54 69 59 62 55 39 26 42 5 56 43 70 1 94 4 37 63 18 22 51 11 61 58 40 65 98 66 78 71 2 30 49 52 12 50 79 89 17 32 45 85 36 35 47 31 74 3 13 6 25 91 16 33 19 46 20 7 90 77 97 93 44 92 57 72 99 88 41 27 67 87 68 8 10 81 14 96 48 21 80 60 73 82 24 34 86 84 75 95 76 64 23 15 38 83 28 53 9 100 29
70 85 75 78 71 55 42 58 21 72 59 86 17 10 20 53 79 34 38 67 27 77 74 56 81 14 82 94 87 18 46 65 68 28 66 95 5 33 48 61 1 52 51 63 47 90 19 29 22 41 7 32 49 35 62 36 23 6 93 13 9 60 8 73 88 15 4 57 43 83 3 84 24 26 97 30 12 64 37 96 76 89 98 40 50 2 100 91 11 92 80 39 31 54 99 44 69 25 16 45
63 78 68 71 64 48 35 51 14 65 52 79 10 3 13 46 72 27 31 60 20 70 67 49 74 7 75 87 80 11 39 58 61 21 59 88 98 26 41 54 94 45 44 56 40 83 12 22 15 34 100 25 42 28 55 29 16 99 86 6 2 53 1 66 81 8 97 50 36 76 96 77 17 19 90 23 5 57 30 89 69 82 91 33 43 95 93 84 4 85 73 32 24 47 92 37 62 18 9 38
39 54 44 47 40 24 11 27 90 41 28 55 86 79 89 22 48 3 7 36 96 46 43 25 50 83 51 63 56 87 15 34 37 97 35 64 74 2 17 30 70 21 20 32 16 59 88 98 91 10 76 1 18 4 31 5 92 75 62 82 78 29 77 42 57 84 73 26 12 52 72 53 93 95 66 99 81 33 6 65 45 58 67 9 19 71 69 60 80 61 49 8 100 23 68 13 38 94 85 14
58 73 63 66 59 43 30 46 9 60 47 74 5 98 8 41 67 22 26 55 15 65 62 44 69 2 70 82 75 6 34 53 56 16 54 83 93 21 36 49 89 40 39 51 35 78 7 17 10 29 95 20 37 23 50 24 11 94 81 1 97 48 96 61 76 3 92 45 31 71 91 72 12 14 85 18 100 52 25 84 64 77 86 28 38 90 88 79 99 80 68 27 19 42 87 32 57 13 4 33
9 24 14 17 10 94 81 97 60 11 98 25 56 49 59 92 18 73 77 6 66 16 13 95 20 53 21 33 26 57 85 4 7 67 5 34 44 72 87 100 40 3 90 2 86 29 58 68 61 80 46 71 88 74 1 75 62 45 32 52 48 99 47 12 27 54 43 96 82 22 42 23 63 65 36 69 51 91 76 35 15 28 37 79 89 41 39 30 50 31 19 78 70 93 38 83 8 64 55 84
64 79 69 72 65 49 36 52 15 66 89 80 11 4 14 47 73 28 32 61 21 71 68 50 75 8 76 88 81 12 40 59 62 22 60 53 99 27 42 55 95 46 45 57 41 84 13 23 16 35 1 26 43 29 56 30 17 100 87 7 3 54 2 67 82 9 98 51 37 77 85 78 18 20 91 24 6 58 31 90 70 83 92 34 44 96 94 97 5 86 74 33 25 48 93 38 63 19 10 39
13 28 18 21 14 98 85 1 64 15 2 29 60 53 63 96 22 77 81 47 70 20 17 99 24 57 25 37 30 61 89 8 11 71 9 38 48 76 91 4 44 95 94 6 90 33 62 72 65 84 50 75 92 78 5 79 66 49 36 56 52 3 51 16 31 58 69 100 86 26 46 27 67 88 40 73 55 7 80 39 19 32 41 83 93 45 43 34 54 35 23 82 74 97 42 87 12 68 59 10
31 46 36 39 32 60 3 19 82 33 20 47 78 71 81 14 40 95 99 28 88 38 35 17 42 75 43 55 48 79 7 26 29 89 27 56 66 94 9 22 62 13 12 24 8 51 80 90 83 2 68 93 10 96 23 97 84 67 54 74 70 21 69 34 49 76 65 18 4 44 64 45 85 87 58 91 73 25 98 57 37 50 59 16 11 63 61 52 72 53 41 100 92 15 1 5 30 86 77 6
62 77 67 70 63 47 34 50 13 64 51 78 9 2 26 45 71 46 30 59 19 69 66 48 73 6 74 86 79 10 38 57 60 20 58 87 97 25 40 53 93 44 43 55 39 82 11 21 14 33 99 24 41 27 54 28 15 12 85 5 1 52 100 65 80 7 96 49 35 75 95 76 16 18 89 22 4 56 29 88 68 81 90 32 42 94 92 83 3 84 72 31 23 98 91 36 61 17 8 37
61 76 66 69 62 46 33 49 12 63 50 77 8 1 11 44 70 25 29 58 18 68 65 47 72 5 73 85 78 9 37 56 59 19 2 86 96 24 94 52 92 43 42 54 38 81 10 20 13 32 98 23 40 26 53 27 14 97 39 4 100 51 99 64 79 6 95 48 34 74 84 75 15 17 88 21 3 55 28 87 67 80 89 31 41 93 91 82 57 83 71 30 22 45 90 35 60 16 7 36
19 34 24 27 20 4 91 7 70 21 8 35 66 59 69 2 28 83 87 16 76 26 23 5 30 63 31 43 36 67 95 14 17 77 15 44 54 82 97 10 50 1 100 12 96 39 68 78 71 90 56 81 98 84 11 85 72 55 42 62 58 9 57 22 37 64 53 6 92 32 52 33 73 75 46 79 61 13 86 45 25 38 47 89 99 51 49 40 60 41 29 88 80 3 48 93 18 74 65 94
90 5 95 98 91 75 62 78 41 92 79 6 37 30 40 73 99 54 58 87 47 97 94 76 19 34 2 14 7 38 66 85 88 48 86 15 25 53 68 81 21 72 71 83 67 10 39 49 42 61 27 52 69 55 82 56 43 26 13 33 29 80 28 93 8 35 24 77 63 3 23 4 44 46 17 50 32 84 57 16 96 9 18 1 70 22 20 11 31 12 100 59 51 74 60 64 89 45 36 65
95 10 100 3 96 80 67 83 46 97 84 11 42 35 45 78 4 59 63 92 52 2 99 81 6 39 7 19 12 43 71 90 93 53 91 20 30 58 73 86 26 77 76 88 72 15 44 54 47 66 32 57 74 60 87 61 48 31 18 38 34 85 33 98 13 40 29 82 68 8 28 9 49 51 22 55 37 89 62 21 1 14 23 65 75 27 25 16 36 17 5 64 56 79 24 69 94 50 41 70
24 39 29 32 25 9 96 12 75 26 13 40 71 64 74 7 33 88 92 21 81 31 28 10 35 68 36 48 41 72 100 19 22 82 20 49 59 87 2 15 55 6 5 17 1 44 73 83 76 95 61 86 3 89 16 90 77 60 58 67 63 14 62 27 42 69 47 11 97 37 57 38 78 80 51 84 66 18 91 50 30 43 52 94 4 56 54 45 65 46 34 93 85 8 53 98 23 79 70 99
47 62 52 55 48 32 19 35 98 49 36 63 94 87 97 30 56 11 15 44 4 54 51 33 58 91 59 71 64 95 23 42 45 5 43 72 82 10 25 38 78 29 28 40 24 67 96 6 99 18 84 9 26 12 39 13 100 83 70 90 86 37 85 50 65 92 81 34 20 60 80 61 1 3 74 7 89 41 14 73 53 66 75 17 27 79 77 68 88 69 57 16 8 31 76 21 46 2 93 22
93 8 98 1 94 78 65 81 44 95 82 9 40 33 43 76 2 57 61 90 50 100 97 79 4 37 5 17 10 41 69 88 91 51 89 18 28 56 71 84 24 75 74 86 70 13 42 52 45 64 30 55 72 58 85 59 46 29 16 36 32 83 31 96 11 38 27 80 66 6 26 7 47 49 20 53 35 87 60 19 99 12 21 63 73 25 23 14 34 15 3 62 54 77 22 67 92 48 39 68
10 25 15 18 11 95 82 98 61 12 99 26 57 50 60 93 19 74 78 7 67 17 14 96 21 54 22 34 27 58 86 5 8 68 6 35 45 73 88 1 41 92 91 3 87 30 59 69 62 81 47 72 89 75 2 76 63 46 33 53 49 100 48 13 28 55 44 97 83 23 43 24 64 66 37 70 52 4 77 36 16 29 38 80 90 42 40 31 51 32 20 79 71 94 39 84 9 65 56 85
98 13 3 6 99 83 70 86 49 100 87 14 45 38 48 81 7 62 66 95 55 5 2 84 9 42 10 22 15 46 74 93 96 56 94 23 33 61 76 89 29 80 79 91 75 18 47 57 50 69 35 60 77 63 90 64 51 34 21 41 37 88 36 1 16 43 32 85 71 11 31 12 52 54 25 58 40 92 65 24 4 17 26 68 78 30 28 19 39 20 8 67 59 82 27 72 97 53 44 73
25 40 30 33 26 10 97 13 76 27 14 41 72 65 75 8 34 89 93 22 82 32 29 11 36 69 37 49 42 73 1 20 23 83 21 50 60 88 3 16 56 7 6 18 2 45 74 84 77 96 62 87 4 90 17 91 78 61 48 68 64 15 63 28 43 70 59 12 98 38 58 39 79 81 52 85 67 19 92 51 31 44 53 95 5 57 55 46 66 47 35 94 86 9 54 99 24 80 71 100
6 21 11 14 7 91 78 94 57 8 95 62 53 46 22 89 15 70 74 3 63 13 10 92 17 50 18 30 23 54 82 1 4 64 12 31 41 69 84 97 37 88 87 99 83 26 55 65 58 77 43 68 85 71 98 72 59 42 29 49 45 96 44 9 24 51 40 93 79 19 39 20 60 2 33 66 48 100 73 32 22 25 34 76 86 38 36 27 47 28 16 75 67 90 35 80 5 61 52 81
87 2 92 95 88 72 59 75 38 89 76 3 34 27 37 70 96 51 55 84 44 94 91 73 98 31 99 11 4 35 63 82 85 45 83 12 22 50 65 78 18 69 68 80 64 7 36 46 39 58 24 49 66 52 79 53 40 23 47 30 26 77 25 90 5 32 21 74 60 100 20 1 41 43 14 10 29 81 54 13 93 6 15 57 67 19 17 8 28 9 97 56 48 71 16 61 86 42 33 62
79 94 84 87 80 64 51 67 30 81 68 95 26 19 29 62 88 43 47 76 36 86 83 65 90 23 91 3 96 27 55 74 77 37 75 4 14 42 57 70 10 61 60 72 56 99 28 38 31 50 16 41 58 44 71 45 32 15 2 22 18 69 17 82 97 24 13 66 52 92 12 93 33 35 6 39 21 73 46 5 85 98 7 49 59 11 9 100 20 1 89 48 40 63 8 53 78 34 25 54
42 57 47 50 43 27 14 30 93 44 31 58 89 82 92 25 51 26 10 39 99 49 46 28 53 86 54 66 59 90 18 37 40 100 38 67 77 5 20 33 73 24 23 35 19 62 91 1 94 13 79 4 21 7 34 8 95 78 65 85 81 32 80 45 60 87 76 29 15 55 75 56 96 98 69 2 84 36 9 68 48 61 70 12 22 74 72 63 83 64 52 11 3 6 71 16 41 97 88 17
76 91 81 84 9 77 48 64 27 78 65 92 23 16 12 59 85 40 44 73 33 83 80 62 87 20 5 100 93 24 52 71 74 34 72 1 11 39 54 67 7 58 57 69 53 96 25 35 28 47 13 38 55 41 68 88 61 50 99 19 15 66 14 79 94 21 10 63 49 89 97 90 30 32 3 36 18 70 43 2 82 95 4 46 56 8 6 29 17 98 86 45 37 60 5 42 75 31 22 51
99 14 4 7 100 84 71 87 50 1 88 15 46 39 49 82 8 63 67 96 56 6 3 85 10 43 11 23 16 47 75 94 97 57 95 24 34 62 77 90 30 81 80 92 76 19 48 58 51 70 36 61 78 64 91 65 52 35 22 42 38 89 37 2 17 44 33 86 72 12 32 13 53 55 26 59 41 93 66 25 5 18 27 69 79 31 29 20 40 21 9 68 60 83 28 73 98 54 45 74
75 90 80 83 76 45 47 63 26 77 64 91 22 15 25 58 84 39 43 72 32 82 79 61 86 19 87 99 92 23 51 70 73 33 71 100 10 38 53 66 6 57 56 68 52 95 24 34 27 46 12 37 54 40 67 41 28 11 98 18 14 65 13 78 93 20 9 62 48 88 8 89 29 31 2 35 17 69 42 1 81 94 3 60 55 7 5 96 16 97 85 44 36 59 4 49 74 30 21 50
72 87 77 80 73 29 44 60 23 74 61 88 19 12 22 55 81 36 40 69 1 79 76 58 83 16 84 96 89 20 48 67 70 30 68 97 7 35 50 63 3 54 53 65 49 92 21 31 24 43 9 34 51 37 64 38 25 8 95 15 11 62 10 75 90 17 6 59 45 85 5 86 26 28 99 32 14 66 39 98 78 91 100 42 52 4 2 93 13 94 82 41 33 56 57 46 71 27 18 47
71 86 76 79 72 56 43 59 22 73 60 87 18 11 21 54 80 35 39 68 28 78 75 57 82 15 83 95 88 19 47 66 69 29 67 96 6 34 49 62 2 53 52 64 48 91 20 30 23 42 8 33 50 36 63 37 24 7 84 14 10 61 9 74 89 16 5 58 44 94 4 85 25 27 98 31 13 65 38 97 77 90 99 41 51 3 1 92 12 93 81 40 32 55 100 45 70 26 17 46
48 63 53 56 49 33 20 36 99 50 37 64 95 88 98 31 57 12 16 45 25 55 52 34 59 92 60 72 5 96 24 43 46 6 44 73 83 11 26 39 79 30 29 41 65 68 97 7 100 19 85 10 27 13 40 14 1 84 71 91 87 38 86 51 66 93 82 35 21 61 81 62 2 4 32 8 90 42 15 74 54 67 76 18 28 80 78 69 89 70 58 17 9 32 77 22 47 3 94 23
12 27 17 20 13 97 84 100 63 14 1 28 59 52 62 95 21 76 80 9 69 19 16 98 23 56 24 36 29 60 88 7 10 70 8 37 47 75 90 3 43 94 93 5 89 32 61 71 64 83 49 74 91 77 4 78 65 48 35 55 51 2 50 15 30 57 46 99 85 25 45 26 66 68 39 72 54 6 79 38 18 31 40 82 92 44 42 33 53 34 22 81 73 96 41 86 11 67 58 87
37 52 42 45 38 22 9 25 88 39 26 5 84 77 87 20 46 1 5 34 94 44 41 23 48 81 49 61 54 85 13 32 19 95 33 62 72 100 15 28 68 31 18 30 14 57 86 96 89 8 74 99 16 2 29 3 90 73 60 80 76 27 75 40 55 82 71 24 10 50 70 51 91 93 64 97 79 35 4 63 43 56 65 7 17 69 67 58 78 59 47 6 98 21 66 11 36 92 83 12
40 55 45 48 41 25 12 28 91 42 29 56 87 80 90 23 49 4 8 37 97 47 44 26 51 84 52 64 57 88 16 35 38 98 36 65 75 3 18 31 71 22 21 33 17 60 89 99 92 11 77 2 19 5 32 6 93 76 63 83 79 30 78 43 58 85 74 27 13 53 73 54 94 96 67 100 82 34 7 66 46 59 68 10 20 72 70 61 81 62 50 9 1 24 69 14 39 95 86 15
36 51 41 44 37 21 8 24 87 38 25 52 83 76 86 19 45 100 4 33 93 43 40 22 47 80 48 60 53 84 12 31 34 94 32 61 71 99 14 27 67 18 17 29 13 56 85 95 88 7 73 98 15 1 28 2 89 72 59 79 75 26 74 39 54 81 70 23 9 49 69 50 90 92 63 96 78 30 3 62 42 55 64 6 16 68 66 57 77 58 46 5 97 20 65 10 35 91 82 11
41 56 46 49 42 26 13 29 92 43 30 57 88 81 83 4 50 5 9 38 98 48 45 27 52 85 53 65 58 89 17 36 35 99 37 66 76 84 19 32 72 23 22 34 18 61 90 100 93 12 78 91 20 6 33 7 94 77 64 24 80 31 79 44 59 86 75 28 14 54 74 55 95 97 68 1 39 3 8 67 47 60 69 11 21 73 71 62 82 63 51 10 2 25 70 15 40 96 87 16
88 3 93 96 89 57 60 76 39 90 77 4 35 28 38 71 97 52 56 5 65 95 92 74 99 32 100 12 25 36 64 83 86 46 84 13 23 51 66 79 19 70 69 81 85 8 37 47 40 59 45 50 67 53 80 54 41 24 11 31 27 78 26 91 6 33 22 75 61 1 9 2 42 44 15 48 30 82 55 14 94 7 16 58 68 20 18 73 29 10 98 21 49 72 17 62 87 43 34 63
