5
44
11 6 12 9 17 20 22 21 28 43 37 44 35 13 29 32 26 3 42 4 16 1 39 23 34 5 10 25 33 30 18 19 40 14 24 31 27 2 8 41 7 15 36 38
15 10 16 13 21 24 30 25 32 3 33 4 39 17 43 36 41 7 2 8 20 5 42 27 38 9 14 29 37 34 22 23 44 18 28 35 31 6 12 1 11 19 40 26
38 33 39 36 44 3 9 4 11 26 5 21 18 40 12 15 20 30 25 31 43 28 27 6 17 32 37 8 16 13 1 2 23 19 7 14 10 29 35 24 34 42 22 41
12 7 13 10 18 21 27 22 29 44 23 1 36 14 30 41 38 4 43 5 17 2 40 24 35 6 11 26 34 31 19 20 28 15 25 32 33 3 9 42 8 16 37 39
13 8 14 11 19 22 28 23 30 1 24 2 37 15 31 34 39 5 44 6 18 3 41 25 36 7 12 27 35 32 20 21 42 16 26 33 29 4 10 43 9 17 38 40
40 35 41 38 2 5 11 6 13 28 7 29 20 42 22 17 14 32 27 33 1 30 24 8 19 34 39 10 18 15 3 4 25 43 9 16 12 31 37 26 36 44 21 23
34 29 35 32 40 17 5 44 7 22 1 23 14 36 8 11 16 26 21 27 39 24 18 2 13 28 33 4 12 9 41 42 19 37 3 10 6 25 31 20 30 38 15 43
10 5 11 8 16 19 25 20 43 42 21 27 34 12 28 31 36 2 41 3 15 44 38 22 33 4 9 24 32 29 17 35 39 13 23 30 26 1 7 40 6 14 18 37
41 36 42 39 3 6 12 7 14 29 22 30 21 43 15 18 23 33 28 34 2 31 25 9 20 35 40 11 19 16 4 5 26 44 10 17 13 32 38 27 37 1 8 24
4 27 5 30 38 15 19 14 23 36 26 13 28 6 33 25 42 40 35 9 37 22 32 16 41 2 3 18 10 43 11 12 31 7 17 24 20 39 1 34 44 8 29 21
30 25 31 41 36 39 1 40 3 18 28 19 10 32 4 7 12 22 17 23 35 20 14 42 9 24 29 44 8 5 37 38 15 33 43 6 2 21 27 16 26 34 11 13
28 23 29 26 34 37 43 38 1 16 39 17 8 30 2 5 10 20 15 21 33 18 12 40 7 22 27 42 6 3 35 36 13 31 41 4 44 19 25 14 24 32 9 11
43 38 44 22 5 8 14 9 16 31 10 32 23 1 17 20 25 35 30 36 4 33 26 11 3 37 42 13 21 18 6 7 41 2 12 19 15 34 40 29 39 28 24 27
19 14 20 17 25 28 34 29 36 7 30 8 43 21 37 40 1 11 6 12 24 9 3 31 42 13 18 33 41 38 26 27 4 22 32 39 35 10 16 5 15 23 44 2
32 43 33 6 10 41 3 26 21 20 15 37 12 34 14 9 30 24 19 25 27 38 16 44 11 42 31 2 22 7 39 40 17 35 1 8 4 23 29 18 28 36 13 5
1 40 2 43 7 10 16 11 18 33 12 34 25 3 19 22 27 37 32 38 6 35 29 13 24 39 44 15 23 20 8 9 30 4 14 21 17 36 42 31 41 5 26 28
18 13 19 16 24 27 33 28 35 6 29 7 42 20 36 39 44 10 5 11 9 8 2 30 23 12 17 32 40 37 25 26 3 21 31 38 34 41 15 4 14 22 43 1
27 22 28 25 33 36 42 37 44 15 38 16 7 29 1 4 9 19 14 20 32 17 11 39 6 21 26 41 5 2 34 8 12 30 40 3 43 18 24 13 23 31 35 10
33 28 34 31 39 42 4 43 6 21 44 22 13 35 7 10 15 25 20 26 38 23 17 1 12 27 32 3 11 8 40 41 18 36 2 9 5 24 30 19 29 37 14 16
31 26 32 29 37 40 2 41 4 19 42 20 11 33 5 8 13 23 18 24 36 21 15 43 10 25 30 1 9 6 38 39 16 34 44 7 3 22 28 17 27 35 12 14
36 31 37 34 42 1 7 2 9 24 3 25 16 38 10 13 18 28 23 29 41 26 20 4 15 30 35 6 14 11 43 44 21 39 5 12 8 27 33 22 32 40 17 19
7 2 8 5 13 16 24 17 33 39 18 40 31 9 25 28 22 43 38 44 12 41 35 19 30 1 6 21 29 26 14 15 36 10 20 27 23 42 4 37 3 11 32 34
20 15 21 18 26 29 35 30 37 8 41 9 44 22 38 43 2 12 7 13 25 10 4 32 31 14 19 34 42 39 27 28 5 23 33 40 36 11 17 6 16 24 1 3
26 21 27 24 32 35 41 36 17 14 8 15 6 28 44 3 37 18 13 19 31 16 10 38 5 20 25 40 4 1 33 34 11 29 39 2 42 43 23 12 22 30 7 9
21 16 22 19 27 30 36 31 38 9 32 10 1 23 39 42 3 13 8 14 26 11 5 33 44 15 20 35 43 40 28 29 6 24 34 41 37 12 18 7 17 25 2 4
23 18 24 21 29 32 38 33 40 11 34 12 3 25 41 44 5 15 10 16 28 13 7 35 2 17 22 37 1 42 30 31 8 26 36 43 39 14 20 9 19 27 4 6
9 4 10 7 15 18 26 19 24 41 20 42 33 11 27 30 35 1 40 2 14 43 37 21 32 3 8 23 31 28 16 17 38 12 22 29 25 44 6 39 5 13 34 36
44 39 1 42 6 9 15 10 5 32 11 33 24 2 18 21 8 36 31 37 23 34 28 12 27 38 43 14 26 19 7 22 29 3 13 20 16 35 41 30 40 4 25 17
29 24 30 27 35 38 44 39 2 17 40 18 9 31 3 6 11 21 16 22 34 19 13 41 8 23 28 43 7 4 36 37 14 32 42 5 1 20 26 15 25 33 10 12
14 9 15 12 20 13 29 24 31 2 25 3 38 16 32 35 40 6 1 7 19 4 22 26 37 8 23 28 36 33 21 18 43 17 27 34 30 5 11 44 10 41 39 42
24 19 25 28 30 33 39 34 41 12 35 43 4 26 42 1 6 16 11 17 7 14 8 36 22 18 13 38 2 23 31 32 9 27 37 44 40 15 21 10 20 3 5 29
5 44 6 3 11 14 20 15 22 37 16 38 29 7 23 26 31 41 36 42 10 39 33 17 28 43 4 19 27 24 12 13 34 8 18 25 21 40 2 35 1 9 30 32
42 37 26 40 4 7 13 8 15 30 9 31 22 44 16 19 24 34 29 35 3 32 43 10 21 36 41 12 20 17 5 6 27 1 11 18 14 33 39 28 38 2 23 25
25 20 43 23 31 34 40 35 42 13 36 14 5 27 26 2 7 17 12 18 30 15 9 37 4 19 24 39 3 44 32 33 10 28 38 1 41 16 22 11 21 29 6 8
6 1 7 4 12 23 21 16 27 38 17 39 30 8 24 33 32 42 37 43 11 40 34 18 29 44 5 20 28 25 13 14 35 41 19 26 22 9 3 36 2 10 31 15
2 41 3 44 8 11 17 12 19 34 13 35 26 4 20 23 28 38 33 39 29 36 30 14 25 40 1 16 24 21 9 10 7 5 15 22 18 37 43 32 42 6 27 31
8 3 9 2 14 31 23 18 25 40 19 41 32 10 6 29 34 44 39 1 13 42 36 20 43 26 7 22 30 27 15 16 37 11 21 28 24 17 5 38 4 12 33 35
3 42 4 1 9 12 18 13 20 35 14 36 27 5 21 24 29 39 34 40 8 37 31 15 26 41 2 17 25 22 10 11 32 6 16 23 19 38 44 33 43 7 28 30
37 32 38 35 43 2 8 3 10 25 4 26 17 39 11 14 19 29 24 30 42 27 21 5 16 31 36 7 15 12 44 1 22 40 6 13 9 28 34 23 33 18 41 20
39 34 40 37 1 4 10 5 12 27 6 28 19 41 13 16 21 31 26 32 44 29 23 7 18 33 38 9 17 14 2 3 24 42 8 15 11 30 36 25 35 43 20 22
17 12 18 15 23 26 32 27 34 5 43 6 41 19 35 38 33 9 4 10 22 7 1 29 40 11 16 31 39 36 24 25 2 20 30 37 28 8 14 3 13 21 42 44
16 11 17 14 22 25 31 42 26 4 27 5 40 18 34 37 43 8 3 41 21 6 44 28 39 10 15 30 38 35 23 24 1 9 29 36 32 7 13 2 12 20 19 33
22 17 23 20 28 43 37 32 39 10 31 11 2 24 40 27 4 14 9 15 5 12 6 34 1 16 21 36 44 41 29 30 33 25 35 42 38 13 19 8 18 26 3 7
35 30 36 33 41 44 6 1 8 23 2 24 15 37 9 12 17 27 22 28 40 25 19 3 14 29 34 5 13 10 42 43 20 38 4 11 7 26 32 21 31 39 16 18
44
21 6 42 37 4 12 34 7 25 5 30 19 11 43 20 44 38 15 29 40 36 3 31 26 39 2 41 18 23 35 13 32 27 28 22 8 24 10 1 17 14 9 16 33
26 11 3 42 9 17 39 12 30 10 35 24 16 4 25 5 43 20 34 1 41 8 36 31 44 7 2 23 28 40 18 37 32 33 27 13 29 15 6 22 19 14 21 38
24 9 1 40 7 15 37 10 28 8 33 22 14 2 23 3 41 18 32 43 27 6 34 29 42 5 44 21 26 38 16 35 30 31 25 11 39 13 4 20 17 12 19 36
5 34 38 21 32 40 18 35 9 33 14 3 39 27 4 28 22 43 13 24 20 31 15 10 23 30 25 2 7 19 41 16 11 12 6 36 8 26 29 1 42 37 44 17
34 19 11 6 17 25 3 20 38 18 43 32 24 12 33 13 7 28 42 9 5 16 44 39 8 15 10 31 36 4 26 1 40 41 35 21 37 23 14 30 27 22 29 2
18 3 39 34 1 9 31 4 22 2 27 16 8 40 17 41 35 12 26 37 33 44 28 23 36 43 38 15 20 32 10 29 24 25 19 5 21 7 42 14 11 6 13 30
27 4 16 43 10 18 40 13 31 11 36 25 17 5 26 6 44 21 35 2 42 9 37 32 1 8 3 24 29 41 19 38 33 34 28 14 30 12 7 23 20 15 22 39
12 41 33 28 39 3 25 42 16 40 21 10 2 34 27 35 29 6 20 31 11 38 22 17 30 37 32 9 14 26 4 23 18 19 13 43 15 1 36 8 5 44 7 24
17 2 40 33 44 8 30 3 21 1 26 15 7 39 16 38 34 11 43 36 32 25 27 22 35 42 37 14 19 31 9 28 23 24 18 4 6 20 41 13 10 5 12 29
3 24 44 15 22 30 8 25 43 19 4 37 29 17 38 18 12 33 11 14 10 21 5 28 13 20 23 36 41 9 31 6 1 2 40 26 42 16 39 35 32 27 34 7
11 40 32 27 38 2 24 41 15 39 20 9 1 33 10 34 28 5 19 30 26 37 21 16 29 36 31 8 13 25 3 22 17 18 12 42 14 44 35 7 4 43 6 23
28 13 5 44 23 19 41 14 32 12 37 26 18 6 31 7 1 22 36 3 43 10 38 33 2 9 4 25 30 42 20 39 34 11 29 15 27 17 8 24 21 16 35 40
43 10 2 41 8 6 38 11 29 9 34 23 15 3 24 4 42 19 25 44 16 7 35 30 33 40 1 22 27 39 17 36 31 32 26 12 28 14 5 21 18 13 20 37
33 18 10 5 16 24 2 19 37 17 42 31 23 11 32 12 6 27 41 8 4 15 43 38 7 14 9 30 35 3 25 44 39 40 34 20 36 22 13 29 26 21 28 1
32 17 9 4 15 23 1 18 36 16 41 30 22 10 35 11 5 26 40 7 3 14 42 37 6 13 8 29 34 2 24 43 38 39 33 19 31 21 12 28 25 20 27 44
6 35 27 22 33 41 19 36 10 34 15 4 40 28 5 29 23 44 14 25 21 32 16 11 24 31 26 3 8 20 42 17 12 13 7 37 9 39 30 2 43 38 1 18
7 36 28 23 34 42 20 37 39 35 16 5 41 29 6 30 24 1 15 26 22 33 17 12 25 32 27 4 9 21 43 18 13 14 8 40 10 38 31 3 44 11 2 19
19 8 4 35 2 10 32 5 11 3 28 17 9 41 18 42 36 13 27 38 34 1 29 24 37 44 39 16 21 33 23 30 25 26 20 6 22 40 43 15 12 7 14 31
30 15 7 2 13 21 43 16 34 14 39 28 20 8 29 9 3 24 38 5 1 12 40 35 4 11 6 27 32 44 22 41 36 37 31 17 33 19 10 26 23 18 25 42
16 1 37 32 43 7 29 2 20 44 25 14 6 38 15 39 33 10 24 35 31 42 26 21 34 41 36 13 18 30 8 27 22 23 17 3 19 5 40 12 9 4 11 28
35 20 12 7 18 26 4 21 19 43 44 33 25 13 34 14 8 29 39 10 6 17 1 40 9 16 11 32 37 5 27 2 41 42 36 22 38 24 15 31 28 23 30 3
23 12 26 39 6 14 36 9 27 7 32 21 13 1 22 2 40 17 31 42 38 5 33 44 41 4 43 28 25 37 15 34 29 30 24 10 20 8 11 19 16 3 18 35
38 23 15 10 21 29 7 24 42 22 3 36 28 16 37 17 11 32 2 13 9 20 4 43 12 19 14 35 40 8 30 5 44 1 39 25 41 27 18 34 31 26 33 6
31 32 24 19 30 38 16 33 7 23 12 1 37 25 36 26 20 41 3 22 18 29 13 8 21 28 15 44 5 17 39 14 9 10 4 34 40 6 27 43 2 35 42 11
20 5 41 36 3 11 33 6 24 4 29 18 10 42 19 43 37 14 28 39 35 2 30 25 38 1 40 17 22 34 12 31 26 27 21 7 23 9 44 16 13 8 15 32
42 27 19 14 25 33 11 28 2 26 7 40 32 20 41 21 15 36 6 17 13 24 8 3 16 23 18 39 44 12 34 9 4 5 43 29 1 31 22 38 35 30 37 10
13 42 34 29 40 4 26 43 17 41 22 11 3 35 12 36 30 7 21 32 28 39 23 18 31 38 33 10 15 27 5 24 19 20 14 44 16 2 37 9 6 1 8 25
39 44 36 31 42 16 28 1 23 15 24 13 5 37 14 40 32 9 33 34 30 41 25 20 43 6 35 12 17 29 7 26 21 22 2 38 18 4 3 11 8 19 10 27
2 31 23 18 29 37 15 32 6 30 11 44 36 24 1 25 19 40 10 21 17 28 12 7 20 27 22 43 4 16 38 13 8 9 3 33 5 35 26 42 39 34 41 14
4 33 25 20 31 39 17 34 8 32 13 2 38 26 11 27 21 42 12 23 19 30 14 9 22 29 24 1 6 18 40 15 10 3 5 35 7 37 28 44 41 36 43 16
10 39 31 26 37 1 23 40 14 38 19 8 44 32 9 33 27 4 18 29 25 36 20 15 28 35 30 7 12 24 2 21 16 17 11 41 13 43 34 6 3 42 5 22
22 7 43 38 5 13 35 8 26 6 31 20 12 44 21 1 39 16 30 41 37 4 32 27 40 3 42 19 24 36 14 33 28 29 23 9 25 11 2 18 15 10 17 34
40 25 17 12 11 31 9 26 44 24 5 38 30 18 3 19 13 34 4 15 39 22 6 1 14 21 16 37 42 10 32 7 2 35 41 27 43 29 20 36 33 28 23 8
29 14 6 1 12 20 42 15 33 13 38 27 19 7 28 8 2 23 37 4 44 11 39 34 3 10 5 26 31 43 21 40 35 36 30 16 32 18 9 25 22 17 24 41
15 16 8 3 14 22 44 17 35 31 2 29 21 9 30 10 4 25 23 6 40 13 41 36 5 12 7 20 33 1 11 42 37 38 32 18 34 28 19 27 24 39 26 43
8 37 29 24 35 43 21 38 12 36 17 6 42 30 7 31 25 2 16 27 23 34 18 13 26 33 28 5 10 22 44 19 14 15 9 39 11 41 32 4 1 40 3 20
41 26 18 13 24 32 10 27 1 25 6 39 31 19 40 20 14 35 5 16 12 23 7 2 15 22 17 38 43 11 33 8 3 4 42 28 44 30 21 37 34 29 36 9
9 38 30 25 36 44 22 39 13 37 18 7 43 31 8 32 26 3 17 28 24 35 19 14 27 34 29 6 11 23 1 20 15 16 10 2 12 42 33 5 40 41 4 21
44 29 21 16 27 35 13 30 4 28 9 42 34 22 43 23 17 38 8 19 15 26 10 5 18 25 20 41 2 14 36 11 6 7 1 31 3 33 24 40 37 32 39 12
37 22 14 9 20 28 6 23 41 21 40 35 27 15 2 16 10 31 1 12 8 19 3 42 11 18 13 34 39 7 29 4 43 44 38 24 26 36 17 33 30 25 32 5
1 30 22 17 28 36 14 31 5 29 10 43 35 23 44 24 18 39 9 20 2 27 11 6 19 26 21 42 3 15 37 12 7 8 16 32 4 34 25 41 38 33 40 13
25 28 20 11 26 34 12 29 3 27 8 41 33 21 42 22 16 37 7 18 14 43 9 4 17 24 19 40 1 13 35 10 5 6 44 30 2 32 23 39 36 31 38 15
14 43 35 30 41 5 27 44 18 42 23 12 4 36 13 37 31 8 22 33 29 40 24 19 32 39 34 11 16 28 6 25 20 21 15 1 17 3 38 10 7 2 9 26
36 21 13 8 19 27 5 22 40 20 1 34 26 14 39 15 9 30 44 11 7 18 2 41 10 17 12 33 38 6 28 3 42 43 37 23 35 25 16 32 29 24 31 4
44
10 13 42 29 22 41 30 11 8 7 38 40 35 18 6 17 14 3 32 9 5 37 43 4 36 20 28 24 21 23 1 44 27 25 39 15 33 2 12 31 16 34 26 19
11 14 43 30 35 42 39 12 9 8 27 32 36 19 7 18 31 4 33 10 22 38 44 5 37 21 29 25 6 24 2 1 28 26 40 16 34 3 13 41 17 23 15 20
16 19 4 35 40 3 44 17 14 13 32 2 41 24 12 23 36 9 38 15 27 43 5 10 42 26 34 30 11 29 7 6 33 31 21 1 39 8 18 37 22 28 20 25
9 12 41 28 33 40 37 14 7 6 25 39 34 17 5 16 29 26 31 8 20 36 42 3 35 19 27 23 4 22 44 43 10 24 2 38 32 1 11 30 15 21 13 18
39 42 27 14 19 26 23 40 37 36 11 25 20 3 35 2 15 32 17 38 6 22 28 33 21 5 13 9 34 8 30 29 12 10 24 44 18 31 41 16 1 7 43 4
26 41 6 5 14 25 22 39 36 35 18 24 19 2 34 1 10 31 16 37 13 21 27 32 20 4 12 8 33 7 29 28 11 9 23 43 17 30 40 15 44 38 42 3
24 27 14 43 4 11 8 25 22 21 40 10 5 32 20 31 44 17 2 23 35 7 13 12 6 34 42 38 19 37 15 3 41 39 9 29 16 18 26 1 30 36 28 33
19 23 7 38 43 6 3 20 17 16 35 5 44 27 15 26 39 12 41 18 30 2 8 13 1 29 37 33 14 32 10 9 36 34 4 22 42 11 21 40 25 31 24 28
1 4 33 20 25 32 29 2 43 14 17 31 26 9 41 8 21 30 23 44 12 28 34 39 27 11 19 15 40 42 36 35 18 16 38 6 24 37 3 22 7 13 5 10
42 1 30 17 34 29 10 43 40 39 22 28 23 6 38 5 18 35 20 41 9 25 31 36 24 8 16 12 37 11 33 32 15 13 27 3 21 14 44 19 4 26 2 7
33 36 21 8 13 20 17 34 31 38 5 19 14 41 29 40 9 6 11 32 44 16 22 27 15 43 7 3 28 2 24 23 30 4 18 26 12 25 35 10 39 1 37 42
23 26 11 42 3 10 7 24 21 20 39 9 4 31 19 30 43 16 1 22 34 6 12 17 5 33 41 37 18 36 14 13 40 38 8 28 2 15 25 44 29 35 27 32
7 10 39 26 31 38 35 8 5 4 23 37 32 15 3 14 27 44 29 6 18 34 40 1 33 17 25 21 2 20 42 41 24 22 36 12 30 43 9 28 13 19 11 16
41 44 29 16 21 28 25 26 39 30 13 27 22 5 37 4 17 34 19 40 8 24 38 35 23 7 15 11 36 10 32 31 14 12 42 2 20 33 43 18 3 9 1 6
20 24 8 39 44 7 4 29 18 17 36 41 37 28 16 27 40 13 42 19 31 3 9 14 2 30 38 34 15 33 11 10 21 35 5 25 43 12 22 23 26 32 6 1
36 39 24 11 16 23 20 21 34 33 8 22 17 44 32 43 12 29 14 35 3 19 25 30 18 2 10 6 31 5 27 26 37 7 1 9 15 28 38 13 42 4 40 41
29 32 17 4 9 16 13 42 27 26 1 15 10 37 25 36 5 22 7 28 40 12 18 23 11 39 3 43 24 14 20 19 2 44 30 34 8 21 31 6 35 41 33 38
18 29 26 21 6 13 38 27 24 23 42 12 7 34 22 33 2 19 4 25 37 9 15 20 8 36 44 40 1 39 17 14 43 41 11 31 5 16 28 3 32 10 30 35
8 11 40 27 32 39 36 9 6 5 24 38 33 16 4 15 28 1 30 12 19 35 41 2 34 18 26 7 3 21 43 42 25 23 37 13 31 44 10 29 14 20 17 22
13 16 1 32 37 44 41 38 11 10 29 43 30 21 9 20 33 18 35 36 24 40 2 7 39 23 31 22 8 26 4 27 6 28 14 42 3 5 15 34 19 25 12 17
37 40 25 12 17 24 21 10 35 34 9 23 18 1 33 44 13 38 15 7 4 20 26 31 19 3 11 27 32 6 28 16 42 8 22 30 36 29 39 14 43 5 41 2
43 2 31 18 23 30 27 44 41 40 15 29 24 7 39 6 19 36 21 42 10 26 32 37 25 9 17 13 38 12 34 33 16 14 28 4 22 35 1 20 5 11 3 8
4 7 36 23 28 35 32 5 2 1 20 34 29 12 44 11 24 41 26 3 15 31 21 42 30 14 22 18 43 17 39 38 9 19 33 37 27 40 6 25 10 16 8 13
5 8 37 24 29 36 33 6 3 42 21 35 38 13 1 12 25 14 27 4 16 32 30 43 31 15 23 19 44 18 40 39 22 20 34 10 28 41 7 2 11 17 9 26
44 3 32 19 24 31 28 1 42 41 16 30 25 8 40 7 20 37 22 43 11 27 33 38 26 10 18 14 39 13 35 34 17 15 29 5 23 36 2 21 6 12 4 9
22 25 10 41 26 9 6 23 20 19 2 8 3 30 18 29 42 15 44 21 33 5 11 16 4 32 40 36 17 35 13 12 39 37 7 27 1 34 24 43 28 14 38 31
3 6 35 22 27 34 31 4 1 44 19 33 28 11 43 10 23 40 25 2 14 30 36 41 29 13 21 17 42 16 38 37 20 18 32 8 26 39 5 24 9 15 7 12
15 18 3 34 39 2 43 16 13 12 31 1 40 23 11 22 35 8 37 20 26 42 4 9 41 25 33 29 10 28 6 5 32 30 44 14 38 7 17 36 21 27 19 24
38 21 12 37 42 5 2 19 16 15 34 4 43 14 26 25 30 11 40 17 29 1 7 18 44 28 36 32 13 31 9 8 35 33 3 23 41 10 20 39 24 6 22 27
21 20 9 40 1 8 5 22 19 18 37 7 2 29 17 28 41 42 43 14 32 4 10 15 3 31 39 35 16 34 12 11 38 36 6 24 44 13 23 26 27 33 25 30
28 31 16 3 8 15 12 37 26 25 44 14 9 36 24 35 4 21 6 27 39 11 17 22 10 38 2 42 23 41 19 18 1 43 13 33 7 20 30 5 34 40 32 29
31 34 19 6 11 18 15 32 29 28 3 17 12 39 27 38 7 24 9 30 42 14 20 25 13 41 5 1 26 44 22 21 4 2 16 36 10 23 33 8 37 43 35 40
17 22 5 36 41 4 1 18 15 2 33 3 42 25 13 24 37 10 39 16 28 44 6 11 43 27 35 31 12 30 8 7 34 32 26 20 40 9 19 38 23 29 21 14
32 35 20 7 12 19 16 33 30 29 4 18 13 40 28 39 8 25 10 31 43 15 37 26 14 42 6 2 27 1 23 22 5 3 17 41 11 24 34 9 38 44 36 21
14 17 2 33 38 1 42 15 12 11 30 44 39 26 10 21 34 7 36 13 25 41 3 8 40 24 32 28 9 27 5 4 31 29 43 19 37 6 16 35 20 22 18 23
25 28 13 44 5 12 9 30 23 22 41 11 6 33 21 32 1 2 3 24 36 8 14 19 7 35 43 39 20 38 16 15 26 40 10 18 4 17 27 42 31 37 29 34
27 30 15 2 7 14 11 28 25 24 43 13 8 35 23 34 3 20 5 26 38 10 16 21 9 37 1 41 22 40 18 17 44 42 12 32 6 19 29 4 33 39 31 36
34 37 22 9 10 21 18 35 32 31 6 20 15 42 30 41 38 27 12 33 1 17 23 28 16 44 8 4 29 3 25 24 7 5 19 39 13 26 36 11 40 2 14 43
2 5 34 13 18 33 14 3 44 43 26 6 27 10 42 9 22 39 24 1 21 29 35 40 28 12 20 16 41 15 37 36 19 17 31 7 25 38 4 32 8 30 23 11
30 33 18 25 2 17 26 31 28 27 10 16 11 38 14 37 6 23 8 29 41 13 19 24 12 40 4 44 5 43 21 20 3 1 15 35 9 22 32 7 36 42 34 39
40 43 28 15 20 27 24 41 38 37 12 26 1 4 36 3 16 33 18 39 7 23 29 34 22 6 14 10 25 9 31 30 13 11 35 21 19 32 42 17 2 8 44 5
12 15 44 31 36 43 40 13 10 9 28 42 21 20 8 19 32 5 34 11 23 39 1 6 38 22 30 26 7 25 3 2 29 27 41 17 35 4 14 33 18 24 16 37
35 38 23 10 15 22 19 36 33 32 7 21 16 43 31 42 11 28 13 34 2 18 24 29 17 1 9 5 30 4 26 25 8 6 20 40 14 27 37 12 41 3 39 44
6 9 38 1 30 37 34 7 4 3 14 36 31 22 2 13 26 43 28 5 17 33 39 44 32 16 24 20 35 19 41 40 23 21 25 11 29 42 8 27 12 18 10 15
44
15 22 33 6 18 29 24 10 27 37 39 23 19 20 17 34 42 44 13 21 31 5 8 3 25 1 16 14 4 12 38 41 7 32 26 9 35 40 43 2 28 11 36 30
16 3 14 31 43 10 5 35 8 18 20 4 44 1 42 15 23 25 38 2 12 30 33 40 6 26 41 39 29 37 19 22 32 13 7 34 28 21 24 27 9 36 17 11
28 15 26 43 11 22 17 3 20 30 32 16 12 13 10 27 35 33 6 14 24 42 1 8 18 38 9 7 41 5 31 34 44 25 19 2 40 37 36 39 21 4 29 23
38 25 36 9 21 32 27 13 30 40 42 26 22 23 20 37 1 3 16 24 34 8 11 18 28 4 19 17 7 15 41 44 10 35 29 12 6 43 2 5 31 14 39 33
40 27 38 11 23 34 29 15 32 42 44 28 24 25 22 39 18 5 33 26 36 10 13 20 30 6 21 19 9 17 43 2 12 37 31 14 8 1 4 7 41 16 35 3
20 7 18 35 3 14 9 39 12 22 24 8 4 5 2 19 27 29 42 6 16 34 37 44 10 30 1 43 33 41 23 26 36 17 11 38 32 25 28 31 13 40 21 15
17 4 15 32 44 11 6 36 9 19 21 5 1 2 43 16 8 26 39 3 13 31 34 41 7 27 42 24 30 38 20 23 33 14 40 35 29 22 25 28 10 37 18 12
35 42 9 26 38 5 44 17 3 13 15 43 39 40 37 10 41 20 28 34 7 25 18 11 1 21 36 27 24 32 14 33 30 8 2 29 23 16 19 22 4 31 12 6
27 14 25 42 10 21 16 2 19 29 31 15 11 43 9 26 34 36 5 13 23 41 44 7 17 37 8 32 1 4 30 12 40 24 18 6 39 33 35 38 20 3 28 22
2 33 44 17 29 40 3 21 38 4 6 34 30 35 28 1 9 11 24 32 42 16 19 26 36 12 31 25 15 23 5 8 18 43 37 20 14 7 10 13 39 22 27 41
11 2 13 30 42 9 4 34 7 17 19 3 43 44 41 14 22 24 37 1 27 29 32 39 5 25 40 38 28 36 18 21 31 12 6 33 15 20 23 26 8 35 16 10
8 39 6 23 9 2 12 28 44 10 27 40 36 37 34 7 3 17 30 38 4 22 25 32 42 18 33 31 21 29 11 14 24 5 43 41 20 13 16 19 1 26 15 35
9 32 7 24 36 3 42 27 1 11 13 41 37 38 35 8 16 18 31 39 5 23 28 33 43 19 34 40 22 30 12 15 25 6 44 26 21 14 17 20 2 29 10 4
31 18 29 2 14 25 20 6 23 33 35 19 15 16 13 30 38 40 9 17 11 1 4 27 21 41 12 10 44 8 34 37 3 28 22 5 43 36 39 42 24 7 32 26
32 19 30 3 15 26 21 7 24 34 36 20 16 17 14 31 39 41 10 18 28 2 5 12 22 42 13 11 37 9 35 38 4 29 23 1 44 6 40 43 25 8 33 27
22 9 20 37 5 16 11 41 14 24 26 10 6 7 4 21 29 31 44 8 18 36 3 2 12 32 27 1 35 43 25 28 38 19 13 40 34 39 30 33 15 42 23 17
7 38 5 22 34 1 40 26 43 9 3 39 35 36 33 6 14 16 29 37 19 21 24 31 41 17 32 30 20 28 10 13 23 4 42 25 11 12 15 18 44 27 8 2
33 20 31 4 16 27 22 8 25 35 37 21 17 18 15 32 40 42 11 19 29 3 6 13 23 43 14 12 2 10 36 39 5 30 24 7 1 38 41 44 26 9 34 28
37 24 35 8 20 31 26 12 29 39 41 25 21 22 19 36 44 2 15 23 33 7 10 17 27 3 18 16 6 14 40 43 9 34 28 11 5 42 1 4 30 13 38 32
39 26 37 10 22 33 28 14 31 41 43 7 23 24 21 38 2 4 17 25 35 9 12 19 29 5 20 18 8 16 42 1 11 36 30 13 3 44 27 6 32 15 40 34
26 13 24 41 27 20 15 1 18 28 30 14 10 11 8 25 33 35 4 12 22 40 43 6 16 36 7 5 39 3 29 32 42 23 17 44 38 31 34 37 19 2 9 21
23 10 21 38 6 17 41 42 15 25 8 11 7 12 5 22 30 32 1 9 3 37 40 35 13 33 4 2 36 44 26 29 39 20 14 27 19 28 31 34 16 43 24 18
29 16 27 44 12 23 18 4 21 31 33 17 13 14 11 28 36 38 7 15 25 43 2 9 19 39 10 8 42 6 32 35 1 26 20 3 41 34 37 40 22 5 30 24
44 31 42 15 35 38 33 19 36 2 4 32 28 29 26 43 21 9 22 30 40 14 17 24 34 10 25 23 13 27 3 6 16 41 1 18 12 5 8 11 37 20 7 39
18 5 16 33 1 12 7 37 10 20 22 6 2 3 44 17 25 27 40 4 14 32 35 42 8 28 43 41 31 39 21 24 34 15 9 36 30 23 26 29 11 38 19 13
10 1 8 25 37 4 43 29 2 12 14 42 38 39 36 9 17 19 32 40 6 24 27 34 44 20 11 33 23 31 13 16 26 7 35 28 22 15 18 21 3 30 41 5
43 30 41 14 26 37 32 18 35 1 11 31 27 28 25 42 6 8 21 29 39 13 16 23 33 9 24 22 12 20 2 5 15 40 34 17 7 4 3 10 36 19 44 38
5 40 3 20 32 43 38 24 41 7 9 37 33 34 31 4 12 14 27 35 1 19 22 29 39 15 30 28 18 26 8 11 21 2 36 23 17 10 13 16 42 25 6 44
13 44 11 28 40 7 2 32 5 15 17 1 41 42 39 12 20 22 35 43 9 27 30 37 3 23 38 36 26 34 16 19 29 10 4 31 25 18 21 24 6 33 14 8
41 28 39 12 24 35 30 16 33 43 1 29 25 26 23 40 4 6 19 27 37 11 14 21 31 7 22 20 10 18 44 3 13 38 32 15 9 2 5 8 34 17 42 36
42 29 40 13 25 36 31 43 34 44 2 30 26 27 24 41 5 7 20 28 38 12 15 22 32 8 23 21 11 19 17 4 14 39 33 16 10 3 6 9 35 18 1 37
14 21 12 29 41 8 39 30 6 16 18 2 42 33 40 13 15 23 36 44 10 28 31 38 4 24 3 37 27 35 1 17 20 11 5 32 26 19 22 25 7 34 43 9
12 43 10 27 39 6 1 31 4 14 16 44 40 41 38 11 19 21 34 42 8 26 29 36 2 22 37 35 25 33 15 18 28 9 3 30 24 17 20 23 5 32 13 7
34 41 32 5 17 28 23 9 26 36 38 22 18 19 16 33 7 43 12 20 30 4 39 14 24 44 15 13 3 21 37 40 6 31 25 8 2 35 42 1 27 10 11 29
30 17 28 1 13 24 19 5 22 32 34 18 14 15 12 29 37 39 8 16 26 44 7 10 20 40 35 9 43 11 33 36 2 3 21 4 42 27 38 41 23 6 31 25
19 6 17 34 2 13 8 38 11 21 23 27 3 4 1 18 26 28 41 5 15 33 36 43 9 29 44 42 32 40 22 25 35 16 10 37 31 24 7 30 12 39 20 14
24 11 22 39 7 18 13 33 16 26 28 12 8 9 6 23 31 37 2 10 20 38 41 4 14 34 5 3 40 1 27 30 43 21 15 42 36 29 32 35 17 44 25 19
4 35 2 19 31 42 37 23 40 6 10 36 32 8 30 3 11 13 26 41 44 18 21 28 38 14 29 34 17 25 7 20 27 1 39 22 16 9 12 15 33 24 5 43
36 23 34 7 19 30 25 11 28 38 40 24 20 21 18 35 43 1 14 22 32 6 9 16 26 2 17 15 5 13 39 42 8 33 27 10 4 41 44 3 29 12 37 31
3 34 1 18 30 41 36 22 39 5 7 35 31 32 29 2 10 12 25 33 43 17 20 15 37 13 28 26 16 24 6 9 19 44 38 21 27 8 11 14 40 23 4 42
25 12 23 40 8 19 14 44 17 27 29 13 9 10 7 24 32 34 3 11 21 39 42 5 15 35 6 4 38 2 28 31 41 22 16 43 37 30 33 36 18 1 26 20
6 37 4 21 33 44 35 25 42 8 12 38 34 31 32 5 13 15 23 36 2 20 26 30 40 16 39 29 19 7 9 10 22 27 41 24 18 11 14 17 43 28 3 1
1 36 43 16 28 39 34 20 37 3 5 33 29 30 27 44 24 10 18 31 41 15 23 25 35 11 26 6 14 22 4 7 17 42 8 19 13 32 9 12 38 21 2 40
21 8 19 36 4 15 10 40 13 23 25 9 5 6 3 20 28 30 43 7 17 35 38 1 11 31 2 44 34 42 24 27 37 18 12 39 33 26 29 32 14 41 22 16
44
11 34 40 2 19 8 36 32 5 31 33 6 7 24 3 20 16 42 15 38 44 39 12 13 37 26 27 9 17 43 41 25 23 4 18 28 21 29 1 35 10 14 30 22
33 12 18 24 41 22 10 14 27 9 11 28 29 30 25 42 38 20 37 16 2 17 34 35 15 4 5 31 39 21 19 3 1 26 40 6 43 7 23 13 32 36 8 44
17 40 2 8 25 6 42 28 11 37 39 12 13 14 9 26 22 4 21 44 30 1 18 19 43 32 33 15 23 5 3 31 29 10 24 34 27 35 7 41 16 20 36 38
36 15 21 27 44 25 17 13 30 12 14 31 32 33 28 1 41 23 40 19 35 20 37 38 18 7 8 34 42 24 22 6 4 29 43 9 2 10 26 16 5 39 11 3
27 6 12 18 35 16 8 4 21 3 5 22 23 38 19 36 32 14 31 10 40 11 28 29 9 42 43 25 33 15 13 41 39 20 34 44 37 1 17 7 26 30 2 24
24 3 9 15 32 13 31 1 18 44 2 19 20 21 16 33 29 11 28 7 37 8 25 26 6 39 40 22 30 12 10 38 36 17 5 41 34 42 14 4 23 27 43 35
14 37 39 5 22 3 7 35 8 34 36 9 10 11 6 23 19 1 18 41 27 42 15 16 40 29 30 12 20 2 44 28 26 43 21 31 24 32 4 38 13 17 33 25
2 25 31 37 10 35 27 23 40 22 24 41 42 43 38 11 7 33 6 29 19 30 3 4 28 17 18 44 8 34 32 16 14 15 9 39 12 20 36 26 1 5 21 13
39 18 24 30 3 28 20 16 33 15 17 34 35 36 31 4 44 26 43 22 8 23 40 41 21 10 11 37 1 27 25 9 7 32 2 12 5 13 29 19 38 42 14 6
18 41 3 29 26 31 43 39 12 38 40 13 14 15 10 27 23 5 22 1 9 2 19 20 44 33 34 16 24 6 4 32 30 11 25 35 28 36 8 42 17 21 37 7
8 31 37 43 16 41 33 29 2 28 30 3 4 5 44 17 13 39 12 35 21 36 9 10 34 23 24 6 14 40 38 22 20 1 15 25 18 26 42 32 7 11 27 19
28 7 13 9 36 17 19 5 22 4 6 23 24 25 20 37 33 15 32 11 41 12 29 30 10 43 44 26 34 16 14 42 40 21 35 1 38 2 18 8 27 31 3 39
10 33 35 1 18 27 39 31 4 30 32 5 6 7 2 19 15 41 14 37 23 38 11 12 36 25 26 8 16 42 40 24 22 3 17 43 20 28 44 34 9 13 29 21
26 5 11 17 34 15 35 3 20 2 4 21 22 23 18 43 31 13 30 9 39 10 27 28 8 41 42 24 32 14 12 40 38 19 33 7 36 44 16 6 25 29 1 37
31 10 16 22 39 20 44 8 25 7 9 14 27 28 23 40 36 18 35 12 26 15 32 33 13 2 3 29 37 19 17 1 43 24 38 4 41 5 21 11 30 34 6 42
19 42 4 10 27 44 14 40 13 39 41 8 15 16 11 28 24 6 23 2 32 3 20 21 1 34 35 17 25 7 5 33 31 12 26 36 9 37 30 43 18 22 38 29
7 30 36 42 15 40 32 18 1 27 29 2 3 4 43 16 12 38 11 34 20 35 8 9 33 22 23 5 13 39 37 21 19 44 14 24 17 25 41 31 6 10 26 28
20 43 5 11 28 9 1 41 14 40 42 15 16 17 12 29 25 7 24 3 33 4 21 22 2 35 36 18 26 8 6 34 32 13 27 37 30 38 10 44 19 23 39 31
42 21 27 33 6 5 23 19 36 18 20 37 38 39 34 7 3 29 2 25 15 26 43 44 24 13 14 40 4 30 28 12 10 35 31 11 8 16 32 22 41 1 17 9
41 20 26 32 5 14 22 38 35 17 19 36 37 8 33 6 2 28 1 24 10 25 42 43 23 12 13 39 3 29 27 11 9 34 4 30 7 15 31 21 40 44 16 18
30 9 15 21 38 19 11 7 24 6 8 25 26 27 22 39 35 17 34 13 43 14 31 32 12 1 2 28 36 18 16 44 42 23 37 3 40 4 20 10 29 33 5 41
25 4 14 16 33 42 6 2 19 1 3 20 21 22 17 34 30 12 29 8 38 9 26 27 7 40 41 23 31 13 11 39 37 18 32 10 35 43 15 5 24 28 44 36
5 28 38 40 13 34 30 26 43 25 27 44 1 2 41 14 10 36 9 32 18 33 6 7 31 20 21 3 11 37 35 19 17 42 12 22 15 23 39 29 4 8 24 16
16 39 1 7 24 29 41 37 10 36 38 11 12 13 8 25 21 3 20 43 5 44 17 18 42 31 32 14 22 4 2 30 28 9 23 33 26 34 6 40 15 19 35 27
38 17 23 19 2 11 24 15 32 14 16 33 34 35 30 3 43 25 42 21 7 22 39 40 20 9 10 36 44 26 29 8 6 31 1 27 4 12 28 18 37 41 13 5
43 22 28 34 7 32 9 20 37 19 21 38 39 40 35 8 4 30 3 26 12 27 44 1 25 14 15 41 5 31 24 13 11 36 6 16 29 17 33 23 42 2 18 10
44 23 29 35 8 33 25 21 38 20 22 39 40 41 36 9 5 31 4 27 13 28 1 2 26 15 16 42 6 32 30 14 12 37 7 17 10 18 34 24 43 3 19 11
32 11 17 23 40 21 13 9 26 8 10 27 28 29 24 41 37 19 36 15 1 16 33 34 14 3 4 30 38 20 18 2 44 25 39 5 42 6 22 12 31 35 7 43
1 24 34 36 9 30 26 22 39 21 23 40 41 42 37 10 6 32 5 28 14 29 2 3 27 16 17 43 7 33 31 15 13 38 8 18 11 19 35 25 44 4 20 12
37 16 22 28 1 26 18 10 31 13 15 32 33 34 29 2 42 24 41 20 6 21 38 39 19 8 9 35 43 25 23 7 5 30 44 14 3 11 27 17 36 40 12 4
13 36 30 4 21 2 38 34 7 33 35 26 9 10 5 22 18 44 17 40 24 41 14 15 39 28 29 11 19 1 43 27 25 6 20 42 23 31 3 37 12 16 32 8
23 2 8 14 31 12 4 44 17 43 1 18 19 20 15 32 28 10 27 6 36 7 24 25 5 38 39 21 29 11 9 37 35 16 30 40 33 41 13 3 22 26 42 34
9 32 42 44 17 38 34 30 3 29 31 4 5 6 1 18 14 40 13 36 22 37 10 11 35 24 25 7 15 41 39 23 21 2 16 26 19 27 43 33 8 12 28 20
4 27 33 39 12 37 29 25 42 24 26 43 44 1 40 13 9 35 8 31 17 32 5 6 30 19 20 2 10 36 34 18 16 41 11 21 14 22 38 28 3 7 23 15
15 38 44 6 23 4 40 36 9 35 37 10 11 12 7 24 20 2 19 42 28 43 16 17 41 30 31 13 21 3 1 29 27 8 22 32 25 33 5 39 14 18 34 26
6 29 19 41 14 43 5 27 44 26 28 1 2 31 42 15 11 37 10 33 3 34 7 8 32 21 22 4 12 38 36 20 18 39 13 23 16 24 40 30 35 9 25 17
35 14 20 26 43 24 16 12 29 11 13 30 31 32 27 44 40 22 39 18 4 19 36 37 17 6 7 33 41 23 21 5 3 28 42 8 1 9 25 15 34 38 10 2
29 8 10 20 37 18 12 6 23 5 7 24 25 26 21 38 34 16 33 14 42 13 30 31 11 44 1 27 35 17 15 43 41 22 36 2 39 3 19 9 28 32 4 40
12 35 41 3 20 1 37 33 6 32 34 7 8 9 4 21 17 43 16 39 25 40 13 14 38 27 28 10 18 44 42 26 24 5 19 29 22 30 2 36 11 15 31 23
40 19 25 31 4 7 21 17 34 16 18 35 36 37 32 5 1 27 44 23 29 24 41 42 22 11 12 38 2 28 26 10 8 33 3 13 6 14 9 20 39 43 15 30
22 1 43 13 30 39 3 11 16 42 44 17 18 19 14 35 27 9 26 5 31 6 23 24 4 37 38 20 28 10 8 36 34 7 29 15 32 40 12 2 21 25 41 33
34 13 7 25 42 23 15 43 28 10 12 29 30 3 26 31 39 21 38 17 11 18 35 36 16 5 6 32 40 22 20 4 2 27 41 19 44 8 24 14 33 37 9 1
21 44 6 12 29 10 2 42 15 41 43 16 17 18 13 30 26 8 25 4 34 5 22 23 3 36 37 19 27 9 7 35 33 14 28 38 31 39 11 1 20 24 40 32
3 26 32 38 11 36 28 24 41 23 25 42 43 44 39 12 8 34 7 30 16 31 4 5 29 18 19 1 9 35 33 17 15 40 10 20 13 21 37 27 2 6 22 14
