20
20 20 18
19 19 16
18 18 13
17 17 10
16 16 2
15 15 12
14 14 17
13 13 7
12 12 5
11 11 11
10 10 6
9 9 1
8 8 13
7 7 1
6 6 15
5 5 9
4 4 15
3 3 1
2 2 14
1 1 13
20
20 20 14
19 19 5
18 18 5
17 17 20
16 16 8
15 15 2
14 14 6
13 13 1
12 12 20
11 11 7
10 10 1
9 9 20
8 8 11
7 7 15
6 6 8
5 5 4
4 4 4
3 3 9
2 2 3
1 1 19
20
20 20 18
19 19 3
18 18 13
17 17 10
16 16 6
15 15 2
14 14 7
13 13 20
12 12 4
11 11 9
10 10 7
9 9 7
8 8 1
7 7 3
6 6 8
5 5 1
4 4 12
3 3 18
2 2 8
1 1 13
20
20 20 10
19 19 13
18 18 4
17 17 6
16 16 5
15 15 10
14 14 7
13 13 2
12 12 6
11 11 5
10 10 16
9 9 2
8 8 12
7 7 9
6 6 15
5 5 12
4 4 20
3 3 18
2 2 2
1 1 20
20
20 20 15
19 19 8
18 18 15
17 17 14
16 16 10
15 15 10
14 14 4
13 13 3
12 12 3
11 11 20
10 10 10
9 9 15
8 8 13
7 7 2
6 6 18
5 5 15
4 4 14
3 3 16
2 2 11
1 1 18
20
20 20 7
19 19 10
18 18 18
17 17 15
16 16 2
15 15 18
14 14 10
13 13 7
12 12 1
11 11 11
10 10 7
9 9 20
8 8 8
7 7 20
6 6 19
5 5 8
4 4 14
3 3 12
2 2 7
1 1 19
20
20 20 12
19 19 12
18 18 13
17 17 14
16 16 5
15 15 6
14 14 7
13 13 9
12 12 16
11 11 16
10 10 4
9 9 17
8 8 20
7 7 18
6 6 17
5 5 9
4 4 9
3 3 5
2 2 7
1 1 15
20
20 20 2
19 19 4
18 18 14
17 17 7
16 16 18
15 15 1
14 14 2
13 13 14
12 12 1
11 11 9
10 10 16
9 9 18
8 8 19
7 7 16
6 6 17
5 5 11
4 4 2
3 3 4
2 2 3
1 1 11
20
20 20 6
19 19 13
18 18 17
17 17 9
16 16 11
15 15 14
14 14 7
13 13 15
12 12 5
11 11 7
10 10 12
9 9 14
8 8 20
7 7 7
6 6 20
5 5 8
4 4 19
3 3 6
2 2 14
1 1 18
20
20 20 16
19 19 14
18 18 4
17 17 12
16 16 4
15 15 20
14 14 15
13 13 14
12 12 12
11 11 2
10 10 6
9 9 13
8 8 15
7 7 17
6 6 6
5 5 14
4 4 19
3 3 6
2 2 18
1 1 7
20
20 20 7
19 19 9
18 18 16
17 17 8
16 16 18
15 15 19
14 14 7
13 13 3
12 12 4
11 11 14
10 10 18
9 9 20
8 8 14
7 7 10
6 6 15
5 5 18
4 4 15
3 3 5
2 2 1
1 1 10
20
20 20 13
19 19 18
18 18 1
17 17 20
16 16 8
15 15 7
14 14 1
13 13 10
12 12 17
11 11 10
10 10 13
9 9 3
8 8 9
7 7 10
6 6 17
5 5 12
4 4 19
3 3 2
2 2 17
1 1 1
20
20 20 14
19 19 10
18 18 4
17 17 3
16 16 6
15 15 3
14 14 9
13 13 19
12 12 16
11 11 20
10 10 19
9 9 2
8 8 20
7 7 14
6 6 15
5 5 9
4 4 12
3 3 4
2 2 18
1 1 14
20
20 20 15
19 19 12
18 18 5
17 17 10
16 16 5
15 15 12
14 14 10
13 13 3
12 12 14
11 11 4
10 10 20
9 9 14
8 8 5
7 7 9
6 6 20
5 5 13
4 4 10
3 3 10
2 2 11
1 1 15
20
20 20 5
19 19 15
18 18 5
17 17 1
16 16 10
15 15 19
14 14 2
13 13 11
12 12 13
11 11 10
10 10 9
9 9 3
8 8 7
7 7 1
6 6 10
5 5 12
4 4 15
3 3 2
2 2 9
1 1 2
20
20 20 13
19 19 6
18 18 6
17 17 4
16 16 15
15 15 4
14 14 14
13 13 14
12 12 14
11 11 1
10 10 9
9 9 14
8 8 14
7 7 13
6 6 14
5 5 7
4 4 11
3 3 12
2 2 3
1 1 17
20
20 20 17
19 19 9
18 18 9
17 17 15
16 16 6
15 15 14
14 14 14
13 13 9
12 12 9
11 11 10
10 10 8
9 9 1
8 8 5
7 7 20
6 6 14
5 5 16
4 4 11
3 3 2
2 2 13
1 1 1
20
20 20 11
19 19 19
18 18 13
17 17 9
16 16 6
15 15 19
14 14 5
13 13 15
12 12 1
11 11 8
10 10 1
9 9 6
8 8 3
7 7 17
6 6 8
5 5 6
4 4 11
3 3 16
2 2 19
1 1 11
20
20 20 17
19 19 7
18 18 8
17 17 6
16 16 8
15 15 11
14 14 17
13 13 15
12 12 8
11 11 15
10 10 12
9 9 10
8 8 1
7 7 20
6 6 6
5 5 1
4 4 8
3 3 12
2 2 14
1 1 20
20
20 20 5
19 19 19
18 18 6
17 17 6
16 16 13
15 15 1
14 14 3
13 13 10
12 12 4
11 11 6
10 10 8
9 9 14
8 8 17
7 7 15
6 6 14
5 5 5
4 4 14
3 3 11
2 2 12
1 1 8
20
20 20 5
19 19 11
18 18 15
17 17 3
16 16 3
15 15 2
14 14 20
13 13 19
12 12 16
11 11 19
10 10 19
9 9 13
8 8 12
7 7 9
6 6 17
5 5 20
4 4 19
3 3 9
2 2 18
1 1 12
20
20 20 4
19 19 4
18 18 10
17 17 12
16 16 1
15 15 16
14 14 14
13 13 11
12 12 13
11 11 16
10 10 4
9 9 2
8 8 18
7 7 4
6 6 16
5 5 20
4 4 18
3 3 12
2 2 19
1 1 6
20
20 20 15
19 19 19
18 18 10
17 17 14
16 16 3
15 15 17
14 14 7
13 13 6
12 12 18
11 11 11
10 10 8
9 9 11
8 8 9
7 7 7
6 6 4
5 5 7
4 4 15
3 3 16
2 2 7
1 1 14
20
20 20 10
19 19 11
18 18 13
17 17 11
16 16 3
15 15 18
14 14 15
13 13 14
12 12 1
11 11 1
10 10 14
9 9 4
8 8 12
7 7 4
6 6 14
5 5 1
4 4 4
3 3 7
2 2 6
1 1 2
20
20 20 8
19 19 15
18 18 15
17 17 19
16 16 11
15 15 1
14 14 15
13 13 7
12 12 20
11 11 10
10 10 2
9 9 3
8 8 13
7 7 12
6 6 14
5 5 17
4 4 5
3 3 11
2 2 1
1 1 13
