98
100 100 49
99 99 52
98 98 31
97 97 59
96 96 10
95 95 87
94 94 25
93 93 70
92 92 100
91 90 5
90 89 51
89 88 12
88 87 26
87 86 15
86 85 81
85 84 44
84 83 59
83 82 70
82 81 53
81 80 66
80 79 29
79 78 42
78 77 97
77 76 56
76 75 78
75 74 5
74 73 23
73 72 48
72 71 2
71 70 72
70 69 67
69 68 55
68 67 33
67 66 92
66 65 5
65 64 70
64 63 63
63 62 80
62 61 44
61 60 19
60 59 71
59 58 31
58 57 87
57 56 53
56 55 59
55 54 98
54 53 32
53 52 12
52 51 18
51 50 21
50 49 26
49 48 17
48 47 78
47 46 12
46 45 7
45 44 20
44 43 54
43 42 73
42 41 96
41 40 80
39 39 21
38 38 84
37 37 10
36 36 15
35 35 30
34 34 15
33 33 23
32 32 44
31 31 94
30 30 30
29 29 8
28 28 17
27 27 40
26 26 34
25 25 78
24 24 33
23 23 63
22 22 95
21 21 69
20 20 35
19 19 57
18 18 99
17 17 64
16 16 58
14 15 27
13 14 68
12 13 58
11 12 91
10 11 22
9 10 31
8 9 3
7 8 48
6 7 14
5 6 93
4 5 64
3 3 47
2 2 27
1 1 34
