1
100
11 16 4 70 23 45 80 84 35 91 47 55 20 15 62 69 63 59 42 65 50 73 66 95 32 57 89 34 10 41 33 72 17 99 14 61 3 28 40 98 31 76 58 100 19 83 48 88 29 22 13 49 71 53 21 86 85 78 43 60 58 77 7 18 96 6 38 25 8 67 64 9 74 2 37 1 27 36 81 5 51 90 26 93 44 46 82 87 52 12 94 68 30 97 24 56 92 79 75 39
46 51 39 5 58 80 15 19 70 26 82 90 60 50 97 4 98 94 77 100 85 8 1 30 67 92 24 69 45 76 68 7 52 34 49 96 38 63 75 33 66 11 93 35 54 18 83 23 64 57 48 84 6 88 56 21 20 13 78 40 89 12 42 53 31 41 73 95 43 2 99 44 9 37 72 36 62 71 16 55 86 25 61 28 79 81 17 22 87 47 29 3 65 32 59 91 27 14 10 74
69 74 62 28 81 3 38 42 93 49 5 13 78 73 20 27 21 17 100 23 8 31 24 53 90 15 47 92 68 99 91 30 75 57 72 19 61 86 98 56 89 34 16 58 77 41 6 46 87 80 71 7 29 11 79 44 35 36 19 18 12 35 65 76 54 64 96 83 66 25 22 67 32 60 95 59 85 94 39 63 9 48 84 51 2 4 40 45 10 70 52 26 88 55 82 14 50 37 33 97
65 70 58 24 77 99 34 38 89 45 1 9 74 69 16 23 17 13 96 19 4 27 20 49 86 26 43 88 64 95 87 26 71 53 68 15 57 82 94 52 85 30 12 54 73 37 2 42 83 76 67 3 25 7 75 40 39 32 97 14 8 31 61 72 50 60 92 79 62 96 18 63 28 56 91 55 81 90 35 59 5 44 80 47 98 100 36 41 6 66 48 22 84 51 78 10 46 33 29 93
44 49 37 3 56 78 13 17 68 24 80 88 53 48 95 2 96 92 75 98 83 6 99 28 65 90 22 67 43 74 66 57 50 32 47 94 36 61 73 31 64 9 91 85 52 16 81 21 62 55 46 82 4 86 54 19 18 11 76 93 87 10 40 51 29 39 71 58 41 100 97 42 7 35 70 34 60 69 14 38 84 23 59 26 77 79 15 20 5 45 27 1 63 30 33 89 25 12 8 72
12 5 17 71 24 46 81 85 36 92 48 56 21 16 63 70 64 60 43 66 51 74 67 96 33 58 90 35 11 42 34 73 18 100 15 62 4 29 41 99 32 77 59 1 20 84 49 89 30 23 14 50 72 54 22 87 86 79 44 61 55 78 8 19 97 7 39 26 9 68 65 10 75 3 38 2 28 37 82 6 52 91 27 94 45 47 83 88 53 13 95 69 31 98 25 57 93 80 76 40
32 37 25 91 44 66 1 5 56 12 68 76 41 36 83 90 84 80 63 86 71 94 87 16 53 78 10 55 31 62 54 79 38 20 35 82 24 49 29 19 52 97 79 21 40 4 69 9 50 43 34 70 92 74 42 7 6 99 64 81 75 98 28 39 17 27 59 46 73 88 85 30 95 23 58 22 48 57 2 26 72 11 47 14 65 67 3 8 61 33 15 89 51 18 45 77 13 100 96 60
23 28 16 82 35 57 92 96 47 3 59 67 32 27 74 81 75 71 54 77 62 85 78 7 44 69 1 46 22 53 45 84 29 11 26 73 15 40 52 10 43 88 70 12 31 95 60 100 41 34 25 61 83 65 33 98 97 90 55 72 66 89 19 30 8 18 50 37 20 79 76 21 86 14 49 13 39 48 93 17 63 2 38 5 56 58 94 99 64 24 6 80 42 9 36 68 4 91 87 51
61 66 54 20 73 95 30 34 85 41 97 5 70 65 12 19 13 9 92 15 100 23 16 45 82 7 39 84 60 91 83 22 67 49 64 100 53 78 90 48 81 26 8 50 69 33 98 38 79 72 63 99 21 3 71 36 35 28 93 55 4 27 57 68 46 56 88 75 58 17 14 59 24 52 87 51 77 86 31 10 1 40 76 43 94 96 32 37 2 62 44 18 80 47 74 6 42 29 25 89
55 60 48 14 67 89 24 28 79 35 91 99 64 59 6 13 7 3 86 9 94 17 10 39 76 1 33 78 54 85 77 16 61 43 58 5 47 72 84 42 75 20 2 44 63 27 92 32 73 66 57 93 15 97 65 30 29 22 87 4 98 21 51 62 40 50 82 69 52 11 8 53 18 46 81 45 71 80 25 49 95 34 70 37 88 90 26 31 96 56 38 12 42 41 68 100 36 23 19 83
97 2 90 56 9 31 66 70 21 77 33 41 6 1 48 55 49 45 28 51 36 59 52 81 18 43 75 20 96 27 19 58 3 85 100 47 89 14 26 84 17 62 44 86 5 69 34 2 15 8 99 35 57 39 7 72 71 64 29 46 40 63 93 4 82 92 24 11 94 53 50 95 60 88 23 87 13 22 67 91 37 76 12 79 30 32 68 73 38 98 80 54 16 83 10 42 78 65 61 25
79 84 72 38 91 13 48 52 3 59 15 23 88 83 30 37 31 27 10 33 18 41 34 63 100 25 57 2 78 9 1 40 85 67 82 29 71 96 8 66 99 76 26 68 87 51 16 56 97 90 81 17 39 21 89 54 53 46 11 28 22 45 75 86 64 74 6 93 76 35 32 77 42 70 5 69 95 4 49 73 19 58 94 61 12 14 50 55 20 80 62 36 98 65 92 24 60 47 43 7
83 88 76 42 95 17 52 56 7 63 19 27 92 87 34 41 35 31 14 37 22 45 38 67 4 29 61 6 82 13 5 44 89 71 86 33 75 100 12 70 3 48 30 72 91 55 20 60 1 94 85 21 43 25 93 58 57 50 15 32 26 49 79 90 68 78 10 97 80 39 36 81 46 74 9 73 99 8 53 77 23 62 98 65 16 18 54 59 24 84 66 40 2 69 96 28 64 51 26 11
68 73 61 27 80 2 37 41 92 48 4 12 77 72 19 26 20 16 99 22 7 30 23 52 89 14 46 91 67 98 90 29 74 56 71 18 60 85 49 55 88 33 15 57 76 40 5 45 86 79 70 6 28 69 78 43 42 35 100 17 11 34 64 75 53 63 95 82 97 24 21 66 31 59 94 58 84 93 38 62 8 47 83 50 1 3 39 44 9 69 51 25 87 54 81 13 65 36 32 96
66 71 59 25 78 100 35 87 90 43 2 10 75 70 17 24 18 14 97 20 5 28 21 50 15 12 44 89 65 96 88 27 25 54 69 16 58 83 95 53 86 31 13 55 74 38 3 43 84 77 68 4 26 8 28 41 40 33 98 39 9 32 62 73 51 61 93 80 63 22 19 64 29 57 92 56 82 91 36 60 6 45 81 48 99 1 37 42 7 67 49 23 85 52 79 11 47 34 30 94
93 98 86 52 5 27 62 66 17 73 29 37 2 97 44 51 45 41 24 47 32 55 48 77 14 39 71 16 92 23 15 54 99 81 96 43 85 10 22 80 13 58 40 82 1 65 30 70 11 4 95 31 53 35 3 68 67 60 25 42 36 59 89 100 78 88 20 7 90 49 46 23 56 84 19 83 9 18 63 87 33 72 8 75 26 28 64 69 34 94 76 50 12 79 6 38 74 61 57 21
3 8 96 62 15 37 72 76 84 83 39 47 12 7 54 61 55 51 34 57 42 65 58 87 24 49 81 26 2 33 25 64 9 91 6 53 95 20 32 90 23 68 50 92 11 75 40 80 21 14 5 41 63 45 13 78 77 70 35 52 46 69 99 10 88 98 30 17 100 59 56 1 66 94 29 93 19 28 73 97 43 82 18 85 36 38 74 79 44 4 86 60 22 89 16 48 84 71 67 31
7 12 100 66 19 41 76 80 31 87 43 51 16 11 58 65 59 55 38 61 46 69 62 91 28 53 85 30 6 37 29 68 13 95 10 57 99 24 36 94 27 72 54 96 15 79 44 84 25 18 9 45 67 49 17 82 81 74 39 56 50 73 3 14 92 2 34 21 4 63 60 5 70 98 33 97 23 32 77 1 47 86 22 89 40 42 78 83 48 8 90 64 26 93 20 52 88 75 71 35
13 78 66 32 85 7 42 46 97 53 9 17 82 77 24 31 25 21 4 27 24 35 28 57 94 19 51 96 72 3 95 34 79 61 76 23 65 90 2 60 93 38 20 62 81 45 10 50 91 84 75 11 33 15 83 48 47 40 5 22 16 39 69 80 58 68 100 87 70 29 26 71 36 64 99 63 89 98 43 67 13 52 88 55 6 8 44 49 14 74 56 30 92 59 86 18 54 41 37 1
59 64 52 18 71 93 28 32 83 39 95 3 68 63 10 17 11 7 90 13 98 21 14 43 80 5 37 82 58 89 81 20 65 47 62 9 51 76 88 46 79 24 6 48 67 31 96 36 77 70 61 97 19 1 69 34 33 26 91 8 2 25 55 66 44 54 86 73 56 15 12 57 22 50 85 49 75 84 29 53 99 38 98 41 92 94 30 35 100 60 42 16 78 45 72 4 40 27 23 87
71 76 64 30 83 5 40 44 95 51 7 15 80 75 22 29 23 19 2 25 10 33 26 55 92 17 49 94 70 1 93 32 77 59 74 21 63 88 100 58 91 36 18 60 79 43 8 48 89 30 73 9 31 13 81 46 45 38 3 20 14 37 67 78 56 66 98 85 68 27 24 69 34 62 97 61 87 96 41 65 11 50 86 53 4 6 42 47 12 72 54 28 90 57 84 16 52 39 35 99
62 67 55 21 74 96 31 35 86 42 98 6 71 66 13 20 14 10 93 16 1 24 17 46 83 8 40 85 61 2 84 63 68 50 65 12 54 79 11 49 82 27 9 51 70 34 99 39 80 73 64 100 22 4 72 37 93 29 94 91 5 28 58 69 87 57 89 76 59 18 15 60 25 53 88 52 78 23 32 56 2 41 77 44 95 97 33 38 3 7 45 19 81 48 75 47 43 30 26 90
21 26 14 80 33 55 90 94 45 1 57 65 30 25 72 79 73 69 52 75 60 83 76 5 42 67 99 44 84 51 43 82 27 9 24 71 13 38 50 8 41 86 68 10 29 93 58 98 39 32 23 59 81 63 31 96 95 88 53 15 64 87 17 28 6 16 48 35 18 77 74 19 84 12 47 11 37 46 91 70 61 100 36 3 54 56 92 97 62 22 4 78 40 7 34 66 94 89 85 49
51 56 44 10 63 85 20 24 75 31 87 95 100 55 2 9 3 99 82 5 90 13 6 35 72 97 29 74 50 81 73 12 57 39 54 1 43 68 80 38 71 16 98 40 59 23 88 28 69 62 53 89 11 93 61 26 25 18 83 65 94 17 47 58 36 46 78 60 48 7 4 49 14 42 77 41 67 76 21 45 91 30 66 33 84 86 22 27 92 52 34 8 70 37 64 96 32 19 15 79
20 25 13 79 32 54 89 93 44 100 56 64 29 24 71 78 72 68 51 74 59 82 75 4 41 66 98 43 19 50 42 81 26 8 23 70 12 37 61 7 40 85 67 33 28 92 57 97 38 31 22 58 80 62 30 95 94 87 52 69 63 86 16 27 5 15 47 34 49 76 73 18 83 11 46 10 36 45 90 14 60 99 83 2 53 55 91 96 17 21 3 77 39 6 9 65 1 88 84 48
37 42 30 96 49 71 6 10 61 17 73 81 46 41 88 95 89 85 68 91 76 99 92 21 58 83 15 60 36 67 59 98 43 25 40 87 29 54 66 24 57 2 84 26 45 9 74 14 55 48 39 75 97 79 47 12 11 4 69 86 80 3 33 44 22 32 64 51 34 93 90 35 100 28 63 27 53 62 7 31 77 16 52 19 70 72 8 13 78 38 20 94 56 23 50 82 18 5 1 65
76 81 69 35 88 10 45 49 100 56 12 20 73 80 27 34 28 24 7 30 15 38 31 60 97 22 54 99 75 6 98 37 82 64 79 26 68 17 5 63 96 41 23 65 84 48 13 57 94 87 78 14 36 18 86 51 50 43 8 25 19 42 72 83 61 71 3 90 33 32 29 74 39 67 2 66 92 1 46 40 16 55 91 58 9 11 47 52 85 77 59 93 95 62 89 21 53 44 70 4
82 87 75 41 94 16 11 55 6 62 18 26 91 86 33 40 34 30 13 36 21 44 37 66 3 28 60 5 81 12 4 27 88 70 85 32 74 99 51 69 23 47 29 71 90 54 19 59 100 93 84 20 42 24 92 57 56 49 14 31 25 48 78 89 67 77 9 96 79 38 35 80 45 73 8 72 98 7 52 76 22 61 97 64 15 17 53 58 23 83 65 39 1 68 95 27 63 50 46 10
96 1 89 55 8 30 65 69 20 76 32 40 85 100 47 54 48 44 27 50 35 58 51 80 17 42 74 19 95 26 18 5 2 84 99 46 88 13 25 83 16 73 43 9 4 68 33 53 14 7 98 34 56 38 6 71 70 63 28 45 39 62 92 3 81 91 59 10 93 52 49 94 59 87 22 86 12 21 66 90 36 75 11 78 29 31 67 72 37 97 79 61 15 82 57 41 77 64 60 24
15 20 8 74 27 49 84 88 39 95 51 59 24 19 66 73 67 63 46 69 54 77 70 99 36 61 93 38 14 45 37 76 21 3 18 65 7 32 44 2 35 80 62 4 23 87 52 92 33 26 17 53 75 57 25 90 89 82 47 64 58 81 11 22 100 10 42 29 12 71 68 13 78 6 41 5 31 40 85 9 55 94 30 97 48 50 86 91 56 16 98 72 34 1 28 60 96 83 79 43
85 90 78 44 97 19 54 58 9 65 21 29 94 89 36 43 37 33 16 39 24 47 40 69 6 31 63 8 84 15 7 46 91 73 88 35 77 2 14 72 5 50 32 74 93 57 22 62 3 96 87 23 45 27 95 77 59 52 17 34 28 51 81 92 70 80 12 99 82 41 38 83 48 76 11 75 1 10 55 79 25 64 100 67 18 20 56 61 26 86 68 42 4 71 98 30 66 53 49 13
99 4 92 58 11 33 68 72 23 79 35 43 8 3 50 57 51 47 30 53 38 61 54 83 20 45 77 22 98 29 21 60 5 87 2 49 91 16 28 86 19 64 46 88 7 46 36 76 17 10 1 37 59 41 9 74 73 66 31 48 42 65 95 6 84 94 26 13 96 55 52 97 62 90 25 89 15 24 69 93 39 78 14 81 32 34 70 75 40 100 82 56 18 85 12 44 80 67 63 27
27 32 20 86 39 61 96 100 51 7 63 71 36 31 78 85 79 75 58 81 66 89 82 11 48 73 5 50 26 57 49 88 33 15 30 77 19 44 56 14 47 92 47 16 35 99 64 4 45 38 29 65 87 69 37 2 1 94 59 76 70 93 23 34 12 22 54 41 24 83 80 25 90 18 53 17 43 52 97 21 67 6 42 9 60 62 98 3 68 28 10 84 46 13 40 72 8 95 91 55
38 43 31 97 50 72 7 11 62 18 74 82 47 42 89 96 90 86 69 92 77 100 93 22 59 84 16 61 37 68 60 99 44 12 41 88 30 55 67 25 58 3 85 27 46 10 75 15 56 49 40 76 98 80 48 13 12 5 70 87 81 4 34 45 23 33 65 52 35 94 91 36 1 29 64 28 54 63 8 32 78 17 53 20 71 73 9 14 79 39 21 95 57 24 51 83 19 6 2 66
89 94 82 48 1 23 58 62 13 69 25 33 98 93 40 47 41 37 20 43 28 51 44 73 10 35 67 12 88 19 11 50 95 77 92 39 81 6 18 76 9 54 36 78 97 61 26 66 7 100 91 27 49 31 51 64 63 56 21 38 32 55 85 96 74 30 16 3 86 45 42 87 52 80 15 79 5 14 59 83 29 68 4 71 22 24 60 65 57 90 72 46 8 75 2 34 70 84 53 72
18 23 11 77 30 52 87 91 42 98 54 62 27 22 69 76 70 66 49 72 57 80 73 2 76 64 96 41 17 48 40 79 24 6 21 68 10 35 47 5 38 83 65 63 26 90 55 95 36 29 20 39 78 60 28 93 92 85 50 67 61 84 14 25 3 13 45 32 15 74 71 96 81 9 44 8 34 43 88 12 58 97 33 100 51 53 89 94 59 19 1 75 37 4 31 7 99 86 82 46
10 15 3 69 22 44 79 83 34 90 46 54 19 14 61 68 62 58 29 64 49 72 65 94 31 56 88 33 9 40 32 71 16 98 13 60 2 27 39 97 90 75 57 99 18 82 47 72 28 21 12 48 70 52 20 85 84 77 42 59 53 76 6 17 95 5 37 24 7 66 63 8 73 1 36 100 27 35 80 4 50 89 25 92 43 45 81 86 51 11 93 67 29 96 23 55 91 78 74 38
5 10 98 64 17 39 74 78 29 85 41 49 14 9 56 63 57 53 36 59 44 67 60 89 26 51 83 28 4 35 27 66 11 93 8 55 97 22 34 92 25 70 52 94 13 77 42 82 23 16 7 43 65 47 88 80 62 72 37 54 48 71 1 12 90 100 32 19 2 61 58 3 68 96 31 95 21 30 75 99 45 84 20 87 38 40 76 81 46 6 88 62 24 91 18 50 86 73 69 33
80 85 73 39 92 14 49 65 4 60 16 24 89 84 31 38 32 28 11 34 19 42 35 64 1 26 58 3 79 10 2 41 86 68 83 30 72 97 9 67 100 37 27 69 88 52 17 5 98 91 82 18 40 22 90 55 54 47 12 29 23 46 76 87 57 75 7 94 77 36 45 78 43 71 6 70 96 53 38 74 20 59 95 62 13 15 6 56 21 81 63 33 99 66 93 25 61 48 44 8
84 89 77 43 96 18 53 57 8 64 20 28 93 88 35 42 36 32 15 38 23 46 39 68 5 30 62 7 83 14 6 45 90 72 87 34 76 1 13 71 4 49 31 73 92 56 21 61 2 95 86 22 44 26 94 59 58 51 16 33 27 50 80 91 69 79 11 98 65 40 37 82 47 75 10 74 100 9 54 78 24 63 99 66 17 19 55 60 25 85 67 41 3 70 97 29 81 52 48 12
19 24 12 78 31 53 88 92 43 99 55 63 28 23 70 77 71 67 50 73 58 81 74 3 40 65 97 42 18 49 41 80 25 7 22 69 11 36 48 6 39 84 66 8 27 91 56 96 37 30 21 57 79 61 29 94 93 86 51 68 62 85 15 26 4 14 46 33 16 75 72 17 82 10 45 9 35 44 89 13 59 98 34 1 52 54 90 95 60 20 2 76 38 5 32 64 100 87 83 47
70 75 63 29 82 4 39 43 94 50 6 14 79 74 21 28 22 18 1 24 9 32 25 54 91 16 48 93 69 100 92 31 76 58 73 20 62 87 99 57 90 35 17 59 78 42 7 47 88 81 72 8 30 12 80 45 44 37 2 19 13 36 66 77 55 65 97 84 67 26 23 68 33 61 96 60 86 95 40 64 10 49 29 52 3 5 41 46 11 71 53 27 89 56 83 15 51 38 34 98
2 7 95 61 14 36 71 75 26 82 38 46 11 6 53 60 54 50 33 56 41 64 57 86 87 48 80 25 1 32 24 23 8 90 5 52 94 19 31 89 22 67 49 91 10 74 39 79 20 13 4 97 62 44 12 77 76 69 34 51 45 68 98 9 47 97 29 16 99 58 55 100 65 93 28 92 18 27 72 96 42 81 17 84 35 37 73 78 43 3 85 59 21 88 15 63 83 70 66 30
33 38 26 92 45 67 2 6 57 13 69 77 42 37 84 91 85 81 64 87 72 95 88 17 54 79 11 56 32 63 55 94 39 21 36 83 25 50 62 20 53 98 80 22 41 5 53 10 51 44 35 71 93 75 43 8 7 100 65 82 76 99 29 40 18 28 60 47 30 89 86 31 96 24 59 23 49 58 3 27 73 12 48 15 66 68 4 9 74 34 16 90 52 19 46 78 14 1 97 61
49 54 42 8 61 83 18 22 73 29 85 93 58 53 100 7 1 97 80 3 88 11 4 33 70 95 27 72 48 79 80 10 55 37 52 99 41 66 78 36 69 14 96 38 57 21 86 26 67 60 51 87 9 91 59 24 23 16 81 98 92 15 45 56 34 44 76 63 46 5 2 47 12 40 75 39 65 74 19 43 89 28 64 31 82 84 20 25 90 50 32 6 68 35 62 94 30 17 13 77
63 68 56 22 75 97 32 36 87 43 99 7 72 67 14 21 15 11 94 17 2 25 18 47 84 9 41 86 62 93 85 24 69 51 66 13 55 80 92 50 83 28 10 52 71 35 100 40 81 74 65 1 23 5 73 38 37 30 95 12 6 29 59 70 48 58 90 77 60 19 16 61 26 54 89 53 79 88 33 57 3 42 78 45 96 98 34 39 4 64 46 20 82 49 76 8 44 31 27 91
14 19 7 73 26 48 83 39 38 94 50 58 23 18 65 72 66 62 45 68 53 76 69 98 35 60 92 37 13 44 36 75 20 2 17 64 6 31 43 1 34 79 61 3 22 86 51 91 32 25 16 52 74 56 24 89 88 81 46 63 57 80 10 21 99 9 41 28 11 70 67 12 77 5 40 4 30 87 84 8 54 93 29 96 47 49 85 90 55 15 97 76 33 100 27 59 95 82 78 42
58 63 51 17 70 92 27 31 82 38 94 2 67 62 9 16 10 6 89 12 97 20 13 42 79 4 36 81 57 88 80 11 64 46 61 8 50 75 87 45 78 23 5 47 66 30 95 35 76 69 60 96 18 100 68 33 32 25 90 7 1 24 54 65 43 53 85 72 55 14 11 56 21 49 84 48 74 83 28 52 98 37 73 40 91 93 29 34 99 59 41 15 77 44 71 3 39 26 22 86
29 34 22 88 41 63 98 2 53 9 65 73 38 33 80 87 81 77 60 83 68 91 84 13 50 75 7 52 28 59 51 90 35 17 32 79 21 46 58 16 49 94 76 18 37 1 66 6 47 40 31 67 89 71 39 4 3 96 61 78 72 95 25 36 14 24 56 43 26 85 82 27 92 20 55 19 45 54 99 23 69 8 44 11 62 64 100 5 70 30 12 86 48 15 42 74 10 97 93 57
35 40 28 94 47 69 4 8 59 15 71 79 44 39 86 93 87 83 66 89 74 97 90 19 56 81 13 58 34 65 57 96 41 23 38 85 27 52 64 22 55 100 82 24 43 7 72 12 53 46 37 73 95 77 45 10 9 2 67 30 78 1 31 42 20 84 62 49 32 91 88 33 98 26 61 25 51 60 5 29 75 14 50 17 68 70 6 11 76 36 18 92 54 21 48 80 16 3 99 63
26 31 19 85 38 60 47 99 50 6 62 70 35 30 77 84 78 74 57 80 65 88 81 10 95 72 4 49 25 56 48 87 32 14 29 76 18 43 55 13 46 91 73 15 34 98 63 3 44 37 28 64 86 68 36 1 100 93 58 75 69 92 22 33 11 21 53 40 23 82 79 24 89 17 52 16 42 51 96 20 66 5 41 8 59 61 97 2 67 27 9 83 45 12 39 71 7 94 90 54
40 45 33 99 52 74 9 13 64 20 76 84 49 44 91 98 92 88 71 94 79 2 95 24 61 86 18 63 39 70 62 1 46 28 43 90 32 57 69 27 60 5 87 29 48 12 77 17 58 51 42 78 100 82 50 15 14 7 72 89 83 6 36 47 25 35 67 54 37 96 93 38 3 31 66 30 56 65 10 34 80 19 55 22 73 75 11 16 81 41 23 97 7 26 53 85 21 8 4 68
13 18 6 72 25 47 82 86 37 93 49 57 22 17 64 71 65 61 44 67 52 75 68 97 34 59 91 36 12 43 35 74 19 1 16 63 5 30 42 100 33 78 60 2 21 85 50 90 31 24 15 51 73 55 23 88 87 80 45 62 56 79 9 20 98 8 40 27 10 69 66 11 76 4 39 3 29 38 83 7 53 92 28 95 46 48 84 89 54 14 96 70 32 99 26 58 94 81 77 41
24 17 29 83 36 58 93 97 48 4 60 68 33 28 75 82 76 72 55 78 63 86 79 8 45 70 2 47 23 54 46 85 30 12 27 74 16 41 53 11 44 89 71 13 32 96 61 1 42 35 26 62 84 66 34 99 98 91 56 73 67 90 20 31 9 19 86 38 21 80 77 22 87 15 50 14 40 49 94 18 64 3 39 6 57 59 95 100 65 25 7 81 43 10 37 69 5 92 88 52
90 95 83 49 85 24 59 63 14 70 26 34 99 94 41 48 42 38 21 44 29 52 45 74 11 36 68 13 89 20 12 51 96 78 93 40 82 7 77 77 10 55 37 79 98 62 27 67 8 1 92 28 50 32 100 65 64 57 22 84 33 56 86 97 75 85 17 4 87 46 43 88 53 81 16 80 6 39 60 15 30 69 5 72 23 25 61 66 31 91 73 47 9 76 3 35 71 58 54 18
86 91 79 45 98 20 55 59 10 66 22 30 95 90 37 98 38 34 17 40 25 48 41 70 7 32 64 9 85 16 8 47 92 74 89 36 78 3 15 73 6 51 33 75 94 58 23 63 4 97 88 24 46 28 96 61 60 53 18 35 29 52 82 93 71 81 13 100 83 42 39 84 49 77 12 76 2 11 56 80 26 65 1 68 19 21 57 62 27 87 69 43 5 72 99 31 67 54 50 14
31 36 24 90 43 65 100 4 55 11 67 75 40 35 82 89 83 79 62 85 70 93 86 15 52 77 9 54 30 61 53 92 37 19 34 81 23 48 60 18 51 96 78 20 39 3 68 8 49 42 33 69 91 73 41 6 5 98 63 80 74 97 27 38 16 26 58 45 28 87 84 29 94 22 57 21 47 56 1 25 71 10 46 13 64 66 2 7 72 32 51 88 50 17 44 76 12 99 95 59
56 61 49 15 68 90 25 29 80 36 92 100 65 60 7 14 8 4 87 10 95 18 11 40 77 2 34 79 55 86 78 17 62 44 59 6 48 73 85 43 76 21 3 45 64 28 93 33 74 67 58 94 16 98 66 31 30 23 88 5 99 22 52 63 41 51 83 70 53 12 9 54 19 47 82 46 72 81 26 50 96 35 71 38 89 91 27 32 97 57 39 65 75 42 69 1 37 24 20 84
45 50 38 4 57 79 14 18 69 25 81 89 54 49 96 3 97 93 89 99 84 7 100 29 66 91 23 68 44 75 67 6 51 33 48 95 37 62 74 32 65 10 92 34 53 17 82 22 63 56 47 83 5 87 55 20 19 12 77 94 88 11 41 52 59 40 72 59 42 1 98 43 8 36 71 35 61 70 15 39 85 24 60 27 78 80 16 21 86 46 28 2 64 31 58 90 26 13 9 73
52 9 45 11 64 86 21 25 76 32 88 96 61 56 3 10 4 100 83 6 91 14 7 36 73 98 30 75 51 82 74 13 58 40 55 2 44 69 81 39 72 17 99 41 60 24 89 29 70 63 54 90 12 94 62 27 26 19 84 1 95 18 89 59 65 47 79 66 57 8 33 50 15 43 78 42 68 77 22 46 92 31 67 34 85 87 23 28 93 53 35 37 71 38 5 97 49 20 16 80
95 100 88 54 7 29 64 68 19 75 31 39 4 99 46 53 47 43 26 49 34 57 50 79 16 41 73 18 94 25 17 56 1 83 98 45 87 12 24 82 15 60 42 84 3 67 32 72 13 6 97 33 55 37 5 70 69 62 27 44 38 61 91 2 80 90 22 9 92 51 48 93 58 86 21 85 11 20 65 89 35 74 10 77 28 30 66 71 36 96 78 52 14 81 8 40 76 63 59 23
34 39 27 93 46 68 3 7 58 14 70 78 43 38 85 92 86 82 65 88 73 96 89 18 55 80 12 57 33 64 56 73 40 22 37 84 26 51 63 21 54 99 81 23 42 6 71 11 52 45 36 72 94 76 44 9 8 1 66 83 77 100 30 41 19 29 61 48 31 90 87 32 97 25 60 24 50 59 4 28 74 13 49 16 67 69 5 10 75 35 17 91 53 20 47 79 15 2 98 62
30 35 23 89 42 64 51 3 54 10 66 74 39 34 81 88 82 78 61 84 69 92 85 14 99 76 8 53 29 60 52 91 36 18 33 80 22 47 59 17 50 95 77 19 38 2 67 7 48 41 32 68 90 72 40 5 4 97 62 79 73 96 26 37 15 25 57 44 27 86 83 28 93 21 56 20 46 55 100 24 70 9 45 12 63 65 1 6 71 31 13 87 49 16 43 75 11 98 94 58
98 3 91 57 10 32 67 71 22 78 34 42 7 2 49 56 50 46 29 52 37 60 53 82 23 44 76 21 97 28 20 59 4 86 1 48 90 15 27 85 18 63 45 87 6 70 35 75 16 9 100 36 58 40 8 73 72 65 30 47 41 64 94 5 83 93 25 12 95 54 51 96 61 89 24 88 14 19 68 92 38 77 13 80 31 33 69 74 39 99 81 55 17 84 11 43 79 66 62 26
87 92 80 46 35 21 56 60 11 67 23 31 96 91 38 45 39 35 18 41 26 49 42 71 8 33 65 10 86 17 9 48 93 75 90 37 79 4 16 74 7 52 34 76 95 59 24 64 5 98 89 25 47 29 97 62 61 54 19 36 30 53 83 94 72 82 14 1 84 43 40 85 50 78 13 77 3 12 57 81 27 66 2 69 20 22 58 63 28 88 70 44 6 73 100 32 68 55 51 15
72 77 65 31 84 6 41 53 96 52 8 16 81 76 23 30 24 62 3 26 11 34 27 56 93 18 78 95 71 2 94 33 78 60 75 22 64 89 1 59 92 45 19 61 80 44 9 49 90 83 74 10 32 14 82 47 46 39 4 21 15 38 68 79 37 67 99 86 69 28 25 70 35 63 98 62 88 97 42 66 12 51 87 54 5 7 43 48 13 73 55 29 91 58 85 17 57 40 36 100
91 96 84 50 3 25 60 64 15 71 27 35 55 3 42 49 43 39 22 45 30 53 46 75 12 7 20 14 90 21 13 52 97 79 94 41 83 8 20 78 11 56 38 80 99 63 28 68 9 2 93 29 51 33 1 66 65 58 23 100 34 57 87 98 76 86 18 5 88 47 31 89 54 82 17 81 7 16 61 85 31 70 6 73 24 26 62 67 32 92 74 48 10 77 4 36 72 59 40 19
74 79 67 33 86 8 63 47 98 54 10 18 83 78 25 32 26 22 5 28 13 36 29 58 43 20 52 97 73 4 96 35 80 62 77 24 66 91 3 61 94 39 21 95 82 46 11 51 92 85 76 12 34 16 84 49 48 41 6 23 17 40 70 81 59 69 1 88 71 30 27 72 37 65 100 64 90 99 44 68 14 53 89 56 7 9 45 50 15 75 57 31 93 60 87 19 55 42 38 2
4 65 97 63 16 38 73 77 28 84 40 48 13 8 55 62 56 52 35 58 43 66 59 88 25 50 82 27 3 34 26 69 10 92 7 54 96 21 33 91 24 61 51 93 12 76 41 81 22 15 78 42 64 46 14 79 78 71 36 72 47 70 100 11 89 99 31 18 1 60 57 2 67 95 30 94 20 29 74 98 44 83 19 86 37 39 75 80 45 5 87 9 23 90 17 49 85 72 68 32
75 80 68 34 87 79 47 48 99 55 11 19 84 79 26 33 27 23 6 29 14 37 30 59 96 21 53 98 74 5 97 36 81 63 78 25 67 92 4 62 95 40 22 64 83 47 12 52 93 86 77 13 35 17 85 50 49 42 7 24 18 41 71 82 60 70 2 89 72 31 28 73 38 66 1 65 91 100 45 69 15 54 90 57 8 10 46 51 16 76 58 32 94 61 88 20 56 43 39 3
54 59 47 13 66 88 23 27 78 34 90 98 63 58 5 12 6 2 85 8 93 16 9 38 75 100 32 77 53 84 76 15 60 42 57 4 46 71 83 41 74 19 1 43 62 26 91 31 72 65 56 92 14 96 64 29 28 21 86 3 97 20 50 61 39 49 81 68 51 10 7 52 17 45 80 44 70 79 24 48 94 33 69 36 87 89 25 30 95 55 37 11 73 40 67 99 35 22 18 82
16 21 9 75 28 50 85 89 40 96 52 60 25 20 67 74 68 64 47 70 55 78 71 100 37 62 94 39 15 46 38 77 22 4 19 66 8 33 45 3 36 81 63 5 24 88 53 93 34 27 18 54 76 58 26 91 90 83 48 10 59 82 12 23 1 11 43 65 13 72 69 14 79 7 42 6 32 41 86 84 56 95 31 98 49 51 87 92 30 17 99 73 35 2 29 61 97 57 80 44
88 93 81 47 100 22 57 61 12 68 24 32 97 92 39 46 40 36 19 42 27 50 43 72 9 34 66 11 87 18 10 49 94 76 91 38 80 5 17 75 8 53 35 77 96 60 25 65 6 99 90 26 48 30 98 63 62 55 20 37 31 54 84 95 73 83 15 2 85 44 41 86 51 79 14 78 4 13 58 82 28 67 3 70 21 23 59 64 29 89 71 45 7 74 1 33 69 56 52 16
17 22 10 76 29 51 86 90 41 97 53 61 26 21 68 75 69 65 48 71 56 79 72 1 38 63 95 40 16 47 39 78 23 5 20 67 9 34 46 4 37 82 64 6 25 89 54 94 35 28 19 55 77 59 27 92 91 84 49 66 60 83 13 24 2 12 44 31 14 73 70 15 80 8 43 7 33 42 87 11 57 96 32 99 50 52 88 93 58 18 100 74 36 3 30 62 98 85 81 45
48 53 41 7 60 82 17 21 72 28 84 92 57 52 99 6 100 96 79 95 87 10 3 32 69 49 26 71 47 78 70 9 54 36 51 98 40 65 77 35 68 13 95 37 56 20 85 25 66 59 50 86 8 90 58 23 22 15 80 97 91 14 44 55 33 43 75 62 45 4 1 46 11 39 74 38 64 73 18 42 88 27 63 30 81 83 19 24 89 49 31 5 67 34 61 93 29 16 12 76
94 99 87 53 6 28 95 67 18 74 30 38 3 98 45 52 46 42 25 48 33 56 49 78 19 40 72 17 93 24 16 55 100 82 97 44 86 11 23 81 14 59 41 83 2 66 31 71 12 5 96 32 54 36 4 69 68 61 26 43 37 60 90 1 79 89 21 8 91 50 47 92 57 85 20 84 10 15 64 88 34 73 9 76 27 29 65 65 35 63 77 51 13 80 7 39 75 62 58 22
43 48 36 2 55 77 12 16 67 23 79 87 52 47 94 1 95 91 74 97 82 5 98 27 64 89 21 66 42 73 65 4 49 31 46 93 35 60 72 30 63 8 90 32 51 15 80 23 61 54 45 81 3 85 53 18 17 10 75 92 86 9 39 50 28 38 70 57 40 99 96 41 6 34 69 33 59 68 13 37 83 22 58 25 76 78 14 19 84 44 26 100 62 29 56 88 24 11 7 71
6 11 99 65 18 40 75 79 30 86 42 50 15 10 57 64 58 54 37 60 45 68 61 90 27 52 84 29 5 36 28 67 12 94 9 56 98 23 35 93 26 71 53 7 14 78 1 83 24 17 8 44 66 48 16 81 80 73 38 70 49 72 2 13 91 1 33 20 3 62 59 4 69 97 32 96 22 31 76 100 46 85 21 88 39 41 77 82 47 95 89 63 25 92 19 51 87 74 55 34
60 57 53 19 72 94 29 33 84 40 96 4 69 64 11 18 19 8 91 14 99 22 15 44 81 6 38 83 59 90 82 21 66 48 63 10 52 77 89 47 80 25 7 49 68 32 97 37 78 71 62 98 20 2 70 35 34 27 92 9 3 26 56 67 45 55 87 74 17 16 13 58 23 51 86 50 76 85 30 54 100 39 75 42 93 95 31 36 1 61 43 65 79 46 73 5 41 28 24 88
67 72 60 26 79 1 36 40 91 47 3 11 76 71 18 25 19 15 98 21 6 29 22 51 88 13 45 90 66 97 89 28 73 55 70 17 59 84 96 54 87 32 14 56 82 39 4 44 85 78 69 5 27 9 77 42 41 34 99 16 10 33 63 74 52 62 94 81 64 23 20 65 30 58 93 57 83 92 37 61 7 46 82 49 100 2 38 43 8 68 50 24 86 53 80 12 48 35 31 95
41 46 34 100 53 75 10 14 65 21 77 85 50 45 92 99 93 89 72 95 80 3 96 25 62 87 19 64 40 71 63 2 47 29 44 91 33 58 70 28 61 6 88 30 49 13 78 18 59 52 43 79 1 83 51 16 15 8 73 90 84 7 37 48 26 36 68 55 38 37 94 39 4 32 67 31 57 66 11 35 81 20 56 23 74 76 12 17 82 42 24 98 60 27 54 86 22 9 5 69
77 82 70 36 89 11 46 50 1 57 13 21 86 81 28 35 29 25 8 31 16 39 32 61 98 23 55 100 76 7 99 38 83 65 80 27 69 94 6 64 97 42 24 66 85 49 14 54 95 88 79 15 37 19 87 52 51 44 9 26 20 43 73 84 62 72 4 91 74 33 30 75 40 68 3 67 93 2 47 71 23 56 92 59 10 12 48 53 18 78 60 34 96 63 90 22 58 45 41 5
39 44 32 98 51 73 8 12 63 19 75 83 48 43 90 97 91 87 70 93 78 1 94 23 60 85 17 62 38 69 61 100 45 27 42 89 31 56 68 26 59 4 86 28 47 11 76 16 57 50 41 77 99 81 49 14 13 6 71 88 82 5 35 46 24 34 66 53 36 95 45 37 2 30 65 29 11 64 9 33 79 18 54 21 72 74 10 15 80 40 22 96 58 25 52 84 20 7 3 67
47 52 40 6 59 81 16 20 71 27 83 91 56 51 98 5 99 95 78 1 86 9 2 31 68 93 25 70 46 77 69 8 53 35 50 97 39 64 76 34 67 12 94 36 55 19 84 24 65 58 49 85 7 89 57 22 21 14 79 96 90 6 43 54 32 42 74 61 44 3 100 45 10 38 73 37 63 72 17 41 87 26 62 29 80 82 18 23 88 48 30 4 66 33 60 92 28 15 11 75
8 13 1 67 20 42 77 81 32 88 44 52 17 12 59 66 60 56 39 62 47 70 63 92 29 54 86 31 7 38 30 65 14 96 11 58 100 25 37 95 28 69 55 97 16 80 45 73 26 19 10 46 68 50 18 83 82 75 40 57 51 74 4 15 93 3 35 22 5 64 61 6 71 99 34 98 24 33 78 2 48 87 23 90 41 43 79 84 49 9 91 85 27 94 21 53 89 76 72 36
81 86 74 40 93 15 50 54 5 61 17 25 90 85 32 39 33 29 12 35 20 43 36 65 2 27 59 4 80 11 3 42 87 69 84 31 73 98 10 68 1 46 28 70 89 53 18 58 99 92 83 19 41 23 91 56 55 48 13 95 24 47 77 88 66 76 41 30 78 37 34 79 44 72 7 71 97 6 51 75 21 60 96 63 14 16 52 57 22 82 64 38 100 67 94 26 62 49 45 9
50 55 43 9 62 84 19 23 74 30 86 94 59 54 1 8 2 98 81 4 89 12 5 34 71 96 28 73 49 80 72 11 56 38 53 100 42 67 79 37 70 15 97 39 58 22 87 27 68 61 52 88 10 92 60 25 24 17 82 99 93 16 46 57 35 45 77 64 47 6 3 48 13 41 76 40 66 75 20 44 90 29 65 32 83 85 21 26 91 51 33 7 69 36 63 95 31 18 14 78
22 27 15 81 34 56 43 95 46 2 58 66 31 26 73 80 74 70 53 76 61 84 77 6 51 68 100 45 21 52 44 83 28 10 25 72 14 39 91 9 42 87 69 11 30 94 59 99 40 33 24 60 82 64 32 97 96 89 54 71 65 88 18 29 7 17 49 36 19 78 75 20 85 13 48 12 38 47 92 16 62 1 37 4 55 57 93 98 63 23 5 79 41 8 35 67 3 90 86 50
53 97 8 51 4 26 61 45 16 72 28 36 1 96 43 50 44 40 23 46 31 54 47 76 13 38 70 15 91 22 14 53 98 80 95 42 84 9 21 79 12 57 39 81 100 64 29 69 10 3 94 30 52 34 2 67 66 59 24 41 35 58 88 99 77 87 19 6 89 48 5 90 55 83 18 82 8 17 62 86 32 71 7 74 25 27 63 68 33 93 75 49 11 78 65 37 73 60 56 20
78 83 71 37 90 12 99 51 2 58 14 22 87 82 29 36 30 26 9 32 17 40 33 62 47 24 56 1 77 8 100 39 84 66 81 28 70 95 7 65 98 43 25 67 86 50 15 55 96 89 80 16 38 20 88 53 52 45 10 27 21 44 74 85 63 73 5 92 75 34 31 76 41 69 4 68 94 3 48 72 18 57 93 60 11 13 49 54 27 79 61 35 97 64 91 23 59 46 42 6
1 6 94 60 13 35 70 74 25 81 37 45 10 5 52 59 53 49 32 55 40 63 5 85 22 47 79 24 100 31 23 62 7 89 4 51 93 18 30 88 21 66 48 90 9 73 38 78 19 12 3 39 61 43 11 76 75 68 33 50 44 67 97 8 86 96 28 15 98 57 54 99 64 92 27 91 17 26 71 95 41 80 16 83 34 36 72 77 42 2 84 58 20 87 14 46 82 69 65 29
42 47 35 1 54 76 91 15 66 22 78 86 51 46 93 100 94 90 73 96 81 4 97 26 63 88 49 65 41 72 64 3 48 30 45 92 34 59 71 29 62 7 89 31 50 14 79 19 60 53 44 80 2 84 52 17 16 9 74 11 85 8 38 49 27 37 69 56 39 98 95 40 5 33 68 32 58 67 12 36 82 21 57 24 75 77 13 18 83 43 25 99 61 28 55 87 23 10 6 70
53 58 46 12 65 87 22 26 77 33 89 97 62 57 4 11 5 1 84 7 92 15 8 37 74 99 31 76 52 83 75 14 59 41 56 3 45 70 82 40 73 18 100 42 25 25 90 30 71 64 55 63 13 95 63 28 27 20 85 2 96 19 49 60 38 48 80 67 50 9 6 51 16 44 79 43 69 78 23 47 93 32 68 35 86 88 24 29 94 54 36 10 72 39 66 98 34 21 17 81
36 41 93 95 48 70 5 9 60 16 72 80 45 40 87 94 88 84 67 90 75 98 91 20 57 82 14 59 35 66 58 97 42 24 39 86 28 53 65 23 56 1 83 25 44 8 73 13 54 47 38 74 96 78 46 11 10 3 68 85 79 2 32 43 21 31 63 50 29 92 89 34 99 27 62 26 52 61 6 30 76 15 51 99 69 71 7 12 77 37 19 17 55 22 49 81 33 4 100 64
28 33 21 87 40 62 97 1 52 8 64 72 37 32 79 86 80 76 59 82 67 90 83 12 49 74 6 51 27 58 50 89 34 16 31 78 20 45 57 15 48 93 75 17 36 100 65 85 46 39 30 66 88 70 38 3 2 95 60 77 71 94 24 35 13 23 55 42 25 84 81 26 91 19 54 18 44 5 98 22 68 7 43 10 61 63 99 4 69 29 11 53 47 14 41 73 9 96 92 56
9 14 2 68 21 43 78 82 33 89 45 53 18 82 60 67 61 57 40 63 48 71 64 93 30 55 87 32 8 39 31 70 15 97 12 59 1 26 38 28 29 74 56 98 17 81 46 86 27 20 11 47 69 51 19 84 83 76 41 58 52 75 5 16 94 4 36 23 6 65 62 7 72 100 35 99 25 34 79 3 49 88 24 91 42 44 80 85 50 10 92 66 28 95 22 54 90 77 73 37
25 30 18 84 37 59 94 98 49 5 61 69 34 29 76 83 77 73 56 79 64 87 80 9 46 71 3 48 24 55 47 86 31 13 28 75 17 42 54 12 45 90 72 14 33 97 62 2 43 36 27 63 85 67 35 100 99 92 57 74 68 91 21 32 10 20 52 39 22 81 78 23 88 16 51 15 41 50 95 19 65 4 40 7 58 60 96 1 66 26 8 82 44 11 38 70 6 93 89 53
64 69 57 23 76 98 33 37 88 44 100 8 5 68 15 22 16 12 95 18 3 26 19 48 85 10 42 87 63 94 86 25 70 52 67 14 56 81 93 51 84 29 11 53 72 36 1 41 82 75 66 2 24 6 74 39 38 31 96 13 7 30 60 71 49 59 91 78 61 20 17 62 27 55 90 54 80 89 34 58 4 43 79 46 97 99 35 40 73 65 47 21 83 50 77 9 45 32 28 92
57 62 50 16 69 91 26 30 81 37 93 1 66 61 8 15 9 5 88 11 96 19 12 41 78 3 35 80 56 87 79 18 63 45 60 7 49 74 86 44 77 22 4 46 65 29 94 34 75 68 59 95 17 99 67 32 31 24 89 6 100 23 53 64 42 52 84 71 54 13 10 55 20 48 83 47 73 82 27 51 97 36 72 39 90 92 28 33 98 58 40 14 76 43 70 2 38 25 21 85
100 29 5 59 12 34 69 73 24 80 36 44 9 4 51 58 52 48 31 54 39 62 55 84 21 46 78 23 99 30 22 61 6 88 3 50 92 93 97 87 20 65 47 89 9 72 37 77 18 11 2 38 60 42 10 75 74 67 32 49 43 66 96 7 85 95 27 14 81 56 53 98 63 91 26 90 16 25 70 94 40 79 15 82 33 35 71 76 41 1 83 57 19 86 13 45 17 68 64 28
