4
50
3 18 31 14 11 35 31 49 34 2 29 48 45 49 42 8 29 4 14 17 42 4 17 28 1 10 5 12 4 44 12 7 23 48 31 22 21 9 3 35 29 31 45 33 14 2 46 15 27 2
39 22 4 3 41 11 2 44 10 12 28 31 37 12 36 3 40 13 8 41 38 1 13 31 46 44 32 48 50 20 29 24 45 45 28 26 2 14 22 32 30 35 5 26 32 1 6 32 1 31
11 4 22 18 39 26 7 50 24 10 33 12 30 45 12 12 7 21 36 36 26 40 10 30 7 13 50 27 32 26 8 42 18 34 48 37 38 29 23 28 3 7 15 19 34 25 5 42 28 19
36 15 48 13 1 13 24 6 33 48 49 11 37 30 15 4 21 12 47 38 3 43 49 36 37 32 13 33 5 25 35 1 30 31 24 9 38 46 45 38 35 8 41 38 8 27 4 5 46 10
23 20 15 47 37 45 4 18 50 37 50 41 43 8 34 26 50 9 30 48 37 47 20 34 17 10 41 24 37 26 19 21 49 48 20 32 44 5 32 7 28 25 26 7 38 41 17 31 45 3
48 48 46 36 48 16 26 38 20 21 21 13 19 43 44 39 16 30 38 44 20 16 9 24 30 31 38 24 11 47 7 24 29 36 14 25 30 44 9 11 11 5 2 48 35 24 3 37 27 35
35 44 14 34 49 40 15 36 35 14 35 3 20 23 27 7 40 50 41 43 20 23 15 15 48 7 48 30 31 11 18 41 14 30 48 33 6 40 35 6 7 33 31 23 16 33 31 46 2 18
30 10 16 47 13 26 22 12 11 34 4 29 29 35 42 37 36 47 49 41 25 25 1 50 8 32 14 50 18 15 47 50 25 4 25 17 13 13 29 27 22 26 20 47 12 6 45 27 1 3
45 33 46 9 7 14 21 15 2 26 29 10 43 35 24 33 16 9 19 1 32 4 3 13 33 28 27 10 3 28 43 28 15 50 13 18 40 47 37 21 23 19 43 15 12 29 7 11 40 18
43 32 33 7 21 4 16 9 38 5 17 16 5 18 33 22 8 2 43 2 4 49 3 47 17 45 23 39 43 47 34 10 17 5 33 4 10 2 35 42 31 26 6 29 23 16 46 34 34 28
23 45 1 47 13 47 46 18 2 10 24 44 48 18 4 33 32 42 16 2 19 27 42 14 30 50 41 1 32 28 32 18 8 38 13 25 30 24 2 45 34 27 37 12 29 14 30 31 25 25
41 24 26 39 49 3 46 48 33 22 13 48 24 44 40 43 20 25 25 36 13 18 28 1 17 17 18 48 47 15 24 46 4 7 41 26 7 37 32 12 24 49 24 42 18 29 14 9 8 3
27 45 36 18 45 10 3 24 23 40 37 42 21 22 33 2 32 11 5 45 27 49 48 12 8 49 41 20 26 15 8 49 28 24 12 24 1 1 43 9 33 36 44 21 2 19 43 41 15 34
33 21 28 33 23 32 43 9 20 40 5 47 12 17 2 11 18 15 50 24 37 35 22 26 21 32 30 49 42 13 8 47 40 18 42 33 30 41 36 6 38 10 12 31 31 7 19 20 9 21
7 29 29 43 18 32 34 41 50 5 22 21 4 15 2 33 47 23 41 1 30 10 26 39 27 47 1 6 32 25 48 32 16 40 21 17 2 40 46 10 26 37 44 10 48 46 22 13 11 48
43 13 14 40 39 33 47 30 27 5 43 41 32 2 24 35 36 37 7 38 23 6 7 23 12 46 37 43 20 39 31 30 33 14 6 23 19 49 20 11 36 35 18 8 1 22 29 10 44 22
45 42 31 45 35 20 20 35 15 3 10 10 39 13 15 21 32 36 21 21 13 24 11 6 12 33 10 31 49 40 8 31 43 41 42 26 39 47 18 29 39 22 19 41 13 33 42 20 20 25
24 3 2 38 27 21 11 19 35 31 22 47 40 20 44 43 46 3 37 46 31 30 10 43 38 43 21 45 34 9 25 48 43 9 31 39 35 23 35 22 24 15 8 12 27 13 39 16 50 24
5 44 50 6 7 33 6 4 35 48 17 41 43 26 23 23 46 38 4 46 5 37 28 10 4 21 46 34 42 20 28 31 42 29 24 1 38 46 50 29 8 49 37 21 28 30 29 13 38 28
17 2 19 5 19 40 29 22 16 9 35 32 37 18 17 17 42 36 23 43 21 22 26 32 43 32 8 36 14 15 9 19 29 23 5 24 16 42 37 1 44 24 11 6 36 9 34 22 38 37
49 38 41 7 32 2 31 15 42 17 8 11 48 5 19 19 29 42 39 19 46 37 45 36 45 45 46 14 29 10 24 32 8 30 29 38 17 32 46 21 19 17 27 9 29 21 2 24 35 33
9 7 40 35 37 5 26 42 11 27 42 31 35 50 48 29 27 4 47 2 40 4 23 5 45 25 2 17 4 19 48 19 7 38 18 33 45 49 30 48 24 34 29 16 17 41 14 8 40 44
45 25 8 1 3 30 19 3 29 12 8 35 29 46 3 50 40 6 41 8 30 13 24 34 47 50 38 3 43 43 25 29 44 46 13 37 18 31 39 36 10 20 41 12 48 43 49 48 23 28
45 8 47 23 39 35 22 7 21 5 40 8 27 14 46 47 4 43 40 13 11 30 7 37 37 34 41 18 45 33 4 28 32 45 3 20 47 17 21 36 12 3 2 41 17 43 49 26 10 29
11 10 28 25 45 23 18 39 15 22 17 46 31 48 12 8 24 42 44 5 8 15 8 41 28 38 36 5 48 38 24 47 47 27 13 26 12 16 1 31 38 32 35 18 31 42 35 29 35 41
22 1 50 47 10 10 40 21 6 13 26 17 33 13 26 47 12 29 44 25 27 16 3 44 47 43 8 10 18 17 43 32 1 11 35 21 35 15 7 13 20 27 17 21 29 27 29 47 38 7
37 49 4 27 2 30 36 10 9 2 44 3 41 9 26 30 6 43 46 38 25 1 40 38 15 7 22 10 5 23 23 10 12 48 2 17 30 46 13 10 36 21 37 29 39 3 49 5 15 33
47 32 44 33 29 20 32 44 17 18 28 3 21 4 25 11 41 20 18 9 33 32 38 44 30 6 43 46 46 34 41 10 6 16 45 5 50 29 47 41 6 16 19 50 7 49 9 37 47 18
46 2 2 25 1 37 23 28 43 10 23 25 42 50 8 12 9 50 9 10 28 5 32 11 42 33 37 22 21 23 46 8 8 19 5 31 30 20 12 39 5 24 32 37 25 15 30 13 26 8
50 32 2 41 33 19 41 20 19 25 34 10 7 19 7 22 45 34 21 20 1 36 13 29 1 48 48 6 32 39 49 41 23 50 34 13 30 8 29 32 18 46 31 42 23 34 3 31 36 46
32 20 21 38 3 43 28 17 28 44 43 39 50 9 44 6 27 45 41 29 10 41 47 15 31 34 47 28 46 19 3 28 33 24 18 49 20 46 44 44 3 11 13 48 24 13 37 29 35 2
14 13 28 24 4 13 37 31 32 11 24 16 14 10 28 6 45 25 47 31 32 21 26 4 28 39 30 6 41 21 8 40 40 20 24 25 11 11 30 15 39 47 37 17 50 34 10 32 10 25
30 23 22 27 41 49 9 40 7 40 17 28 3 15 11 46 27 8 22 13 11 18 15 24 24 7 34 50 4 41 46 23 26 17 37 2 47 45 5 11 23 22 5 12 33 36 31 43 30 40
10 18 34 10 13 50 29 10 15 7 50 32 9 31 35 40 9 6 34 26 18 22 44 36 14 43 34 19 45 3 7 15 24 17 41 46 2 7 46 4 27 2 50 12 13 29 2 10 18 22
42 21 27 8 50 50 24 7 26 31 10 29 20 33 24 2 8 26 49 43 13 11 48 3 35 30 19 41 25 2 1 8 15 43 40 37 31 2 41 39 48 48 24 24 11 50 8 18 49 41
44 31 28 20 28 24 23 39 49 4 7 38 5 47 44 9 21 38 3 40 4 23 23 3 29 37 42 32 45 33 12 42 21 48 4 3 20 13 2 31 40 31 40 20 33 27 30 32 41 32
25 40 48 12 37 41 38 18 33 49 38 36 25 33 38 31 39 30 12 38 44 42 42 28 35 21 50 50 40 7 12 15 22 9 44 42 49 34 31 45 2 8 25 36 10 25 42 12 36 43
15 24 36 3 45 29 35 34 14 2 21 48 29 38 46 30 46 10 20 5 15 27 23 3 30 44 31 19 23 19 45 6 43 28 26 43 39 47 42 2 16 34 41 15 47 40 23 7 41 32
4 48 32 33 6 19 7 33 7 50 29 31 19 32 36 14 26 20 19 47 5 30 49 33 50 40 45 39 30 24 17 37 48 24 13 47 10 28 21 10 35 48 37 12 28 12 37 14 16 45
34 7 43 13 22 41 20 43 37 16 17 23 34 14 9 22 8 19 48 46 11 35 12 38 50 44 41 17 47 36 36 9 2 28 36 18 19 4 24 8 32 44 46 31 11 16 34 5 41 13
38 16 46 22 44 39 30 26 6 34 18 21 43 35 35 10 10 16 27 47 30 29 22 7 40 21 10 50 42 22 7 13 25 22 11 21 32 23 12 28 13 44 12 28 30 50 37 46 19 30
19 35 35 36 20 12 49 26 33 21 44 50 5 34 8 19 32 49 38 22 39 2 14 32 2 44 7 26 4 1 36 29 22 36 34 47 32 4 15 45 23 50 6 45 9 15 19 10 20 13
17 44 28 19 8 36 23 1 47 2 39 8 30 21 2 5 50 38 18 41 30 42 39 15 3 10 39 49 50 22 10 39 50 14 34 2 20 33 26 48 16 41 16 43 19 24 21 36 31 31
26 46 9 40 34 34 14 44 8 43 28 3 20 46 25 36 15 32 48 50 43 9 27 36 11 27 1 16 3 8 33 38 47 28 32 41 23 50 6 10 18 20 15 28 44 3 29 14 41 33
48 41 50 28 16 49 8 9 6 40 48 19 12 44 26 12 4 3 25 12 24 23 44 31 30 27 23 50 23 11 29 6 46 19 16 6 28 40 44 48 32 37 18 8 32 3 6 33 8 10
32 30 26 17 29 19 28 38 41 16 30 50 49 39 5 16 36 4 12 16 23 8 36 46 38 39 14 26 28 35 45 20 37 43 18 32 28 28 5 2 8 3 42 32 8 34 42 21 2 2
48 31 14 32 4 26 27 12 1 50 40 25 6 7 40 19 20 16 2 13 31 40 20 11 43 6 3 28 18 15 4 13 6 49 16 48 22 15 14 34 33 28 23 17 48 27 10 1 23 30
45 48 45 14 16 38 7 37 25 22 25 30 2 23 6 26 13 12 24 39 17 30 11 31 21 16 32 47 19 24 36 14 50 26 16 46 37 33 24 32 49 7 35 19 10 42 37 22 26 13
19 3 46 33 49 16 39 41 38 43 2 6 28 35 9 36 36 31 48 21 13 4 13 36 47 24 11 17 47 16 41 13 9 41 9 11 36 36 22 45 1 18 36 6 10 28 19 37 45 8
32 37 26 42 11 21 45 1 34 48 14 40 2 3 19 50 38 25 46 24 46 11 3 23 43 47 2 41 3 43 2 3 9 6 50 3 12 17 3 3 20 49 35 30 33 34 4 26 10 31
50
11 49 18 8 34 43 2 21 25 3 46 38 47 5 22 38 42 40 35 1 38 39 40 35 49 7 22 6 19 47 3 11 3 28 41 38 29 26 9 28 26 2 42 1 2 35 34 7 41 35
2 29 17 34 24 41 44 48 14 32 27 11 5 43 18 40 28 17 20 29 7 35 36 43 25 36 2 5 18 4 33 11 8 20 8 50 28 13 38 39 6 28 2 28 43 20 31 21 47 2
39 36 44 28 2 43 49 13 50 24 31 10 22 48 40 16 4 41 44 40 40 31 4 23 28 36 4 15 25 23 14 14 31 14 18 28 22 32 23 26 12 13 22 8 6 50 31 6 33 6
43 33 50 38 14 3 42 43 15 47 38 50 30 50 38 30 38 50 2 22 46 1 39 6 36 48 49 7 31 22 3 5 16 24 25 6 32 34 22 26 42 16 23 37 1 11 12 25 47 12
12 6 19 22 3 19 7 38 45 39 43 18 4 43 26 11 28 43 17 27 21 20 43 33 6 45 30 17 41 42 20 16 36 40 20 33 3 19 29 28 43 4 42 14 30 29 42 45 13 18
13 13 6 50 1 9 34 28 49 43 2 13 21 8 2 24 29 42 32 11 50 33 30 42 34 16 13 46 48 33 28 34 23 2 7 44 15 47 18 32 25 28 32 10 11 33 23 50 10 18
31 40 33 39 1 20 30 26 1 47 37 16 2 41 32 17 44 24 29 40 16 35 20 19 45 29 2 17 3 12 49 19 10 6 8 35 39 22 35 16 6 4 25 9 16 41 8 36 36 48
39 45 34 33 16 1 49 42 36 36 42 15 12 23 22 3 24 49 6 36 41 33 28 40 31 28 34 38 37 44 21 9 40 25 50 21 49 19 44 2 26 11 45 21 47 5 27 47 4 26
50 49 50 45 20 34 33 11 39 5 12 13 20 34 26 46 18 36 42 49 45 46 11 21 40 21 45 28 24 45 30 19 20 29 16 7 41 35 17 21 44 26 48 40 25 29 25 50 36 32
48 10 46 5 27 11 22 22 33 4 12 35 15 9 46 5 31 45 24 9 7 16 5 21 49 19 17 21 8 9 48 49 12 15 17 29 24 25 3 34 4 21 1 13 31 17 46 34 39 43
33 24 41 39 44 24 3 14 9 40 48 32 39 22 26 33 4 16 37 6 48 10 12 3 20 8 10 38 16 11 26 28 39 7 45 1 31 15 19 39 50 47 15 39 24 39 4 33 40 16
25 32 40 12 12 34 29 4 25 27 15 9 18 45 24 45 14 16 19 42 12 29 43 38 33 23 34 11 40 36 13 47 12 38 50 49 48 41 19 42 4 8 33 17 18 7 50 29 12 27
49 25 6 18 17 2 36 41 47 29 23 39 45 44 28 14 17 3 48 25 19 36 9 3 18 18 6 33 1 24 6 10 22 29 9 12 30 38 6 19 26 17 28 2 38 7 17 6 40 12
13 28 17 43 41 23 10 18 23 14 9 6 28 7 38 30 5 21 38 33 35 18 7 26 12 10 16 28 24 13 19 36 11 3 36 20 8 25 28 17 12 40 24 13 30 15 40 29 32 37
15 8 29 48 8 50 45 46 4 14 7 3 14 23 8 35 11 18 33 7 10 34 35 20 39 21 42 14 47 32 9 29 28 48 9 32 43 17 1 1 44 10 10 5 8 40 5 44 39 5
34 28 1 5 5 24 12 7 1 25 23 43 30 18 30 33 7 8 28 15 29 6 7 3 11 35 29 32 25 6 30 43 22 12 22 40 50 14 45 13 16 18 48 34 9 42 5 26 49 11
46 16 35 43 23 16 3 24 41 26 33 7 21 25 25 22 14 27 15 38 18 6 29 32 48 18 27 35 40 17 29 34 5 42 25 7 46 9 1 9 1 50 17 16 42 38 37 11 35 18
42 27 29 1 19 12 13 7 17 19 13 43 38 21 37 3 19 45 36 34 25 22 15 45 14 31 13 18 41 18 40 21 8 13 44 29 43 32 13 2 36 1 15 23 10 38 14 29 1 5
12 41 28 11 40 26 49 48 36 4 47 11 37 25 50 33 1 18 41 8 2 17 29 39 47 14 10 47 33 16 6 50 25 31 3 10 10 29 34 13 18 17 4 32 21 34 33 5 6 12
36 24 37 48 9 39 42 7 8 37 31 3 36 4 25 43 27 32 3 47 23 13 22 46 45 14 48 46 34 50 29 40 7 48 34 28 47 8 23 2 50 14 29 30 29 31 10 17 45 1
24 22 46 40 44 49 23 3 18 8 46 38 15 39 4 46 9 6 11 40 49 22 35 20 6 21 43 32 44 46 41 50 34 45 3 31 38 49 13 27 24 43 22 45 35 34 11 17 26 25
11 5 42 41 50 4 7 31 14 14 29 3 12 46 24 31 1 42 34 14 12 20 34 43 5 24 41 49 5 7 1 11 48 43 49 3 24 2 25 37 2 23 16 30 50 48 13 14 12 21
48 16 50 17 4 18 23 21 18 39 11 6 36 16 43 38 20 42 22 45 22 12 27 28 9 26 7 31 7 16 5 35 30 32 6 48 13 26 10 47 30 3 40 43 16 44 24 48 19 39
3 6 47 19 16 35 48 6 17 33 37 48 1 43 14 7 37 40 24 44 36 33 30 46 25 50 39 17 49 7 11 20 25 35 30 6 37 7 18 16 44 10 37 49 29 12 29 31 13 1
18 12 36 23 17 15 49 3 12 44 21 17 4 37 45 13 49 6 16 25 12 44 41 32 7 31 47 5 17 50 40 15 10 42 26 15 16 38 13 13 4 9 23 48 4 30 15 27 17 30
43 32 15 44 36 46 48 35 17 23 20 12 34 40 3 29 14 29 21 41 35 46 32 39 8 45 41 31 47 37 1 23 18 41 21 16 39 42 26 7 45 47 47 44 18 27 21 42 14 44
35 43 30 41 34 20 39 40 19 17 7 31 11 7 10 21 25 26 34 8 38 30 35 4 8 35 32 20 13 5 34 14 45 13 5 31 30 11 49 32 13 35 5 18 31 3 3 9 9 2
28 45 2 29 41 3 30 30 16 22 12 13 17 38 2 4 48 37 18 23 20 48 27 27 43 27 2 21 42 27 10 46 50 40 21 22 15 45 3 37 23 5 1 28 46 31 45 32 8 32
5 24 1 26 12 2 15 28 44 48 22 8 2 34 17 29 50 34 33 43 1 44 24 6 32 14 27 13 28 19 25 26 50 49 29 46 6 37 26 36 41 42 1 27 44 32 13 46 48 38
4 9 21 22 18 11 44 20 22 13 29 26 39 41 13 6 50 13 47 8 35 37 27 21 21 43 6 26 32 25 18 24 26 2 47 24 15 27 34 23 13 37 36 28 23 8 37 11 7 31
10 50 10 11 32 48 41 30 16 21 41 30 2 25 16 12 20 32 23 9 17 34 40 40 17 5 9 7 50 27 2 32 42 34 44 38 33 8 21 30 47 38 8 36 13 38 18 31 23 18
8 15 50 18 7 9 8 10 38 4 44 34 36 9 13 30 44 32 8 17 23 30 35 21 27 29 18 34 39 4 6 13 5 20 47 49 16 43 24 40 46 39 32 43 11 27 28 6 38 42
35 4 47 13 21 46 50 22 45 44 33 10 26 19 27 43 41 30 27 27 34 48 19 1 34 27 25 35 14 46 20 2 45 27 28 11 4 4 16 41 42 4 18 23 7 43 24 14 28 12
46 9 31 28 36 4 43 20 35 46 4 19 38 15 42 41 31 20 26 44 23 41 9 8 15 1 14 45 39 25 21 18 15 32 45 41 2 1 38 37 12 41 34 32 46 50 7 36 2 33
14 33 13 34 2 45 8 19 1 44 42 20 6 18 22 31 47 18 22 11 27 40 46 4 4 17 6 17 44 4 25 14 2 40 36 36 14 39 48 22 33 25 6 47 18 14 45 16 49 38
9 5 18 11 47 48 1 44 15 2 39 48 46 17 16 24 32 20 18 1 1 4 40 30 34 25 24 18 39 41 3 14 2 47 35 27 8 7 25 17 31 14 2 43 37 12 10 10 34 16
29 6 2 41 1 31 35 12 47 15 44 31 18 47 32 26 36 30 5 23 2 23 41 45 34 36 39 31 47 6 49 11 13 1 21 30 14 34 46 34 35 16 33 31 20 44 24 23 20 45
49 24 36 30 42 26 31 37 16 43 49 6 29 26 27 43 37 23 21 10 29 20 41 47 31 14 23 32 6 46 44 31 39 26 21 41 30 5 17 16 44 8 33 13 36 26 18 38 9 7
28 8 40 19 36 21 32 27 8 13 38 21 19 30 11 25 47 43 20 4 37 11 44 45 6 10 35 28 20 35 50 17 40 33 46 28 17 6 10 37 32 15 15 2 47 33 36 11 1 4
48 38 44 48 6 31 13 2 23 3 3 50 2 32 28 9 7 19 45 2 43 19 31 46 26 15 48 13 35 21 41 16 48 5 8 13 46 18 49 49 37 26 39 48 26 13 23 30 40 6
13 31 45 15 30 42 3 15 31 44 5 24 18 25 17 36 37 39 1 46 46 31 34 23 9 10 14 48 7 12 19 12 11 41 45 35 20 49 13 31 33 13 32 41 37 13 32 11 37 11
47 36 31 31 23 10 48 49 38 14 2 50 42 27 41 35 43 13 43 26 26 27 49 30 21 10 22 39 42 18 35 32 32 34 43 5 34 32 10 36 5 50 32 32 29 41 41 16 23 8
12 31 41 10 6 48 34 26 46 29 34 13 15 31 17 21 46 35 46 15 13 27 20 23 24 34 47 22 23 7 28 36 36 46 25 47 10 32 13 28 34 37 36 23 13 50 46 31 48 16
14 21 42 42 30 32 27 13 28 22 46 36 39 12 23 14 24 10 24 49 2 32 48 45 13 38 22 10 39 31 34 43 9 15 38 15 31 44 27 31 3 45 13 25 46 37 20 14 20 36
30 39 26 22 22 32 29 42 15 3 28 28 43 24 5 6 38 32 34 5 25 12 26 45 22 29 26 48 45 16 32 22 32 10 45 11 35 16 42 25 35 28 4 3 4 27 38 35 45 4
20 25 48 47 17 35 8 50 38 50 12 24 8 32 34 41 23 32 19 8 39 17 5 20 28 49 34 11 31 17 30 15 35 3 15 8 6 32 1 42 11 17 40 24 47 14 8 29 31 28
7 5 31 35 10 17 23 11 33 37 14 43 45 27 32 25 10 6 36 42 21 50 42 44 22 18 50 23 24 10 10 2 25 26 18 11 18 18 5 20 3 15 14 38 26 32 9 47 16 47
15 23 7 1 13 4 50 41 42 10 19 39 4 21 36 7 38 24 49 28 18 11 30 38 28 14 14 9 37 43 3 5 5 42 36 29 22 24 20 20 12 25 30 24 20 20 33 46 10 15
6 23 31 4 22 6 36 23 38 14 40 14 16 19 27 28 49 21 1 20 25 37 14 17 16 12 28 28 35 38 37 24 22 49 28 24 36 11 45 49 6 1 23 29 1 36 40 30 9 20
38 22 27 10 48 42 4 5 19 23 39 45 36 21 1 11 30 36 2 33 31 50 14 13 25 45 18 22 2 36 36 29 39 50 36 9 37 27 20 12 14 11 39 16 50 48 25 22 5 32
50
42 1 40 36 37 6 35 34 30 46 16 28 45 8 16 19 3 36 34 39 23 20 38 35 5 23 41 10 34 25 46 5 41 37 27 36 12 36 21 14 7 3 38 50 41 39 16 5 47 37
13 36 11 27 16 17 36 46 36 25 47 3 28 11 16 17 3 15 12 5 26 50 43 21 26 40 32 20 31 17 43 25 28 6 40 26 34 20 8 1 23 50 46 35 26 44 11 35 22 8
26 26 13 6 7 22 1 34 48 1 41 26 25 39 13 13 41 45 45 14 22 25 26 41 45 7 35 42 45 21 28 29 10 38 50 7 3 18 22 34 12 39 33 20 42 37 31 26 6 48
7 15 27 8 22 7 35 49 21 1 34 49 10 10 13 29 30 41 9 39 31 10 38 24 27 27 28 26 49 8 49 45 46 37 2 48 16 27 2 23 9 42 47 23 42 44 9 26 6 11
20 48 42 39 6 39 41 43 4 35 13 38 5 3 31 18 1 31 44 38 44 18 18 31 4 22 12 20 32 48 20 19 10 30 41 21 41 14 12 18 43 14 38 31 24 23 38 44 13 46
26 21 21 24 45 14 34 43 32 30 26 27 16 17 4 48 36 7 35 40 30 15 12 49 13 8 39 3 9 43 32 20 35 32 21 15 6 28 15 20 14 27 47 38 2 4 33 11 18 23
17 8 22 50 36 30 32 50 36 18 44 46 37 27 6 44 16 28 27 38 18 37 41 8 29 39 50 2 5 48 14 18 26 18 30 3 19 32 46 36 35 31 9 10 3 36 20 21 50 29
26 50 14 10 38 49 26 46 25 16 44 41 9 20 11 14 4 39 21 25 26 34 6 48 47 19 40 36 45 28 13 37 10 50 20 16 46 31 36 44 24 8 35 18 16 38 8 37 27 17
1 11 32 13 34 43 26 5 8 22 1 19 18 39 13 23 12 43 7 28 2 39 25 41 30 36 34 33 36 35 32 1 5 35 12 38 39 17 46 37 13 25 39 38 47 5 4 34 14 44
24 1 42 36 36 10 1 10 8 45 1 44 8 13 50 26 20 1 12 35 13 22 37 40 49 9 47 29 45 42 22 25 30 28 10 13 42 29 3 12 26 12 19 16 31 11 19 18 4 22
8 5 33 17 41 14 44 2 28 16 2 9 30 9 45 5 22 26 1 21 16 45 9 31 26 21 24 4 33 31 46 10 1 21 22 32 45 34 18 24 47 8 6 29 24 16 29 32 38 41
21 24 35 9 41 23 46 10 44 50 25 7 20 18 48 36 19 26 19 22 45 23 47 3 27 36 26 35 44 4 33 35 45 29 25 48 13 42 40 31 35 44 24 22 44 37 12 6 43 20
45 30 15 11 37 47 42 19 19 6 42 36 8 21 48 30 29 6 5 19 20 13 15 19 35 27 39 1 31 6 45 25 30 35 33 20 31 23 46 4 40 6 17 16 6 14 40 23 2 29
11 35 26 27 28 32 1 7 15 46 50 17 43 21 37 43 30 8 44 20 4 44 24 31 44 38 46 41 12 27 17 44 50 26 46 48 50 46 2 41 42 47 14 14 17 49 27 26 8 47
21 42 26 48 12 11 2 24 38 31 46 14 36 27 1 24 41 27 29 36 30 49 21 36 13 3 47 2 25 48 31 29 12 38 32 11 7 4 14 31 3 26 48 22 27 17 23 31 8 47
16 47 33 18 2 15 42 15 11 24 32 20 3 27 10 36 43 6 1 10 36 4 46 50 22 4 8 43 23 19 19 44 17 32 26 10 41 34 14 6 21 17 11 33 18 13 16 1 26 15
3 24 10 28 13 26 28 13 8 36 22 36 25 24 18 11 25 42 25 23 21 4 1 30 15 35 48 34 7 32 39 27 41 44 1 40 26 11 5 3 13 9 24 22 36 31 18 35 46 4
17 35 28 34 35 36 32 17 5 46 13 29 2 37 19 39 50 10 22 45 24 36 44 35 35 24 46 39 29 3 19 44 29 49 21 43 33 31 33 36 37 7 36 47 29 17 24 41 27 30
3 6 16 33 3 15 14 3 33 22 39 26 9 17 24 2 29 48 2 38 25 31 4 29 33 32 18 26 34 20 14 16 23 4 44 4 2 11 48 29 20 44 18 5 35 28 4 35 45 7
6 10 19 26 1 49 18 48 9 22 7 14 26 22 5 34 1 20 9 16 9 42 11 10 16 43 4 15 28 4 44 8 41 44 34 42 37 10 42 20 38 34 39 7 50 32 19 25 41 11
11 41 37 20 1 6 9 41 15 8 15 33 16 4 39 23 10 45 13 39 50 10 16 24 46 35 12 18 5 7 21 19 29 40 26 33 4 28 24 46 30 43 29 4 34 50 50 19 38 47
15 23 43 10 35 2 24 19 29 45 24 1 35 39 3 9 12 14 40 31 20 40 34 49 42 17 47 13 4 46 16 50 37 42 23 1 40 28 16 2 27 25 19 39 33 21 9 29 49 16
19 39 46 14 19 24 25 30 5 47 41 40 41 38 3 15 50 3 28 28 32 33 5 14 27 37 44 24 39 37 10 35 32 27 1 17 31 40 1 37 40 11 36 19 42 21 21 17 14 45
13 22 14 33 12 26 25 40 28 33 50 28 9 34 45 10 8 21 5 25 2 40 35 25 18 4 27 9 15 35 50 1 5 33 37 15 6 30 16 35 7 17 4 10 17 8 28 27 1 8
21 48 24 38 41 4 22 46 24 15 14 15 17 31 21 10 45 30 44 42 2 20 20 14 6 34 41 2 22 31 50 3 47 42 7 45 12 48 48 32 34 37 41 25 42 24 7 3 33 48
14 40 32 33 3 11 40 32 14 29 5 7 33 29 31 8 35 12 19 26 28 45 30 11 38 34 43 41 30 7 29 15 49 42 35 10 23 30 6 7 8 45 26 23 7 17 46 35 10 48
4 43 39 34 18 50 35 19 14 49 24 18 17 50 40 27 29 31 40 29 22 32 24 9 10 19 37 20 34 2 12 40 28 8 42 38 10 8 50 37 34 2 27 45 38 23 14 35 11 18
7 49 11 30 16 33 34 28 5 18 20 6 37 32 33 18 9 5 49 39 23 43 2 35 16 30 43 29 29 14 40 30 45 19 24 7 29 38 23 7 39 21 7 7 30 10 20 3 9 20
27 49 38 43 10 23 36 16 11 22 10 3 22 49 29 42 42 31 44 30 7 44 43 47 8 2 46 46 49 48 30 7 17 6 5 11 49 9 10 36 23 26 16 38 46 3 48 29 30 34
18 1 28 24 43 28 26 37 42 48 9 14 26 8 31 19 29 4 7 20 15 36 24 10 11 29 26 20 23 1 8 27 13 32 16 42 6 12 14 23 12 3 48 36 18 23 24 15 42 32
33 1 3 23 34 29 13 23 24 40 31 9 8 45 6 7 42 10 49 31 46 9 47 12 45 32 49 41 21 33 25 6 5 7 26 2 23 7 11 50 18 24 18 48 44 36 14 24 30 4
16 32 50 36 49 32 42 35 22 41 12 13 24 48 6 27 50 12 43 40 29 27 34 5 24 24 16 34 49 47 21 34 7 1 4 15 16 34 38 50 6 37 42 23 27 19 15 35 28 6
21 43 7 30 7 43 35 46 26 3 33 8 20 28 34 2 29 19 20 36 13 23 14 14 32 12 17 41 41 42 24 2 19 50 34 45 2 12 47 18 9 25 37 32 11 49 34 42 16 4
6 24 22 28 33 18 17 46 38 28 42 29 30 4 4 4 26 28 27 1 33 39 39 20 17 15 40 43 36 32 47 18 14 32 20 30 1 2 39 3 39 16 11 19 19 15 49 41 13 23
34 27 10 11 35 7 38 14 47 30 39 36 15 7 20 27 48 4 41 15 40 38 36 29 7 11 3 32 13 1 9 17 16 49 6 39 2 15 18 43 37 26 8 38 25 13 41 18 50 6
43 23 50 39 40 6 11 2 9 6 45 21 27 29 41 43 16 39 42 4 49 3 43 4 20 3 23 41 10 45 3 14 44 40 39 23 40 28 4 3 29 21 5 12 14 43 30 24 6 4
33 29 17 24 31 4 46 26 4 13 40 5 15 12 7 26 17 49 14 12 4 36 27 24 28 7 10 41 22 7 12 35 33 44 17 18 37 29 35 24 18 7 50 22 20 44 4 33 25 49
42 42 39 43 31 34 16 18 19 47 22 50 30 23 6 14 8 20 18 11 19 29 10 34 34 45 14 21 42 1 5 47 10 36 16 4 20 33 11 10 10 41 43 40 32 36 25 39 42 47
37 45 22 50 26 3 4 8 12 25 18 34 1 4 17 25 14 12 26 7 43 17 13 2 19 8 35 31 46 33 47 15 21 2 46 42 50 1 4 23 17 8 44 25 21 10 47 7 7 29
30 35 33 46 48 15 23 30 39 8 33 18 29 23 6 42 26 23 37 50 34 49 48 16 18 16 14 37 10 32 13 46 45 15 43 29 34 14 2 41 26 33 33 35 27 21 38 12 36 15
28 21 4 34 3 50 6 13 39 31 39 1 43 22 49 29 9 28 49 33 39 24 47 30 49 37 20 2 35 19 27 43 10 36 50 36 10 11 4 2 6 10 2 4 49 45 3 34 6 34
3 33 4 46 45 34 12 25 27 22 44 49 50 5 47 38 23 30 20 3 35 27 19 7 4 9 18 14 29 18 12 6 32 37 46 12 38 17 41 40 42 11 24 2 10 17 20 13 1 18
1 1 17 28 38 27 33 4 13 9 41 19 25 14 17 48 39 26 35 22 41 37 44 32 48 19 39 24 2 37 20 43 15 36 43 19 7 26 17 21 5 11 27 9 29 26 32 3 2 32
48 38 47 48 19 1 42 11 34 7 15 32 19 20 44 20 23 47 26 29 39 25 48 12 8 34 36 20 49 23 40 7 24 45 42 36 44 41 44 10 31 21 34 48 21 2 5 44 4 5
1 24 14 4 31 45 48 13 18 42 15 1 25 41 42 23 39 28 13 1 35 22 29 41 4 37 39 32 31 49 29 36 23 49 5 32 23 43 25 30 34 2 25 3 21 32 13 44 44 33
9 35 25 29 27 19 50 41 21 28 25 21 8 49 7 5 4 8 21 18 41 36 10 8 36 37 29 12 12 25 13 6 25 44 20 48 33 44 42 2 24 14 37 39 38 16 44 10 29 47
36 6 6 26 1 50 2 31 10 42 32 21 37 9 13 29 28 12 12 48 34 3 3 47 28 7 1 32 44 15 41 22 14 27 7 33 47 35 32 46 42 21 47 3 47 21 32 10 8 43
6 26 45 1 42 18 27 50 9 16 39 27 41 7 45 5 9 43 19 46 10 44 21 34 5 13 5 43 4 24 2 31 39 49 12 39 34 45 17 7 29 7 11 3 22 11 4 49 8 27
18 46 44 17 29 28 27 23 7 5 46 26 17 9 44 37 15 24 38 30 9 17 9 23 42 16 48 35 29 29 49 36 14 3 3 41 32 7 20 6 34 37 22 49 16 43 46 46 15 2
24 31 7 34 15 25 5 7 21 18 49 5 33 9 33 30 25 38 43 22 15 48 16 34 49 15 28 29 26 38 15 42 27 41 32 2 9 16 23 40 30 45 44 2 36 9 21 30 35 50
50
1 13 44 35 5 27 44 17 49 43 19 43 10 32 49 12 50 22 27 38 41 28 2 39 1 34 33 35 24 50 12 33 1 2 26 33 39 15 36 18 20 29 8 35 7 12 45 3 38 42
50 39 27 50 33 47 48 43 49 25 41 17 30 22 24 26 17 35 45 48 13 50 47 31 48 40 48 24 16 13 21 39 21 18 21 45 10 23 3 49 44 10 28 13 9 36 9 17 25 34
14 6 30 19 33 18 49 35 13 18 41 7 46 34 6 3 24 42 5 5 9 10 44 13 35 14 15 9 34 35 34 30 21 6 11 2 19 29 33 5 41 5 44 43 15 9 42 3 39 41
28 48 38 7 39 43 7 26 44 17 27 39 9 35 49 20 42 4 19 48 23 14 29 4 42 7 46 6 18 5 38 30 36 32 7 41 16 25 10 30 40 30 47 25 31 15 31 34 37 24
39 28 4 36 24 41 42 37 5 44 20 27 24 38 29 48 11 50 17 34 42 48 50 22 21 14 41 12 35 37 11 26 22 28 22 34 45 36 45 18 36 7 48 49 3 6 34 8 35 8
39 14 50 15 44 43 16 18 16 41 43 45 5 44 43 29 46 18 17 48 24 36 39 30 39 18 5 44 17 13 13 40 33 8 31 49 49 37 16 14 2 26 23 13 7 23 16 42 38 47
38 43 30 41 17 21 3 50 40 15 30 37 28 32 35 19 13 41 50 7 32 45 47 35 19 40 50 21 45 6 40 49 20 10 36 22 2 21 45 20 40 34 10 40 6 31 45 19 42 2
4 28 7 9 39 13 27 10 42 32 9 42 50 36 11 32 12 13 6 2 7 14 37 27 15 43 14 35 49 6 44 21 11 44 15 27 28 45 37 29 7 41 50 4 22 47 5 45 8 14
3 42 33 31 7 40 43 34 46 31 49 38 22 4 26 22 14 42 2 27 11 12 19 20 35 3 36 43 9 41 2 16 18 48 26 50 49 28 14 23 18 17 35 47 41 43 36 7 29 14
10 35 30 18 40 13 20 34 47 34 24 50 47 43 43 6 37 33 8 50 27 3 36 17 4 38 30 17 39 49 40 6 38 44 10 17 15 20 30 17 18 11 15 19 49 14 12 49 37 36
33 33 43 43 4 13 46 22 11 17 30 30 30 7 20 45 24 18 48 49 39 9 6 39 19 14 44 27 21 4 14 19 15 46 5 25 27 49 30 49 3 30 38 7 42 35 21 6 27 12
3 3 32 18 5 27 50 35 27 10 36 49 9 14 17 49 37 9 7 29 5 2 29 10 16 3 16 13 47 29 50 13 48 26 29 1 42 36 1 38 25 24 26 45 18 42 27 42 27 50
31 5 15 30 21 23 31 37 34 5 13 16 20 34 41 32 20 2 50 11 47 10 43 42 48 19 42 5 27 1 44 7 3 18 39 20 39 30 43 23 19 19 37 17 22 35 38 29 42 5
43 10 48 37 44 10 25 50 29 12 8 10 28 29 42 28 24 48 48 24 45 33 9 23 33 40 30 25 34 11 12 11 26 5 21 9 38 35 8 41 39 12 6 6 43 42 43 14 24 34
12 22 16 25 2 28 13 49 13 12 23 16 18 26 35 31 31 40 6 22 31 7 11 39 44 10 24 47 12 22 5 41 2 39 1 50 32 3 4 49 21 26 32 47 18 46 32 32 44 22
5 47 40 36 38 47 36 1 22 45 22 35 6 6 33 32 38 48 36 18 4 21 48 21 38 29 10 17 49 2 35 48 43 24 9 43 37 9 8 38 13 12 22 41 3 41 11 2 10 7
23 49 28 48 21 49 28 28 38 37 7 37 21 29 21 9 6 43 45 35 3 1 9 31 27 35 23 19 1 2 42 20 23 20 26 21 10 33 47 49 48 43 16 36 45 11 32 11 16 28
19 21 20 49 6 19 15 14 33 26 16 12 20 14 25 18 18 46 47 43 28 4 44 28 29 10 43 11 36 40 24 41 30 18 38 3 13 3 36 24 4 3 47 40 46 14 45 33 44 25
37 39 24 23 34 28 47 22 16 13 21 28 13 31 11 28 33 29 19 41 48 23 50 30 29 34 34 4 49 26 17 34 43 18 45 21 7 28 49 29 45 20 39 38 13 43 11 40 33 6
23 11 22 16 46 46 41 15 3 18 33 42 50 40 33 19 25 27 45 48 43 39 3 31 31 21 2 49 27 21 12 47 23 13 13 50 8 47 35 43 47 47 5 38 27 1 50 17 20 3
8 47 11 16 22 14 10 42 47 49 28 13 23 35 7 48 45 49 29 11 5 5 49 11 37 35 44 39 28 35 50 47 4 1 8 24 15 39 7 50 40 15 23 37 9 47 5 43 48 31
3 50 30 27 1 4 12 5 23 37 3 9 34 20 48 44 32 5 24 27 6 33 18 40 32 11 28 12 8 12 33 48 45 31 8 49 13 7 7 8 9 5 37 41 7 8 18 6 31 42
47 49 33 16 2 31 28 4 16 26 41 1 20 9 44 48 26 47 14 2 17 34 26 40 43 16 39 4 18 7 36 6 47 39 23 43 43 35 13 17 24 30 17 10 4 44 12 37 15 37
47 25 9 48 12 12 10 30 27 10 29 11 5 1 25 9 13 9 30 20 30 41 33 33 18 12 11 24 3 38 33 11 23 9 12 47 49 50 31 37 44 32 27 1 19 42 26 20 15 44
23 31 44 29 16 4 22 42 45 49 1 21 49 30 42 38 20 30 20 4 11 2 39 49 40 14 19 39 2 6 31 19 12 10 13 9 49 45 24 9 3 21 17 50 27 50 2 33 32 41
37 13 45 28 6 30 39 41 21 41 20 32 46 47 20 36 26 43 36 45 50 49 29 43 15 21 29 21 38 19 45 21 48 49 46 10 15 3 27 44 42 48 5 41 25 21 24 4 11 50
6 13 46 21 14 43 30 41 22 50 13 21 48 39 38 27 10 42 22 32 50 3 37 18 37 7 26 25 49 34 48 23 14 28 14 6 20 33 49 34 38 3 23 36 33 44 13 36 5 22
12 31 44 25 42 20 46 7 21 36 11 35 39 50 42 9 44 15 46 39 14 49 12 10 28 13 33 14 45 30 39 27 47 15 9 40 1 8 39 8 11 45 4 18 18 18 30 5 18 4
45 46 44 25 46 48 26 44 35 25 30 40 5 21 25 14 7 1 35 42 21 25 5 17 27 42 41 9 34 46 46 32 26 35 35 36 39 16 26 26 34 5 24 29 26 13 37 16 24 22
6 4 47 26 33 7 46 47 18 44 42 36 16 6 40 4 47 35 14 2 15 42 48 27 15 5 48 2 23 45 21 6 25 16 29 6 27 9 33 35 24 3 12 9 40 25 39 17 35 46
2 2 39 21 43 9 15 30 20 32 22 35 44 10 41 19 2 50 37 40 23 1 24 24 6 48 41 35 19 3 11 1 8 7 4 17 36 41 14 46 9 47 10 13 26 9 11 32 39 21
49 13 23 15 29 9 15 1 30 35 41 30 8 27 40 2 22 48 41 21 20 49 28 44 6 33 26 41 33 18 46 4 8 43 22 4 38 45 49 9 2 5 7 6 25 28 25 13 43 39
37 6 22 39 45 46 48 45 2 10 44 13 46 47 15 47 37 7 1 38 31 27 21 9 43 48 24 29 3 24 21 11 27 16 33 32 2 9 23 48 28 40 43 38 14 16 24 48 13 48
43 49 36 26 10 17 28 48 37 7 40 4 17 32 42 27 36 43 47 37 1 15 44 3 38 39 18 26 18 6 12 4 38 24 19 9 1 43 46 18 49 22 24 25 6 39 30 48 35 21
32 21 38 39 27 17 17 9 48 42 5 50 13 15 32 41 43 27 50 18 25 29 19 44 46 32 43 4 42 15 41 27 13 25 17 45 13 28 17 50 40 17 4 18 47 28 14 32 35 21
3 12 31 18 31 38 39 39 13 27 19 38 22 26 1 29 9 18 44 14 39 48 33 31 33 10 18 47 25 42 46 2 3 32 37 46 34 42 7 21 13 11 39 38 38 10 27 39 4 46
20 1 2 19 45 26 32 14 22 36 46 18 29 2 10 36 48 45 2 40 10 25 1 35 50 35 31 12 42 22 39 20 42 7 42 36 10 39 39 31 16 8 35 47 29 21 25 49 47 18
15 33 13 33 33 5 35 5 3 40 7 3 17 13 20 18 32 17 40 32 49 44 14 19 43 4 21 28 44 33 40 18 16 49 32 30 36 15 36 8 4 40 17 9 38 24 12 24 35 6
15 17 26 12 11 28 47 12 38 22 4 36 4 39 48 13 11 46 5 49 38 46 42 28 47 38 28 19 27 47 31 30 22 21 4 31 22 22 34 3 31 33 43 26 35 33 10 14 2 13
40 22 48 29 1 31 37 21 11 40 48 7 47 15 37 30 38 35 40 22 49 42 5 50 40 47 34 22 22 5 15 12 2 38 33 8 41 12 2 13 23 21 24 29 41 11 34 24 15 20
43 50 1 46 38 50 49 47 48 39 32 35 32 31 24 29 13 46 33 50 3 14 11 15 41 28 44 28 3 48 46 25 38 9 35 47 24 13 13 42 41 30 25 35 33 18 50 38 47 32
11 24 41 23 21 30 35 4 38 1 19 42 23 36 6 27 11 41 18 40 5 3 45 15 12 50 29 6 11 27 26 19 46 3 38 18 31 41 36 33 38 28 25 20 35 50 13 3 22 8
45 8 23 39 7 40 22 32 2 24 29 8 49 49 25 27 35 24 43 1 42 38 48 47 33 33 7 14 9 12 49 45 26 42 6 7 31 1 45 46 45 16 16 15 45 44 50 18 38 5
10 49 17 18 18 16 49 28 4 20 12 41 13 48 6 16 35 8 3 21 13 19 46 18 12 23 34 5 36 18 43 27 13 6 35 3 26 3 29 35 49 25 30 19 1 49 28 14 28 28
26 48 4 1 14 39 16 11 40 8 50 37 26 8 20 40 5 44 38 20 43 13 1 27 15 22 41 44 21 29 37 13 22 10 23 50 13 26 36 33 21 35 1 38 12 47 31 11 15 22
3 41 25 47 40 16 2 7 15 41 25 1 1 41 7 10 2 50 26 37 33 12 24 21 30 33 3 18 12 44 13 47 6 4 33 23 22 16 43 17 34 25 13 30 1 17 2 22 30 46
36 5 48 1 48 1 10 32 3 39 40 25 32 39 25 12 13 47 38 31 1 20 15 39 36 39 5 29 15 19 30 40 2 8 11 9 36 24 26 34 27 39 13 4 34 29 24 49 36 30
11 30 49 44 29 24 2 15 5 50 12 28 32 13 14 19 50 26 39 44 16 23 42 9 1 30 24 46 16 36 29 37 27 16 25 46 16 19 10 43 22 14 15 32 26 40 46 22 22 13
12 49 15 27 37 4 34 38 3 41 41 30 43 25 30 22 35 30 16 33 19 23 21 29 17 43 11 34 11 31 18 31 18 2 33 47 50 6 36 38 30 9 41 42 21 22 37 29 2 42
37 48 50 42 1 7 24 7 21 19 49 9 44 43 43 20 25 49 19 41 48 15 14 36 2 29 49 30 22 25 37 35 16 10 44 26 20 20 22 41 10 1 22 37 6 21 6 46 13 1
