1
100
63 89 86 83 69 59 53 34 80 22 92 57 62 43 77 50 97 15 78 81 40 93 61 87 90 30 85 19 68 72 54 73 64 46 20 49 8 24 39 74 71 55 45 98 67 100 27 18 35 47 84 2 36 96 29 56 82 58 9 41 7 23 51 65 91 79 88 16 75 11 3 28 12 60 10 1 48 26 94 44 31 42 25 99 38 5 66 52 76 21 17 14 33 70 4 32 6 95 37 13
100 26 23 20 6 96 90 71 17 59 29 94 99 80 14 87 34 52 15 18 77 30 98 24 27 67 22 56 5 9 35 10 1 83 57 86 45 61 76 11 8 92 82 91 4 37 64 97 72 84 21 39 73 33 66 93 19 95 46 78 44 60 88 2 28 16 25 53 12 48 40 65 49 81 47 38 85 63 31 55 68 79 62 36 75 42 3 89 13 58 54 51 70 7 41 69 43 32 74 50
26 52 49 46 32 22 16 97 43 85 55 20 25 6 40 13 60 78 41 44 3 56 24 50 53 93 48 82 31 35 17 36 27 9 83 12 71 87 2 37 34 18 8 61 30 63 90 81 98 10 47 65 99 59 92 19 45 21 72 4 70 86 14 28 54 42 51 79 38 74 66 91 75 23 73 64 11 89 57 7 94 5 88 62 1 68 29 15 39 84 80 77 96 33 67 95 69 58 100 76
53 79 76 73 59 49 43 24 70 12 82 47 52 33 67 40 87 5 68 71 30 83 51 77 80 20 55 9 58 62 44 63 54 36 10 39 98 14 29 64 61 45 91 88 57 90 17 8 25 37 74 92 26 86 19 46 72 48 99 75 97 13 41 35 81 69 78 6 65 1 93 18 2 50 100 31 38 16 84 34 21 32 15 89 28 95 56 42 66 11 7 4 23 60 94 22 96 85 27 3
88 14 11 8 94 84 78 59 5 47 17 82 87 68 2 75 22 40 3 6 65 18 86 12 15 55 10 44 93 97 79 98 89 71 45 74 33 49 64 99 96 80 70 23 92 25 52 43 60 72 9 27 61 21 54 81 7 83 34 66 32 48 76 90 16 4 13 41 100 36 28 53 37 85 35 26 73 51 19 69 56 67 50 24 63 30 91 77 1 46 42 39 58 95 29 57 31 20 62 38
55 81 78 75 61 51 45 26 72 14 84 49 54 35 69 42 89 7 70 73 32 85 53 79 82 22 77 11 60 64 46 65 56 38 12 41 100 16 31 66 63 47 37 90 59 92 19 10 27 39 76 94 28 88 21 48 74 50 1 33 99 15 43 57 83 71 80 8 67 3 95 20 4 52 2 93 40 18 86 36 23 34 17 91 30 97 58 44 68 13 9 6 25 62 96 24 98 87 29 5
22 48 45 42 28 18 12 93 39 81 51 16 21 2 36 9 56 74 37 40 99 52 20 46 49 89 44 78 27 31 13 32 23 5 79 8 67 83 98 33 30 14 4 57 26 59 86 77 94 6 43 61 95 55 88 15 41 17 68 100 66 82 10 24 50 38 47 75 34 70 62 87 71 19 69 60 7 85 53 3 90 1 84 58 97 64 25 11 35 80 76 73 92 29 63 91 65 54 96 72
20 46 43 40 26 16 10 67 37 79 49 14 19 100 34 7 54 72 35 38 97 50 18 44 47 87 42 76 25 29 11 30 21 3 77 6 65 81 96 31 28 12 2 55 24 57 84 75 92 4 41 91 93 53 86 13 39 15 66 98 64 80 8 22 48 36 45 73 32 68 60 85 69 17 59 58 5 83 51 1 88 99 82 56 95 62 23 9 33 78 74 71 90 27 61 89 63 52 94 70
74 100 97 94 80 70 64 45 91 33 3 68 73 54 88 11 8 26 89 92 51 4 72 98 1 41 96 30 79 83 65 84 75 57 31 60 19 35 50 85 82 66 56 9 78 55 38 29 46 58 95 13 47 7 40 67 93 69 20 52 18 34 62 76 2 90 99 27 86 22 14 39 23 71 21 12 59 37 5 81 42 53 36 10 49 16 77 63 87 32 28 25 44 17 15 43 61 6 48 24
18 44 41 38 24 14 8 55 35 77 47 12 17 98 32 5 52 70 33 36 95 48 16 42 45 85 40 74 23 27 9 28 19 1 75 4 63 79 94 29 26 10 100 53 22 61 82 73 90 2 39 57 91 51 84 11 37 13 64 96 62 78 6 20 46 34 43 71 30 66 58 83 67 15 65 56 3 81 49 99 86 97 80 54 93 60 21 7 31 76 72 69 88 25 59 87 89 50 92 68
73 99 96 93 79 69 63 44 90 32 2 67 72 53 87 60 7 25 88 91 50 3 71 97 100 40 95 29 78 82 64 83 74 56 30 59 18 34 49 84 81 65 55 8 77 10 37 28 45 57 94 12 46 6 39 66 92 68 19 51 17 33 61 75 1 89 98 26 85 21 13 38 22 70 20 11 58 36 4 54 41 52 35 9 48 15 76 62 86 31 27 24 43 80 14 42 16 5 47 23
11 37 34 31 17 7 1 82 28 70 40 5 10 91 25 98 45 63 26 29 88 41 9 35 38 78 33 67 16 20 2 21 12 94 68 97 56 72 87 22 19 3 93 46 15 48 75 66 83 95 32 50 84 44 77 4 30 6 57 89 55 71 99 13 39 27 36 64 23 59 51 76 60 8 58 49 96 74 42 92 79 90 73 47 86 53 14 100 24 69 65 62 81 18 52 80 54 43 85 61
7 33 30 27 13 3 97 78 24 66 36 1 6 87 21 94 41 59 22 25 84 37 5 31 34 74 29 63 12 16 98 17 8 90 64 93 52 68 83 18 15 99 89 42 11 44 71 62 79 91 28 46 80 40 73 100 26 2 53 85 51 67 95 9 35 23 32 60 19 55 47 72 56 4 54 45 92 70 38 88 75 86 69 43 82 49 10 96 20 65 61 58 77 14 48 76 50 39 81 57
75 1 98 95 81 71 65 46 92 34 4 69 74 55 89 62 9 27 90 93 52 5 73 99 2 42 97 31 80 84 66 85 76 58 32 61 20 36 51 86 83 67 57 10 79 12 39 30 47 59 96 14 48 8 41 68 94 70 21 53 19 35 63 77 3 91 100 28 87 23 15 40 24 72 22 13 60 38 6 56 43 54 37 11 50 17 78 64 88 33 29 26 45 82 16 44 18 7 49 25
8 34 31 28 14 4 98 27 25 67 37 2 7 88 22 95 42 60 23 26 85 38 6 32 35 75 30 64 13 17 91 18 9 79 65 94 53 69 84 19 16 100 90 43 12 45 72 63 80 92 29 47 81 41 74 1 99 3 54 86 52 68 96 10 36 24 33 61 20 56 48 73 57 5 55 46 93 71 39 89 76 87 70 44 83 50 11 97 21 66 62 59 78 15 49 77 51 40 82 58
71 97 94 91 77 67 61 42 88 30 100 65 70 51 85 58 5 23 86 89 48 1 69 95 98 38 93 27 76 80 62 81 72 54 28 57 16 32 47 82 79 63 53 6 75 8 35 26 43 55 92 10 44 4 37 64 90 66 17 49 15 31 59 73 99 87 96 24 83 19 11 36 20 68 18 9 56 34 2 52 39 50 33 7 46 13 74 60 84 29 25 22 41 78 12 40 14 3 45 21
65 91 88 85 71 61 55 36 82 24 94 59 64 45 35 52 99 17 80 83 42 95 63 89 92 32 87 21 70 74 56 75 66 48 22 79 10 26 41 76 73 57 47 100 69 2 29 20 37 49 86 4 38 98 31 58 84 60 51 43 9 25 53 67 93 81 90 18 77 13 5 30 14 62 12 3 50 28 96 46 33 44 27 1 40 7 68 54 78 23 19 16 11 72 6 34 8 97 39 15
99 25 22 19 5 95 89 70 16 58 28 93 98 79 13 86 33 51 14 17 76 29 97 23 26 66 21 55 4 8 90 9 100 82 56 85 44 60 75 10 7 91 81 34 3 36 63 54 71 83 20 38 72 32 65 92 18 94 45 77 43 59 87 1 27 15 24 52 11 47 39 64 48 96 46 37 84 62 30 80 67 78 61 35 74 41 2 88 12 57 53 50 69 6 40 68 42 31 73 49
92 18 15 12 98 88 82 63 9 51 21 86 91 72 6 79 26 44 7 10 69 22 90 16 19 59 14 48 97 1 83 2 93 75 49 78 37 53 68 3 100 84 74 27 96 29 56 47 64 76 13 31 65 25 58 85 11 87 38 70 36 52 80 94 20 8 17 45 4 40 32 57 41 89 39 30 77 55 23 73 60 71 54 28 67 34 95 81 5 50 46 43 62 99 33 61 35 24 66 42
6 32 29 26 12 2 96 77 23 65 35 100 5 86 20 93 40 58 21 24 83 36 4 30 33 73 28 62 11 15 97 16 7 89 63 92 51 67 82 17 14 98 88 41 10 43 70 61 78 90 27 45 79 39 72 99 25 1 52 84 50 66 94 8 34 22 31 59 18 54 46 71 55 3 53 44 91 69 37 87 74 85 68 42 81 48 9 95 19 64 60 57 76 13 47 75 49 38 80 56
14 40 37 34 20 10 4 85 31 73 43 8 13 94 28 1 48 66 29 32 91 44 12 38 41 81 36 70 19 23 5 24 15 97 71 100 59 75 90 25 22 6 96 49 18 51 78 69 86 98 35 53 87 47 80 7 33 9 60 92 58 74 2 16 42 30 39 67 26 62 54 79 63 11 61 52 99 77 45 95 82 93 76 50 89 56 17 3 27 72 68 65 84 21 55 83 57 46 88 64
80 6 3 100 86 76 70 51 97 39 9 74 79 60 94 67 14 32 95 98 57 10 78 4 7 47 2 36 85 89 71 90 81 63 37 66 25 41 56 91 88 72 62 15 84 17 44 35 52 64 1 19 53 13 46 73 83 75 26 58 24 40 68 82 8 96 5 33 92 28 20 45 29 77 27 18 65 43 11 61 48 59 42 16 55 22 99 69 93 38 34 31 50 87 21 49 23 12 54 30
45 71 68 65 51 41 35 16 62 4 74 39 44 25 59 32 79 97 60 63 22 75 43 69 72 12 67 1 50 54 36 55 46 28 2 31 90 6 21 56 53 37 27 80 49 82 9 100 17 29 66 84 18 78 11 38 64 40 91 23 89 5 33 47 73 61 70 98 57 93 85 10 94 42 92 83 30 8 76 26 13 24 7 81 20 87 48 34 58 3 99 96 15 52 86 14 88 77 19 95
35 61 58 55 41 31 25 6 52 94 64 29 34 15 49 22 69 87 50 53 12 65 33 59 62 2 57 91 40 44 26 45 36 18 92 21 80 96 11 46 43 27 17 70 39 72 99 90 7 19 56 74 8 68 1 28 54 30 81 13 79 95 23 37 63 51 60 88 47 83 75 100 84 32 82 73 20 98 66 16 3 14 97 71 10 77 38 24 48 93 89 86 5 42 76 4 78 67 9 85
66 92 89 86 72 62 56 37 83 25 95 60 65 46 80 53 100 18 81 84 43 96 64 90 93 33 88 22 71 75 57 76 67 49 23 52 11 27 42 77 74 58 48 1 70 3 30 21 38 50 87 5 39 99 32 59 85 61 12 44 10 26 54 68 94 82 91 19 78 14 6 31 15 63 13 4 51 29 97 47 34 45 28 2 41 8 69 55 79 24 20 17 36 73 7 35 9 98 40 16
62 88 85 82 68 58 52 33 79 21 91 56 61 42 76 49 96 14 77 80 39 92 60 86 89 29 84 18 67 71 53 72 63 45 19 48 7 23 38 73 70 54 44 97 66 99 26 17 34 46 83 1 35 95 28 55 81 57 8 40 6 22 50 64 90 78 87 15 74 10 2 27 11 59 9 100 47 25 93 43 30 41 24 98 37 4 65 51 75 20 16 13 32 69 3 31 5 94 36 12
89 15 12 9 95 85 83 60 6 48 18 99 88 69 39 76 23 41 4 7 66 19 87 13 16 56 35 45 94 98 80 31 90 72 46 75 34 50 65 100 97 81 71 24 93 26 53 44 61 73 10 28 62 22 55 82 8 84 79 3 33 49 77 91 17 5 14 42 1 37 29 54 38 86 36 27 74 52 20 70 57 68 51 25 64 67 92 78 2 47 11 40 59 96 30 58 32 21 63 43
19 45 42 39 25 15 9 90 36 78 48 13 18 99 33 6 53 71 34 37 96 49 17 43 46 86 41 75 24 28 10 29 20 2 76 5 64 80 95 30 27 11 1 54 23 56 83 74 91 3 40 58 92 52 85 12 38 14 65 97 63 79 7 21 47 35 44 72 31 67 59 84 68 16 66 57 4 82 50 100 87 98 81 55 94 61 22 8 32 77 73 70 89 26 60 88 62 51 93 69
44 70 87 64 50 40 34 15 61 3 73 38 43 24 58 31 78 96 59 62 21 74 42 68 71 11 66 100 49 53 27 54 45 67 1 30 89 5 20 55 52 36 26 35 48 81 8 99 16 28 65 83 17 77 10 37 63 39 90 22 88 4 32 46 72 60 69 97 56 92 84 9 93 41 91 82 29 7 75 25 12 23 6 80 19 86 47 33 57 2 98 95 14 51 85 13 79 76 18 94
59 85 82 79 65 55 49 30 76 18 88 53 58 39 73 46 93 11 74 77 36 89 57 83 86 26 81 15 64 68 50 69 60 42 16 45 4 20 35 70 67 51 41 94 63 96 23 14 31 43 80 98 32 92 25 52 78 54 5 37 3 19 47 61 87 75 84 12 71 7 99 24 8 56 6 97 44 22 90 40 27 38 21 95 34 1 62 48 72 17 13 10 29 66 100 28 2 91 33 9
67 93 90 87 73 63 57 38 84 26 96 61 66 47 81 54 1 19 82 85 44 97 65 91 94 34 89 23 72 76 58 77 68 50 24 53 12 28 43 78 75 59 49 2 71 4 31 22 39 51 88 6 40 100 33 60 86 62 13 45 11 27 55 69 95 83 92 20 79 15 7 32 16 64 14 5 52 30 98 48 35 46 29 3 42 9 70 56 80 25 21 18 37 74 8 36 10 99 41 17
68 94 91 88 74 64 58 39 85 27 97 62 67 48 82 55 2 20 83 86 45 98 66 92 95 35 90 24 73 77 59 78 69 51 25 54 13 29 44 79 76 60 50 3 72 5 32 23 40 52 89 7 41 1 34 61 87 63 14 46 12 28 56 70 96 84 93 21 80 16 8 33 17 65 15 6 53 31 99 49 36 47 30 4 43 10 71 57 81 26 22 19 38 75 9 37 11 100 42 18
54 80 77 74 60 50 44 25 71 13 83 48 53 34 68 41 88 6 69 72 31 84 52 78 81 21 76 10 59 63 45 64 55 37 11 40 99 15 30 65 62 46 36 89 58 91 18 9 26 38 75 93 27 87 20 47 73 49 100 32 98 14 42 56 82 70 79 7 66 2 94 19 3 51 1 92 39 17 85 35 22 33 16 90 29 96 57 43 67 12 8 5 24 61 95 23 97 86 28 4
76 2 99 96 82 72 66 47 93 35 5 70 75 56 90 63 10 28 91 94 53 6 74 100 3 43 98 32 81 85 67 86 77 59 33 62 21 37 52 87 84 68 58 11 80 13 40 31 48 60 97 15 49 9 42 69 95 71 22 54 20 36 64 78 4 92 1 29 88 24 16 41 25 73 23 14 61 39 7 57 44 55 38 12 51 18 79 65 89 34 30 27 46 83 17 45 19 8 50 26
97 23 20 17 3 93 87 68 14 56 26 91 96 77 11 84 31 49 12 15 74 27 95 21 24 64 19 53 2 6 88 7 98 80 54 83 42 58 73 8 5 89 79 32 1 34 61 52 69 81 18 36 70 30 63 90 16 92 43 47 41 57 85 99 25 13 22 50 9 45 37 62 46 94 44 35 82 60 28 78 65 76 59 33 72 39 100 86 10 55 51 48 67 4 38 66 40 29 71 75
64 90 67 84 70 60 54 35 81 23 93 58 63 44 78 51 98 16 79 82 41 94 62 88 91 31 86 20 69 73 87 74 65 47 21 50 9 25 40 75 72 56 46 99 68 1 28 19 36 48 85 3 37 97 30 57 55 59 10 42 8 24 52 66 92 80 89 17 76 12 4 29 13 61 11 2 49 27 95 45 32 43 26 100 39 6 83 53 77 22 18 15 34 71 5 33 7 96 38 14
3 29 26 23 9 99 93 74 20 62 32 97 2 83 17 90 37 55 18 21 80 33 1 27 30 70 25 59 8 12 94 13 4 86 60 89 48 64 79 14 11 95 85 38 7 40 67 58 75 87 24 42 76 36 69 96 22 98 49 81 47 63 91 5 31 19 28 56 15 51 43 68 52 100 50 41 88 66 34 84 71 82 65 39 78 45 6 92 16 61 57 54 73 10 44 72 46 35 77 53
72 98 95 92 78 68 62 43 89 31 1 66 71 52 86 59 6 24 87 90 49 2 70 96 99 39 94 28 77 81 63 82 73 55 29 58 17 33 48 83 80 64 54 7 76 9 36 91 44 56 93 11 45 5 38 65 27 67 18 50 16 32 60 74 100 88 97 25 84 20 12 37 21 69 19 10 57 35 3 53 40 51 34 8 47 14 75 61 85 30 26 23 42 79 13 41 15 4 46 22
94 20 17 14 100 90 84 65 11 53 23 88 93 74 8 81 28 46 9 12 71 24 92 18 21 61 16 50 99 3 85 4 95 77 51 80 39 55 70 5 2 86 76 29 98 31 58 49 66 78 15 33 67 27 60 87 13 89 40 72 38 54 82 96 22 10 19 47 6 42 34 59 43 91 41 32 79 57 25 75 62 73 56 30 69 36 97 83 7 52 48 45 64 1 35 63 37 26 68 44
84 10 7 4 90 80 74 81 1 43 13 78 83 64 98 71 18 36 99 2 61 14 82 8 11 51 6 40 89 93 75 94 85 27 41 70 29 45 60 95 92 76 66 19 88 21 48 55 56 68 5 23 57 17 50 77 3 79 30 62 28 44 72 86 12 100 9 37 96 32 24 49 33 39 31 22 69 47 15 65 52 63 46 20 59 26 67 73 97 42 38 35 54 91 25 53 87 16 58 34
52 78 75 72 58 48 42 91 69 11 81 46 51 32 66 39 86 4 67 70 29 82 50 76 23 19 74 8 57 61 43 62 53 87 9 38 97 13 28 63 60 44 34 79 56 89 16 7 24 36 73 35 25 85 18 45 71 47 98 30 96 12 40 54 80 68 77 5 64 100 92 17 1 49 99 90 37 15 83 33 20 31 14 88 27 94 55 41 65 10 6 3 22 59 93 21 95 84 26 2
51 77 74 71 57 47 41 22 68 10 80 45 50 31 65 38 85 3 66 69 28 81 49 75 78 18 73 7 56 60 42 61 52 34 8 37 96 12 27 62 59 43 33 86 55 88 15 6 23 35 72 90 24 84 17 44 70 46 97 29 95 11 39 53 79 67 76 4 63 99 91 16 100 48 98 89 36 14 82 32 19 30 13 87 26 93 54 40 64 9 5 2 21 58 92 20 94 83 25 1
86 12 9 6 92 82 76 57 3 45 15 80 85 66 100 73 20 38 1 4 63 16 84 10 13 53 8 42 91 95 77 96 87 69 43 72 31 47 62 97 94 78 68 21 90 23 50 41 58 70 7 25 59 19 52 79 5 81 32 64 30 46 74 88 14 2 11 39 98 34 26 51 35 83 33 24 71 49 17 67 54 65 48 22 61 28 89 75 99 44 40 37 56 93 27 55 29 18 60 36
50 76 73 70 56 46 40 21 67 9 79 44 49 30 64 37 84 2 65 68 27 80 48 74 77 17 72 6 55 59 41 60 51 33 7 36 95 11 26 61 58 42 32 85 54 87 14 5 22 34 71 89 23 83 16 43 69 45 96 28 94 10 38 52 78 66 75 3 62 98 90 15 99 47 97 88 35 13 81 31 18 29 12 86 25 92 53 39 63 8 4 1 20 57 91 19 93 82 24 100
37 63 60 57 91 33 27 8 54 96 66 31 36 17 3 24 71 89 52 55 14 43 35 61 64 4 59 93 42 46 28 47 38 20 94 23 82 98 13 48 45 29 19 72 41 74 1 92 9 21 58 76 10 70 51 30 56 32 83 15 81 97 25 39 65 53 62 90 49 85 77 2 86 34 84 75 22 100 68 18 5 16 99 73 12 79 40 26 50 95 67 88 7 44 78 6 80 69 11 87
33 59 56 53 39 29 23 4 50 92 62 27 32 13 47 20 67 85 48 51 10 63 31 57 60 100 71 89 38 42 24 43 34 16 90 19 78 94 9 44 41 25 15 68 37 70 97 88 5 17 54 72 6 66 99 26 52 28 11 83 77 93 21 55 61 49 58 86 45 81 73 98 82 30 80 79 18 96 64 14 1 12 95 69 8 75 36 22 46 35 87 84 3 40 74 2 76 65 7 91
34 60 57 54 40 30 24 5 51 93 63 28 33 14 48 21 68 86 49 52 11 64 32 58 61 1 56 90 39 43 25 44 35 17 91 20 79 95 10 45 42 26 16 69 38 71 98 89 6 18 55 73 7 67 100 27 53 29 80 12 78 94 22 36 62 50 59 87 46 82 74 99 83 31 81 72 19 97 65 15 2 13 96 70 9 76 37 23 47 92 88 85 4 41 75 3 77 66 8 84
29 55 52 49 35 25 19 100 46 88 58 23 28 9 43 16 63 81 44 47 6 59 27 53 56 96 51 85 34 38 20 39 30 12 86 15 74 90 5 40 37 21 11 64 33 66 93 84 1 13 50 68 2 62 95 22 48 24 75 7 73 89 17 31 57 45 54 82 41 77 69 94 78 26 76 67 14 92 60 10 97 8 91 65 4 71 32 18 42 87 83 80 99 36 70 98 72 61 3 79
87 13 10 7 93 83 77 58 4 46 16 81 86 67 1 74 21 39 2 5 64 17 85 11 14 54 9 43 92 96 78 97 88 70 44 73 32 48 63 98 95 79 69 22 91 24 51 60 59 71 8 26 60 20 53 80 6 82 33 65 31 47 75 89 15 3 12 40 99 35 27 52 36 84 34 25 72 50 18 68 55 66 49 23 62 29 90 76 100 45 41 38 57 94 28 56 30 19 61 37
38 64 61 58 44 34 28 9 55 97 67 32 37 18 52 25 72 90 53 56 15 68 36 62 65 5 60 94 43 47 29 48 39 21 95 24 83 99 14 49 46 30 20 73 42 75 2 93 10 22 59 77 11 71 4 31 57 33 84 16 82 98 26 40 66 54 63 91 50 86 78 3 87 35 85 76 23 1 69 19 6 17 100 74 13 80 41 27 51 96 92 89 8 45 79 7 81 70 12 88
79 5 2 99 85 75 69 50 96 38 8 73 78 59 93 66 13 31 94 97 56 9 77 3 6 46 1 35 84 88 70 89 80 62 36 65 24 40 55 90 87 71 61 14 83 16 43 34 51 63 100 18 52 12 45 72 98 74 25 57 23 39 67 81 7 95 4 32 91 27 19 44 28 76 26 17 64 42 10 60 47 58 41 15 54 21 82 68 92 37 33 30 49 86 20 48 22 11 53 29
23 49 46 43 29 19 13 94 40 82 52 17 22 3 37 10 57 75 38 41 100 53 21 47 50 90 45 79 28 32 14 33 24 6 80 9 68 84 99 34 31 15 5 58 27 60 87 78 95 7 44 62 96 56 89 16 42 18 69 1 67 83 11 25 51 39 48 76 35 71 63 88 72 20 70 61 8 86 54 4 91 2 85 59 98 65 26 12 36 81 77 74 93 30 64 92 66 55 97 73
56 82 27 76 62 52 46 79 73 15 85 50 55 36 70 43 90 8 71 74 33 86 54 80 83 23 78 12 61 65 47 66 57 91 13 42 1 17 32 67 64 48 38 39 60 93 20 11 28 40 77 95 29 89 22 49 75 51 2 34 100 16 44 58 84 72 81 9 68 4 96 21 5 53 3 94 41 19 87 37 24 35 18 92 31 98 59 45 69 14 10 7 26 63 97 25 99 88 30 6
32 58 55 52 38 28 22 3 49 91 61 26 31 12 46 19 66 84 47 50 9 62 30 56 59 99 54 88 37 41 23 42 33 15 89 18 77 93 8 43 40 24 14 67 36 69 96 87 4 16 53 71 5 65 98 25 51 27 78 10 76 92 20 34 60 48 57 85 44 80 72 97 81 29 79 70 17 95 63 13 100 11 94 68 7 74 35 21 45 90 86 83 2 39 73 1 75 64 6 82
5 31 28 25 11 1 95 76 22 64 34 83 4 85 19 92 39 57 20 23 82 51 3 29 32 72 27 61 10 14 96 15 6 88 62 91 50 66 81 16 13 97 87 40 9 42 69 60 77 89 26 44 78 38 71 98 24 100 35 99 49 65 93 7 33 21 30 58 17 53 45 70 54 2 52 43 90 68 36 86 73 84 67 41 80 47 8 94 18 63 59 56 75 12 46 74 48 37 79 55
69 95 92 89 47 65 59 40 86 28 98 63 68 49 83 56 3 21 84 87 46 99 11 93 96 36 91 25 74 78 60 79 70 52 26 55 14 30 45 80 77 61 51 4 73 6 33 24 41 53 90 8 42 2 35 62 88 64 15 67 13 29 57 71 97 85 94 22 81 17 9 34 18 66 16 7 54 32 100 50 37 48 75 5 44 31 72 58 82 27 23 20 39 76 10 38 12 1 43 19
41 67 64 61 43 37 31 12 58 100 70 11 40 21 79 28 75 93 56 59 18 71 39 65 68 8 63 97 46 50 32 51 42 24 98 27 86 2 17 52 49 33 23 76 45 78 5 96 13 25 62 80 14 74 7 34 60 36 87 19 85 1 29 95 69 57 66 94 53 89 81 6 90 38 88 55 26 4 72 22 9 20 3 77 16 83 44 30 54 99 91 92 35 48 82 10 84 73 15 47
2 28 25 22 8 98 92 73 19 61 31 96 1 82 16 89 36 54 17 20 79 32 100 26 29 69 24 58 7 11 93 12 3 85 59 88 47 63 78 13 10 94 84 37 6 39 66 57 74 86 23 41 75 35 68 95 21 97 48 80 46 62 90 4 30 18 27 55 14 50 42 67 51 99 49 40 87 65 33 83 70 81 64 38 77 44 5 91 15 60 56 53 72 9 43 71 45 34 76 52
25 51 48 45 31 21 15 96 42 84 54 19 24 5 75 12 59 77 40 43 2 55 23 49 52 92 47 81 30 34 16 35 26 8 82 67 70 86 1 36 33 17 7 60 29 62 89 80 97 9 46 64 98 58 3 18 44 20 71 91 69 85 13 27 53 41 50 78 37 73 65 90 74 22 72 63 10 88 56 6 93 4 87 61 100 11 28 14 38 83 79 76 95 32 66 94 68 57 99 39
98 24 21 18 4 94 88 69 15 57 27 92 97 78 12 85 32 50 13 16 75 28 96 22 25 65 20 54 3 7 89 8 99 81 55 84 43 59 74 9 6 90 80 33 2 35 62 53 70 82 19 37 71 31 64 91 17 93 44 76 42 58 86 100 26 14 23 51 10 46 38 63 47 95 45 36 83 61 29 79 66 77 60 34 73 40 1 87 11 56 52 49 68 5 39 67 41 30 72 48
21 47 44 41 27 17 11 92 38 80 50 15 20 1 55 8 51 73 36 39 98 35 19 45 48 88 43 77 26 30 12 99 22 4 78 7 66 82 97 32 29 13 3 56 25 58 85 76 93 5 42 60 94 54 87 14 40 16 67 31 65 81 9 23 49 37 46 74 33 69 61 86 70 18 68 59 6 84 52 2 89 100 83 57 96 63 24 10 34 79 75 72 91 28 62 90 64 53 95 71
15 41 38 35 21 11 5 86 32 74 44 9 14 95 29 2 49 67 30 33 92 45 13 39 42 82 37 71 20 24 6 25 16 98 72 1 60 76 91 26 23 7 97 50 19 52 79 70 87 99 36 54 88 48 81 8 34 10 61 93 59 75 3 17 43 31 40 68 27 63 55 80 64 12 62 53 100 78 46 96 83 94 77 51 90 57 18 4 28 73 69 66 85 22 56 84 58 47 89 65
42 68 65 62 48 38 32 13 59 1 71 36 41 22 56 29 76 94 57 60 19 72 40 66 69 9 64 98 47 51 33 52 43 25 99 28 87 3 18 53 50 34 24 77 46 79 6 39 14 26 63 81 15 75 8 35 61 37 88 20 86 2 30 44 70 58 67 95 54 90 82 7 91 97 89 80 27 5 73 23 10 21 4 78 17 84 45 31 55 100 96 93 12 49 83 11 85 74 16 92
48 74 71 68 54 44 38 19 65 7 77 42 47 28 62 35 82 100 63 66 25 78 46 72 75 15 70 4 53 57 39 58 49 31 5 34 93 9 24 59 56 40 30 83 52 85 12 3 20 32 69 87 21 81 14 41 67 43 94 26 92 8 36 50 76 64 73 1 60 96 88 13 97 45 95 86 33 11 79 29 16 27 10 84 23 90 51 37 61 6 2 99 18 55 89 17 91 80 22 98
82 8 5 2 88 78 72 53 99 41 11 76 81 62 96 69 16 34 97 100 59 12 80 6 9 49 4 38 87 91 73 92 83 65 39 68 27 43 58 93 90 74 64 17 86 19 46 37 54 66 3 21 55 15 48 75 1 77 28 60 26 42 70 84 10 98 7 35 94 30 22 47 31 79 29 20 67 45 13 63 50 61 44 18 57 24 85 71 95 40 36 33 52 89 23 51 25 14 56 32
36 62 79 56 42 32 26 7 53 95 65 30 35 16 50 23 70 88 51 54 13 66 34 60 63 3 58 92 41 45 55 46 37 19 93 22 81 97 12 47 44 28 18 71 40 73 100 59 8 20 57 75 9 69 2 29 91 31 82 14 80 96 24 38 64 52 61 89 48 84 76 1 85 33 83 74 21 99 67 17 4 15 98 72 11 78 39 25 49 94 90 87 6 43 77 5 27 68 10 86
96 22 19 16 2 92 86 23 13 55 25 90 95 76 10 83 30 48 11 14 73 26 94 20 79 63 18 52 1 5 99 6 97 35 53 82 41 57 72 7 4 88 78 31 100 33 60 67 68 80 17 51 69 29 62 89 15 91 42 74 40 56 84 98 24 12 21 49 8 44 36 61 45 93 43 34 81 59 27 77 64 75 58 32 71 38 87 85 9 54 50 47 66 3 37 65 39 28 70 46
4 30 59 24 10 100 94 75 21 63 33 98 3 84 18 91 38 56 19 22 81 34 2 28 31 71 26 60 9 13 95 14 5 39 61 90 49 65 80 15 12 96 86 87 8 41 68 27 76 88 25 43 77 37 70 97 23 99 50 82 48 64 92 6 32 20 29 57 16 52 44 69 53 1 51 42 89 67 35 85 72 83 66 40 79 46 7 93 17 62 58 55 74 11 45 73 47 36 78 54
91 17 14 11 97 87 81 62 8 50 20 85 90 71 5 78 25 43 6 9 68 21 89 15 18 58 13 47 96 100 82 1 92 74 48 77 36 52 67 2 99 83 73 26 95 28 55 46 63 75 12 30 64 24 57 84 10 86 37 69 35 51 79 93 19 7 16 44 3 39 31 56 40 88 38 29 76 54 22 72 59 70 53 27 66 33 94 80 4 49 45 42 61 98 32 60 34 23 65 41
93 19 16 13 99 89 47 64 10 52 22 87 92 73 7 80 27 45 8 31 70 23 91 17 20 60 79 49 98 2 84 3 94 76 50 51 38 54 69 4 1 85 75 28 97 30 57 48 65 77 14 32 66 26 59 86 12 88 39 11 37 53 81 43 21 9 18 46 5 41 33 58 42 90 40 15 78 56 24 74 61 72 55 29 68 35 96 82 6 71 95 44 63 100 34 62 36 25 67 83
40 66 63 60 46 36 30 11 57 99 69 34 39 20 54 27 74 92 55 58 17 70 38 64 67 7 62 96 45 49 31 50 41 23 97 26 85 1 16 51 48 32 22 75 44 77 4 95 12 24 61 79 13 73 6 33 59 35 86 18 84 100 28 42 68 56 65 93 52 88 80 5 89 37 87 78 25 3 71 21 8 19 2 76 15 82 43 29 53 98 94 91 10 47 81 9 83 72 14 90
70 96 93 90 76 66 60 41 87 29 99 64 69 50 84 57 4 22 85 88 47 100 68 94 97 37 92 26 75 79 61 80 71 53 27 56 15 31 46 81 78 62 52 5 74 7 34 25 42 54 91 9 43 3 36 63 89 65 16 48 14 30 58 72 98 86 95 23 82 18 10 35 19 67 17 8 55 33 1 51 38 49 32 6 45 12 73 59 83 28 24 21 40 77 11 39 13 2 44 20
49 75 72 69 55 45 39 20 66 8 78 43 48 29 63 36 83 1 64 67 26 79 47 73 76 16 99 5 54 58 40 87 50 32 6 35 94 10 25 60 57 41 31 84 53 86 13 4 21 33 70 88 22 82 15 42 68 44 95 27 93 9 37 51 77 65 74 2 61 97 89 14 98 46 96 71 34 12 80 30 17 28 11 85 24 91 52 38 62 7 3 100 19 56 90 18 92 81 23 59
43 69 66 63 49 39 33 14 60 2 72 37 42 23 57 30 77 95 58 61 20 73 41 67 70 10 65 99 48 52 34 53 44 26 100 29 88 4 19 54 51 35 25 78 47 80 7 98 15 27 64 82 16 76 9 36 62 38 89 21 87 3 31 45 71 59 68 96 55 91 83 8 92 40 90 81 28 6 74 24 11 22 5 79 18 85 46 32 56 1 97 94 13 50 84 12 86 75 17 93
81 7 4 1 87 77 71 52 98 40 10 75 80 61 95 68 15 33 96 99 58 67 79 5 8 48 3 37 86 90 72 91 82 64 38 11 26 42 57 92 89 73 63 16 85 18 45 36 53 65 2 20 54 14 47 74 100 76 27 59 25 41 69 83 9 97 6 34 93 29 21 46 30 78 28 19 66 44 12 62 49 60 43 17 56 23 84 70 94 39 35 32 51 88 22 50 24 13 55 31
57 83 80 77 63 53 79 28 74 16 86 51 56 37 71 44 91 9 72 75 34 87 55 81 84 24 11 13 62 66 48 67 58 40 14 43 2 18 33 68 65 49 39 92 61 94 21 12 29 41 78 96 30 90 23 50 76 52 3 35 1 17 45 59 85 73 82 10 69 5 97 22 6 54 4 95 42 20 88 38 25 36 19 93 32 99 60 46 70 15 47 8 27 64 98 26 100 89 31 7
27 53 50 47 33 23 17 98 44 86 56 21 26 7 41 14 61 79 42 45 4 57 25 51 54 94 49 83 32 36 18 37 28 10 84 13 72 88 3 38 35 19 9 62 31 64 91 82 99 11 48 66 100 60 93 20 46 22 73 5 71 87 15 29 55 43 52 80 39 75 67 92 76 24 74 65 12 90 58 8 95 6 89 63 2 69 30 16 40 85 81 78 97 34 68 96 70 59 1 77
1 27 24 21 7 97 91 72 18 60 30 95 100 81 15 88 35 53 16 19 78 31 99 25 28 68 23 57 6 10 92 11 2 84 58 87 46 62 77 12 9 93 83 36 5 38 65 56 73 85 22 40 74 34 67 94 20 96 47 79 45 61 89 3 29 17 26 54 13 49 41 66 50 98 48 39 86 64 32 82 69 80 63 37 76 43 4 90 14 59 55 52 71 8 42 70 44 33 75 51
47 73 70 67 53 43 37 18 64 6 76 41 46 27 61 34 81 99 62 65 24 77 45 71 74 14 69 3 52 56 38 57 48 30 4 33 92 8 23 58 55 39 29 82 51 84 11 2 19 31 68 86 20 80 13 40 66 42 93 25 91 7 35 49 75 63 72 100 59 95 87 12 96 44 94 85 32 10 78 28 15 26 9 83 22 89 50 36 60 5 1 98 17 54 88 16 90 79 21 97
16 42 39 36 22 12 6 87 33 75 45 10 15 96 30 3 50 68 31 34 93 46 14 40 43 83 38 72 21 25 7 26 17 99 73 2 61 77 92 27 24 8 98 51 20 53 80 71 88 100 37 55 89 49 82 9 35 11 62 94 60 76 4 18 44 32 41 69 28 64 56 81 65 13 63 54 1 79 47 97 84 95 78 52 91 58 19 5 29 74 70 67 86 23 57 85 59 48 90 66
9 35 32 29 15 5 67 80 26 68 38 3 8 89 23 96 43 61 24 27 86 39 7 33 36 76 31 65 14 18 100 19 10 92 66 95 54 70 85 20 17 1 59 44 13 46 73 64 81 93 30 48 82 42 75 2 28 4 55 87 53 69 97 11 37 25 34 62 21 57 49 74 58 6 56 47 94 72 40 90 77 88 71 45 84 51 12 98 22 91 63 60 79 16 50 78 52 41 83 99
61 87 84 81 67 57 75 32 78 20 90 55 60 41 51 48 95 13 76 79 38 91 59 85 88 28 83 17 66 70 52 71 62 44 18 47 6 22 37 72 69 53 43 96 65 98 25 16 33 45 82 100 34 94 27 54 80 56 7 39 5 21 49 63 89 77 86 14 73 9 1 26 10 58 8 99 46 24 92 42 29 40 23 97 36 3 64 50 74 19 15 12 31 68 2 30 4 93 35 11
77 3 100 97 83 73 99 48 94 36 6 71 76 57 91 64 11 29 92 95 54 7 75 1 4 44 15 33 82 86 68 59 78 60 34 63 22 38 53 88 85 69 35 12 81 14 41 32 49 61 98 16 50 10 43 70 96 72 23 55 21 37 65 79 5 93 2 30 89 25 17 42 26 74 24 87 62 40 8 58 45 56 39 13 52 19 80 66 90 67 31 28 47 84 18 46 20 9 51 27
58 84 81 78 64 54 48 29 75 17 87 52 57 38 72 45 92 10 73 76 35 88 56 82 85 25 80 14 63 67 49 68 59 41 15 44 3 19 34 69 66 50 40 93 62 95 22 13 30 42 79 97 31 91 24 51 77 53 4 36 2 18 46 60 86 74 83 11 70 6 98 23 7 55 5 96 43 21 89 39 26 37 20 94 33 100 61 47 71 16 12 9 28 65 99 27 1 90 32 8
95 21 18 15 1 91 85 66 12 54 24 89 94 75 9 82 29 47 10 13 72 25 93 19 22 62 17 51 100 4 86 5 96 78 52 81 40 56 71 6 3 87 77 30 99 32 59 50 67 79 16 34 68 28 61 88 14 90 41 73 39 55 83 97 23 11 20 48 7 43 35 60 44 92 42 33 80 58 26 76 63 74 57 31 70 37 98 84 8 53 49 46 65 2 36 64 38 27 69 45
78 4 1 98 84 74 68 49 95 37 7 72 77 58 92 65 12 30 93 96 55 8 76 2 5 45 100 34 83 87 69 88 79 61 35 64 23 39 54 89 86 70 60 13 82 15 42 33 50 62 99 17 51 11 44 71 97 73 24 56 22 38 66 80 6 94 3 31 90 26 18 43 27 75 25 16 63 41 9 59 46 57 40 14 53 20 81 67 91 36 32 29 48 85 19 47 21 10 52 28
12 38 35 32 18 8 2 83 29 71 41 6 11 92 26 99 46 64 27 30 89 42 10 36 39 79 34 68 17 21 3 22 13 95 69 98 57 73 88 23 20 4 94 47 16 49 76 51 84 96 33 59 85 45 78 5 31 7 58 90 56 72 100 14 40 28 37 65 24 60 52 77 61 9 67 50 97 75 43 93 80 91 74 48 87 54 15 1 25 70 66 63 82 19 53 81 55 44 86 62
30 56 53 50 36 26 20 1 47 89 59 24 29 10 44 17 64 82 45 48 7 60 28 54 57 97 52 86 35 39 21 40 31 13 87 16 75 91 6 41 38 22 12 65 34 67 94 85 2 14 51 69 3 63 96 23 49 25 76 8 74 90 18 32 58 46 55 83 42 78 70 95 79 27 77 68 15 93 61 11 98 9 92 66 5 72 33 19 43 88 84 81 100 37 71 99 73 62 4 80
90 16 13 10 96 86 80 61 7 49 19 84 89 70 4 77 24 42 5 8 67 20 88 14 17 57 12 46 95 99 81 100 91 73 47 76 35 51 66 1 98 82 72 25 94 27 54 45 62 74 11 29 63 23 56 83 9 85 36 68 34 50 78 92 18 6 15 43 2 38 30 55 39 87 37 28 75 53 21 71 58 69 52 26 65 32 93 79 3 48 44 41 60 97 31 59 33 22 64 40
13 39 36 33 19 9 3 84 30 72 42 7 12 93 27 100 47 65 28 35 90 11 67 37 40 80 75 69 18 22 4 23 14 96 70 99 58 74 89 24 21 5 95 48 17 50 77 68 85 97 34 52 86 46 79 6 32 8 59 71 57 73 1 15 41 29 38 66 25 61 53 78 62 10 60 91 98 76 44 94 81 92 31 49 88 55 16 2 26 51 43 64 83 20 54 82 56 45 87 63
24 50 47 44 30 20 14 95 41 83 53 18 23 4 38 61 58 76 39 42 1 54 22 48 51 91 46 80 29 33 15 34 25 7 81 10 69 85 100 35 32 16 6 59 28 11 88 79 96 8 45 63 97 57 90 17 43 19 70 2 68 84 12 26 52 40 49 77 36 72 64 89 73 21 71 62 9 87 55 5 92 3 86 60 99 66 27 13 37 82 78 75 94 31 65 93 67 56 98 74
28 54 51 48 34 24 18 99 45 87 57 22 27 8 42 15 62 80 43 46 5 58 26 52 55 95 50 84 33 37 19 38 29 11 85 14 73 89 4 39 36 20 10 63 32 65 92 83 100 12 49 67 1 61 94 21 47 23 74 6 72 88 16 30 56 44 53 81 40 76 68 93 77 25 75 66 13 91 59 9 96 7 90 64 3 70 31 17 41 86 82 79 98 35 69 97 71 60 2 78
83 9 6 3 89 79 73 54 100 42 12 77 82 63 97 70 17 35 98 1 60 13 81 7 10 50 5 39 88 92 74 93 84 66 40 69 28 44 59 94 91 75 65 18 87 20 47 38 55 67 4 22 56 16 49 76 2 78 29 61 27 43 71 85 11 99 8 36 95 31 23 48 32 80 30 21 68 46 14 64 51 62 45 19 58 25 86 72 96 41 37 34 53 90 24 52 26 15 57 33
17 43 40 37 23 13 7 88 34 76 46 35 16 97 31 4 55 69 32 11 94 47 15 41 44 84 39 73 22 26 8 27 18 100 74 3 62 78 93 28 25 9 99 52 21 54 81 72 89 1 38 56 90 50 83 10 36 12 63 95 61 77 5 19 45 33 42 70 29 65 57 82 66 14 64 51 2 80 48 98 85 96 79 53 92 59 20 6 30 75 71 68 87 24 58 86 60 49 91 67
39 65 62 59 45 35 29 10 56 98 68 33 38 19 53 26 73 91 54 57 16 69 37 63 66 6 61 95 44 48 30 49 40 22 96 25 84 100 15 50 47 31 21 74 43 76 3 94 11 23 60 78 12 72 5 32 58 34 85 17 83 99 27 41 67 55 64 92 51 87 79 4 88 36 86 77 24 2 70 20 7 18 1 75 14 81 42 28 52 97 93 90 9 46 80 8 82 71 13 89
31 57 54 51 37 27 21 2 48 90 60 25 30 11 45 18 65 83 46 49 8 61 29 55 58 98 53 87 36 40 22 41 32 14 88 17 76 92 7 42 39 23 13 66 35 68 95 86 3 15 52 70 4 64 97 24 50 26 77 9 75 91 19 33 59 47 56 84 43 79 71 96 80 28 78 69 16 94 62 12 99 10 93 67 6 73 34 20 44 89 85 82 1 38 72 100 74 63 5 81
85 11 8 5 75 81 51 56 2 44 14 79 84 65 99 72 19 37 100 3 62 15 83 9 12 52 7 41 90 94 76 95 86 68 42 71 30 46 61 96 93 77 67 20 89 22 49 40 57 69 6 24 58 18 91 78 4 80 31 63 29 45 73 87 13 1 10 38 97 33 25 50 34 82 32 23 70 48 16 66 53 64 47 21 60 27 88 74 98 43 39 36 55 92 26 54 28 17 59 35
60 86 83 80 66 56 50 31 77 19 89 54 59 40 74 47 94 12 75 78 37 90 58 84 87 27 82 16 65 69 51 70 61 43 17 46 5 21 36 71 68 52 42 95 64 97 24 15 32 44 81 99 33 93 26 53 79 55 6 38 4 20 48 62 88 76 85 13 72 8 100 25 9 57 7 98 45 23 91 41 28 39 22 96 35 2 63 49 73 18 14 11 30 67 1 29 3 92 34 10
46 72 69 66 52 42 36 89 63 5 75 40 45 26 60 33 80 98 61 64 23 76 44 70 73 13 68 2 51 55 37 56 47 29 3 32 91 7 22 57 54 38 28 81 50 83 10 1 18 30 67 85 19 79 12 39 65 41 92 24 90 6 34 48 74 62 71 99 58 94 86 11 95 43 93 84 31 9 77 27 14 25 8 82 21 88 49 35 59 4 100 97 16 53 87 15 17 78 20 96
10 36 33 30 16 6 100 17 27 69 39 4 9 90 24 97 44 62 25 28 87 40 8 34 37 77 32 66 15 19 1 20 11 93 67 96 55 71 86 21 18 2 92 45 14 47 74 65 82 94 31 49 83 43 76 3 29 5 56 88 54 70 98 12 38 26 35 63 22 58 50 75 59 7 57 48 95 73 41 91 78 89 72 46 85 52 13 99 23 68 64 61 80 81 51 79 53 42 84 60
