1
100
7 12 73 13 66 79 42 20 8 77 16 35 14 27 75 52 53 15 49 10 11 33 70 89 5 91 65 43 37 97 96 60 92 84 78 100 87 93 99 90 94 47 61 2 1 46 71 22 54 80 63 23 3 85 17 28 76 6 41 34 45 62 19 29 31 50 25 83 18 64 58 36 98 51 26 82 56 81 40 68 30 57 86 44 95 59 48 9 39 88 67 38 32 4 72 55 21 24 74 69
73 78 39 79 32 45 8 86 74 43 82 1 80 93 41 18 19 81 15 76 77 99 36 55 71 57 31 9 3 63 62 26 58 50 44 66 53 59 65 56 60 13 27 68 67 12 37 24 88 46 29 89 69 51 83 94 42 72 7 100 11 28 85 95 97 16 91 49 84 30 20 2 64 17 92 48 22 47 6 34 96 23 52 10 61 25 14 75 5 54 33 4 98 70 38 21 87 90 40 35
79 84 45 85 38 51 14 92 80 49 88 7 86 99 47 24 25 87 21 82 83 5 42 61 77 63 37 15 9 69 68 32 64 56 50 72 59 65 71 62 66 19 33 74 73 18 43 94 26 52 35 95 75 57 89 100 48 78 13 6 17 34 91 1 3 22 97 55 90 36 30 8 70 23 98 54 28 53 12 40 2 29 58 16 67 31 20 81 11 60 39 10 4 76 44 27 93 96 46 41
10 15 76 16 69 82 45 23 11 80 19 38 17 30 78 55 56 18 52 13 14 36 73 92 8 94 68 46 40 100 99 63 95 87 81 3 90 96 2 93 97 50 64 5 4 49 74 25 57 83 66 26 6 88 20 31 79 9 44 37 48 65 22 32 34 53 28 86 21 67 61 39 1 54 29 85 59 84 43 71 33 60 89 47 98 62 51 12 42 91 70 41 35 7 75 58 24 27 77 72
18 23 84 24 77 90 53 31 19 88 27 46 25 38 86 63 64 26 60 21 22 44 81 100 16 2 76 54 48 8 7 71 3 95 89 11 98 4 10 1 5 58 72 13 12 57 82 33 65 91 74 34 14 96 28 39 87 17 52 45 56 73 30 40 42 61 36 94 29 75 69 47 9 62 37 93 67 92 51 79 41 68 97 55 6 70 59 20 50 99 78 49 43 15 83 66 32 35 85 80
11 16 77 17 70 83 46 24 12 81 20 39 18 31 79 56 57 19 53 14 15 37 74 93 9 95 69 47 41 1 100 64 96 88 82 4 91 97 3 94 98 51 65 6 5 50 75 26 58 84 67 27 7 89 21 32 80 10 45 38 49 66 23 33 35 54 29 87 22 68 62 40 2 55 30 86 60 85 44 72 34 61 90 48 99 63 52 13 43 92 71 42 36 8 76 59 25 28 78 73
44 49 10 50 3 16 79 57 45 14 53 72 51 64 12 89 90 52 86 47 48 70 7 26 42 28 2 80 74 34 33 97 29 21 15 37 24 30 36 27 31 84 98 39 38 83 8 59 91 17 100 60 40 22 54 65 13 43 78 71 82 99 56 66 68 87 62 20 55 1 95 73 35 88 63 19 93 18 77 5 67 94 23 81 32 96 85 46 76 25 4 75 69 41 9 92 58 61 11 6
14 19 80 20 73 86 49 27 15 84 23 42 21 34 82 59 60 22 56 17 18 40 77 96 12 98 72 50 44 4 3 67 99 91 85 7 94 100 6 97 1 54 68 9 8 53 78 29 61 87 70 30 10 92 24 35 83 13 48 41 52 69 26 36 38 57 32 90 25 71 65 43 5 58 33 89 63 88 47 75 37 64 93 51 2 66 55 16 46 95 74 45 39 11 79 62 28 31 81 76
22 27 88 28 81 94 57 35 23 92 31 50 29 42 90 67 68 30 64 25 26 48 85 4 20 6 80 58 52 12 11 75 7 99 93 15 2 8 14 5 9 62 76 17 16 61 86 37 69 95 78 38 18 100 32 43 91 21 56 49 60 77 34 44 46 65 40 98 33 79 73 51 13 66 41 97 71 96 55 83 45 72 1 59 10 74 63 24 54 3 82 53 47 19 87 70 36 39 89 84
51 56 17 57 10 23 86 64 52 21 60 79 58 71 19 96 97 59 93 54 55 77 14 33 49 35 9 87 81 41 40 4 36 28 22 44 31 37 43 34 38 91 5 46 45 90 15 66 98 24 7 67 47 29 61 72 20 50 85 78 89 6 63 73 75 94 69 27 62 8 2 80 42 95 70 26 100 25 84 12 74 1 30 88 39 3 92 53 83 32 11 82 76 48 16 99 65 68 18 13
59 64 25 65 18 31 94 72 60 29 68 87 66 79 27 4 5 67 1 62 63 85 22 41 57 43 17 95 89 49 48 12 44 36 30 52 39 45 51 42 46 99 13 54 53 98 23 74 6 32 15 75 55 37 69 80 28 58 93 86 97 14 71 81 83 2 77 35 70 16 10 88 50 3 78 34 8 33 92 20 82 9 38 96 47 11 100 61 91 40 19 90 84 56 24 7 73 76 26 21
26 31 92 32 85 98 61 39 27 96 35 54 33 46 94 71 72 34 68 29 30 52 89 8 24 10 84 62 56 16 15 79 11 3 97 19 6 12 18 9 13 66 80 21 20 65 90 41 73 99 82 42 22 4 36 47 95 25 60 53 64 81 38 48 50 69 44 2 37 83 77 55 17 70 45 1 75 100 59 87 49 76 5 63 14 78 67 28 58 7 86 57 51 23 91 74 40 43 93 88
74 79 40 80 33 46 9 87 75 44 83 2 81 94 42 19 20 82 16 77 78 100 37 56 72 58 32 10 4 64 63 27 59 51 45 67 54 60 66 57 61 14 28 69 68 13 38 89 21 47 30 90 70 52 84 95 43 73 8 1 12 29 86 96 98 17 92 50 85 31 25 3 65 18 93 49 23 48 7 35 97 24 53 11 62 26 15 76 6 55 34 5 99 71 39 22 88 91 41 36
25 30 91 31 84 97 60 38 26 95 34 53 32 45 93 70 71 33 67 28 29 51 88 7 23 9 83 61 55 15 14 78 10 2 92 18 5 11 17 8 12 65 79 20 19 96 89 64 72 98 81 41 21 3 35 46 94 24 59 52 63 80 37 47 49 68 43 1 36 82 76 54 40 69 44 100 74 99 58 86 48 75 4 62 13 77 66 27 57 6 85 56 50 22 90 73 39 42 16 87
35 40 1 41 94 7 70 48 36 5 44 63 42 55 3 80 81 43 77 38 39 61 98 17 33 19 93 71 65 25 24 88 20 12 6 28 15 21 27 18 22 75 89 30 29 74 99 50 82 8 91 51 31 13 45 56 4 34 69 62 73 90 47 57 59 78 53 11 46 92 86 64 26 79 54 10 84 9 68 96 58 85 14 72 23 87 76 37 67 16 95 66 60 32 100 83 49 52 2 97
23 28 89 29 82 95 58 56 24 93 32 51 30 43 91 68 69 31 65 8 27 49 86 5 21 7 81 59 53 13 12 76 42 100 94 16 3 9 15 6 10 63 77 18 17 62 87 38 70 96 79 39 19 1 33 44 92 22 57 50 61 78 35 45 47 66 41 99 34 80 74 52 14 67 36 98 72 97 26 84 46 73 2 60 11 75 64 25 55 4 83 54 48 20 88 71 37 40 90 85
12 17 78 18 71 84 47 25 13 82 21 40 19 32 80 57 58 20 54 15 16 38 75 94 10 96 70 48 42 2 1 65 97 89 83 5 92 98 4 95 99 52 66 7 6 51 76 27 59 85 68 28 8 90 22 33 81 11 46 39 50 67 24 34 36 55 30 88 23 69 63 41 3 56 31 87 61 86 45 73 35 62 91 49 100 64 53 14 44 93 72 43 37 9 77 60 26 29 79 74
85 90 51 91 44 57 96 98 86 55 94 13 92 5 53 30 31 93 27 88 89 11 56 67 83 69 43 21 15 75 74 38 70 62 48 78 65 71 77 68 72 25 39 80 79 24 49 100 32 58 41 1 81 63 95 6 54 84 19 12 23 40 97 7 9 28 3 61 20 42 36 14 76 29 4 60 34 59 18 46 8 35 64 22 73 37 26 87 17 66 45 16 10 82 50 33 99 2 52 47
99 4 65 5 58 71 34 12 100 69 8 27 6 19 67 44 45 7 41 49 3 25 62 81 97 83 57 35 29 89 88 52 84 76 70 92 79 85 91 82 86 39 53 94 93 38 63 14 46 72 55 15 95 77 9 20 68 98 33 26 37 54 11 21 23 42 17 75 10 56 50 28 90 43 18 74 48 73 32 60 22 96 78 36 87 51 40 1 31 80 59 30 24 2 64 47 13 16 66 61
68 73 34 74 27 80 3 81 69 38 77 96 75 88 36 13 14 76 10 71 72 94 31 50 66 32 26 4 98 58 57 21 53 45 39 61 48 54 60 51 55 8 22 63 62 7 52 83 15 41 24 84 64 46 78 89 37 67 2 95 6 23 16 90 92 11 86 44 79 25 19 97 59 12 87 43 17 42 1 29 91 18 47 5 56 20 9 70 100 49 28 99 93 65 33 40 82 85 35 30
48 53 14 54 7 20 83 61 49 18 57 76 55 68 16 93 94 56 90 51 52 74 11 30 46 24 6 84 78 38 37 1 33 25 19 41 28 34 40 31 35 88 2 43 42 87 12 63 95 21 4 64 44 26 58 69 17 47 82 75 86 3 60 70 32 91 66 72 59 5 99 77 39 92 67 23 97 22 81 9 71 98 27 85 36 100 89 50 80 29 8 79 73 45 13 96 62 65 15 10
96 1 62 2 55 68 31 9 97 66 5 24 3 16 64 41 42 4 38 99 100 22 59 78 94 72 54 32 26 86 85 49 81 73 67 89 76 82 88 79 83 36 50 91 90 35 60 11 43 69 52 12 92 74 6 17 65 95 30 23 34 51 8 18 20 39 14 80 7 53 47 25 87 40 15 71 45 70 29 57 19 46 75 33 84 48 37 98 28 77 56 27 21 93 61 44 10 13 63 58
83 88 49 89 42 55 18 96 84 53 92 11 90 3 51 28 29 91 25 86 87 9 46 65 81 67 41 19 13 73 72 36 68 60 54 76 63 69 75 66 70 23 37 78 77 22 47 98 30 56 39 99 79 61 93 4 52 82 17 10 21 38 95 5 7 26 1 59 94 40 34 12 74 27 2 58 32 57 16 44 6 33 62 20 71 35 24 85 15 64 43 14 8 80 48 31 97 100 50 45
20 25 86 26 79 92 55 33 21 90 29 48 27 40 88 65 66 28 62 23 24 46 83 2 18 4 78 56 50 10 9 73 5 97 91 13 100 6 12 3 7 60 74 15 14 59 84 35 67 93 76 36 16 98 30 41 89 19 54 47 58 75 32 42 44 63 38 96 31 77 71 49 11 64 39 95 69 94 53 81 43 70 99 57 8 72 61 22 52 1 80 51 45 17 85 68 34 37 87 82
4 9 70 10 63 76 39 17 5 74 13 32 11 24 72 49 50 12 46 7 8 30 67 86 2 88 62 40 34 94 93 57 89 81 75 97 84 90 96 87 91 44 58 99 98 43 68 19 51 77 60 20 100 82 14 25 73 3 38 31 42 59 80 26 28 47 22 16 15 61 55 33 95 48 23 79 53 78 37 65 27 54 83 41 92 56 45 6 36 85 64 35 29 1 69 52 18 21 71 66
88 93 54 94 47 60 23 1 89 58 97 16 95 8 56 33 34 96 30 91 92 14 51 70 86 52 46 24 18 78 77 41 73 65 59 81 68 74 80 71 75 28 42 83 82 27 72 3 35 61 44 4 84 66 98 9 57 87 22 15 26 43 100 10 12 31 6 64 99 45 39 17 79 32 7 63 37 62 21 49 11 38 67 25 76 40 29 90 20 69 48 19 13 85 53 36 2 5 55 50
38 43 4 44 97 10 73 51 39 8 47 66 45 58 6 83 84 46 80 41 42 64 1 20 36 22 96 74 68 28 27 91 23 15 9 31 18 24 30 21 25 78 92 33 32 77 2 53 85 11 94 54 34 16 48 59 7 37 72 65 76 93 50 60 62 81 56 14 49 95 89 67 29 82 57 13 87 12 71 99 61 88 17 75 26 90 79 40 70 19 98 69 63 35 3 86 52 55 5 100
98 3 64 4 57 70 33 11 99 68 7 26 5 18 66 43 44 6 40 1 2 24 61 80 96 82 56 34 28 88 87 51 83 75 69 91 78 84 90 81 85 38 52 93 92 37 62 13 45 71 54 14 94 76 8 19 67 97 32 25 36 53 10 20 22 41 16 74 9 55 49 27 89 42 17 73 47 72 31 59 21 48 77 35 86 50 39 100 30 79 58 29 23 95 63 46 12 15 65 60
8 13 74 14 67 64 43 21 9 78 17 36 15 28 76 53 54 16 50 11 12 34 71 90 6 92 66 44 38 98 97 61 93 85 79 1 88 94 100 91 95 48 62 3 2 47 32 23 55 81 56 24 4 86 18 29 77 7 42 35 46 63 20 30 72 51 26 84 19 65 59 37 99 52 27 83 57 82 41 69 31 58 87 45 96 60 49 10 40 89 68 39 33 5 73 80 22 25 75 70
60 65 26 66 19 32 95 73 61 30 69 88 67 80 28 5 6 68 2 63 64 86 23 42 58 44 18 96 90 50 49 13 45 37 31 53 40 46 52 43 47 100 14 55 54 99 24 75 7 33 16 76 56 38 70 81 29 59 94 87 98 15 72 82 84 3 78 36 71 17 11 89 51 4 79 35 9 34 93 21 83 10 39 97 48 12 1 62 92 41 20 91 85 57 25 8 74 77 27 22
46 51 12 52 5 18 81 59 47 16 55 74 53 66 14 91 92 54 88 96 50 72 9 28 44 30 4 82 76 36 35 99 31 23 17 39 26 32 38 29 33 86 100 41 40 85 10 61 93 19 48 62 42 24 56 67 15 45 80 73 84 1 58 68 70 89 64 22 57 3 97 75 37 90 65 21 95 20 79 7 69 49 25 83 34 98 87 2 78 27 6 77 71 43 11 94 60 63 13 8
16 21 82 22 75 88 51 29 17 86 25 44 23 36 84 61 62 24 58 19 20 42 79 98 14 100 74 52 46 6 5 69 1 93 87 9 96 2 8 99 3 56 70 11 10 55 80 31 63 89 72 32 12 94 26 37 85 15 50 43 54 71 28 38 40 59 34 92 27 73 67 45 7 60 35 91 65 90 49 77 39 66 95 53 4 68 57 18 48 97 76 47 41 13 81 64 30 33 83 78
50 55 16 56 9 22 85 63 51 20 59 78 57 70 18 95 96 58 92 53 54 76 13 32 48 34 8 86 80 40 39 3 35 27 21 43 30 36 42 33 37 90 4 45 44 89 14 65 97 23 6 66 46 28 60 71 19 49 84 77 88 5 62 72 74 93 68 26 61 7 1 79 41 94 69 25 99 24 83 11 73 100 29 87 38 2 91 52 82 31 10 81 75 47 15 98 64 67 17 12
75 80 41 81 34 47 10 88 76 45 84 3 82 95 43 20 21 83 17 78 79 1 38 57 73 59 33 11 5 65 64 28 60 52 46 68 55 61 67 58 62 15 29 70 69 14 39 90 22 48 31 91 71 53 85 96 44 74 9 2 13 30 87 97 99 18 93 51 86 32 26 4 66 19 94 50 24 49 8 36 98 25 54 12 63 27 16 77 7 56 35 6 100 72 40 23 89 92 42 37
57 62 23 63 16 29 92 70 58 27 66 85 64 77 25 2 3 65 99 60 61 83 96 39 55 41 15 93 87 47 46 10 90 34 20 50 37 43 49 40 44 97 11 52 51 28 21 72 4 30 13 73 53 35 67 78 26 42 91 84 95 12 69 79 81 100 75 33 68 14 8 86 48 1 76 32 6 31 56 18 80 7 36 94 45 9 98 59 89 38 17 88 82 54 22 5 71 74 24 19
5 10 71 11 64 77 40 18 6 75 14 33 12 25 73 50 51 13 47 2 9 31 68 87 3 89 63 41 35 95 94 58 8 82 76 98 85 91 97 88 92 45 59 100 99 44 69 20 52 78 61 21 1 83 15 26 74 4 39 32 43 60 17 27 29 48 23 81 16 62 56 34 96 49 24 80 54 79 38 66 28 55 84 42 93 57 46 7 37 86 65 36 30 90 70 53 19 22 72 67
3 8 69 9 62 75 38 16 4 73 12 31 10 23 71 48 49 11 45 6 7 29 66 85 1 87 61 39 33 93 92 56 88 80 74 96 83 89 95 86 90 43 57 98 97 42 67 18 50 76 59 19 99 81 13 24 72 2 37 30 41 58 15 25 27 46 21 79 14 60 54 32 94 47 22 78 52 77 36 64 26 53 82 40 91 55 44 5 35 84 63 34 28 100 68 51 17 20 70 65
2 7 68 8 61 74 37 15 3 72 11 30 9 22 70 47 48 10 44 5 6 28 65 84 100 86 60 38 32 92 91 55 87 79 73 95 82 88 94 85 89 42 56 97 96 41 66 17 49 75 58 18 98 80 12 23 71 1 36 29 40 57 14 24 26 45 20 78 13 59 53 31 93 46 21 77 51 76 35 63 25 52 81 39 90 54 43 4 34 83 62 33 27 99 67 50 16 19 69 64
36 41 2 42 95 8 71 49 37 6 45 64 43 56 4 81 82 44 78 39 40 62 99 18 34 20 94 72 66 26 25 89 21 13 7 29 16 22 28 19 23 76 90 31 30 75 100 51 83 9 92 52 32 14 46 57 5 35 70 63 74 91 48 58 60 79 54 12 47 93 87 65 27 80 55 11 85 10 69 97 59 86 15 73 24 88 77 38 68 17 96 67 61 33 1 84 50 53 3 98
76 81 42 82 35 48 11 89 77 46 85 4 83 96 44 21 22 84 18 79 80 2 39 58 74 60 34 12 6 66 65 29 61 53 47 69 56 62 68 59 63 16 30 71 70 15 40 91 23 49 32 92 72 54 86 97 45 75 10 3 14 31 88 98 100 19 94 52 87 33 27 5 67 20 95 51 25 50 9 37 99 26 55 13 64 28 17 78 8 57 36 7 1 73 41 24 90 93 43 38
24 29 90 30 83 96 59 37 25 94 33 52 31 44 92 69 70 32 66 27 28 50 87 6 22 8 82 60 54 14 13 77 9 1 95 17 4 10 16 7 11 64 78 19 18 63 88 39 71 97 80 40 20 2 34 45 93 23 58 51 62 79 36 46 48 67 42 100 35 81 75 53 15 68 43 99 73 98 57 85 47 74 3 61 12 76 65 26 56 5 84 55 49 21 89 72 38 41 91 86
69 74 35 75 28 41 4 82 70 39 78 97 76 89 37 14 15 77 11 72 73 95 32 51 67 53 27 5 99 59 58 22 54 46 40 62 49 55 61 100 20 9 23 64 63 8 33 16 24 42 25 85 65 47 79 90 38 68 3 56 7 96 81 91 93 12 87 45 80 26 52 98 60 13 88 44 18 43 2 30 92 19 48 6 57 21 10 71 1 50 29 84 94 66 34 17 83 86 36 31
6 11 72 12 65 78 41 19 7 76 15 34 13 26 74 51 52 14 48 9 10 32 69 88 4 90 64 42 36 96 95 59 91 83 77 99 86 92 98 89 93 46 60 1 100 45 70 21 53 79 62 22 2 84 16 27 75 5 40 33 44 61 18 28 30 49 24 82 17 63 57 35 97 50 25 81 55 80 39 67 29 56 85 43 94 58 47 8 38 87 66 37 31 3 71 54 20 23 73 68
1 6 67 7 60 73 36 14 2 71 10 29 16 21 69 46 47 9 43 4 5 27 64 83 99 85 59 37 31 91 90 54 86 78 72 94 81 87 93 52 88 41 55 96 95 40 65 84 56 74 57 17 97 79 11 22 70 100 35 8 39 48 13 23 25 44 19 77 12 58 28 30 68 45 20 76 50 75 34 62 24 51 80 38 89 53 42 3 33 82 61 32 26 98 66 49 15 18 92 63
63 68 29 69 22 35 98 76 64 33 72 91 70 83 31 8 9 71 5 66 67 89 26 45 61 47 21 99 93 53 52 16 48 40 34 56 43 49 55 46 50 3 17 58 57 2 27 78 10 36 19 79 59 41 73 84 32 62 97 90 1 18 75 85 87 6 81 39 74 20 14 92 54 7 82 38 12 37 96 24 86 13 42 100 51 15 4 65 95 44 23 94 88 60 28 11 77 80 30 25
37 42 3 43 96 9 72 50 38 7 46 65 44 57 5 82 83 45 79 40 41 63 100 19 35 21 95 73 67 27 26 90 22 14 8 30 17 23 29 20 24 77 91 32 31 76 1 52 84 10 93 53 33 15 47 58 6 36 71 64 75 92 49 59 61 80 55 13 48 94 88 66 28 81 56 12 86 11 70 98 60 87 16 74 25 89 78 39 69 18 97 68 62 34 2 85 51 54 4 99
9 14 75 15 20 81 24 22 10 79 18 37 68 29 77 54 55 17 51 12 13 35 72 91 7 93 67 45 39 99 98 62 94 86 80 2 89 95 1 92 56 49 63 4 3 48 73 88 16 82 65 25 5 87 19 30 78 8 43 36 47 64 21 31 33 52 27 85 96 66 60 38 100 53 28 84 58 83 42 70 32 59 44 46 97 61 50 11 41 90 69 40 34 6 74 57 23 26 76 71
17 22 83 23 76 89 52 30 18 87 26 45 24 37 85 62 63 25 59 20 21 43 80 99 15 1 75 53 47 7 6 70 2 94 88 10 97 3 9 36 4 57 71 12 11 56 81 32 64 90 73 33 13 95 27 38 86 16 51 44 55 72 29 39 41 60 35 93 28 74 68 46 8 61 48 92 66 91 50 78 40 67 96 54 5 69 58 19 49 98 77 100 42 14 82 65 31 34 84 79
27 32 93 33 86 99 62 40 28 97 36 55 34 47 95 72 73 35 69 30 31 53 90 9 25 11 85 63 57 17 16 80 12 4 98 20 7 13 19 10 14 67 81 22 21 66 91 42 74 100 83 43 23 5 37 48 96 26 61 54 65 82 39 49 51 70 45 3 38 84 78 56 18 71 46 2 76 1 60 88 50 77 6 64 15 79 68 29 59 8 87 58 52 24 92 75 41 44 94 89
87 92 53 93 46 59 22 100 88 57 96 15 94 7 55 32 33 95 29 90 91 13 50 69 85 71 45 23 17 77 76 40 72 64 58 80 67 73 79 70 74 27 41 82 81 26 51 2 34 60 43 3 83 65 97 8 56 86 21 14 25 42 99 9 11 30 5 63 98 44 38 16 78 31 6 62 36 61 20 48 10 37 66 24 75 39 28 89 19 68 47 18 12 84 52 35 1 4 54 49
41 46 7 47 100 13 76 54 42 11 50 69 36 61 9 86 87 49 83 44 45 67 4 23 39 25 99 77 71 31 30 94 26 18 12 34 21 27 33 24 28 81 95 48 35 80 5 56 96 14 97 57 37 19 51 62 10 40 75 68 79 88 53 63 65 84 59 17 52 98 92 70 32 85 60 16 90 15 74 2 64 91 20 78 29 93 82 43 73 22 1 72 66 38 6 89 55 58 8 3
90 95 56 96 49 62 25 3 91 60 99 18 97 10 58 35 36 98 32 93 94 16 53 72 88 74 48 26 20 80 79 43 75 67 61 83 70 76 82 73 77 30 44 85 84 29 54 5 37 63 46 6 86 68 100 11 59 89 24 17 28 45 2 12 14 33 8 66 1 47 41 19 81 34 9 65 39 64 23 51 13 40 69 27 78 42 31 92 22 71 50 21 15 87 55 38 4 7 57 52
39 44 5 45 98 11 74 52 40 9 48 67 46 59 7 84 85 47 81 42 43 65 2 21 37 23 97 75 69 29 28 92 24 16 10 32 19 25 31 22 26 79 93 34 33 78 3 54 86 12 95 55 35 17 49 60 8 38 73 66 77 94 51 61 63 82 57 15 50 96 90 68 30 83 58 14 88 13 72 100 62 89 18 76 27 91 80 41 71 20 99 70 64 36 4 87 53 56 6 1
45 50 11 51 4 17 80 58 46 15 54 73 52 65 13 90 91 53 87 48 49 71 8 27 43 29 3 81 75 35 34 98 30 22 16 38 25 31 37 28 32 85 99 40 39 84 9 60 92 18 1 61 41 23 55 66 14 44 79 72 83 100 57 67 69 88 63 21 56 2 96 74 36 89 64 20 94 19 78 6 68 95 24 82 33 97 86 47 77 26 5 76 70 42 10 93 59 62 12 7
58 63 24 64 17 30 93 71 59 28 67 86 65 78 26 3 4 66 100 61 62 84 21 40 56 42 16 94 88 48 47 11 43 35 29 51 38 44 50 41 45 98 12 53 52 97 22 73 5 31 14 74 54 36 68 79 27 57 92 85 96 13 70 80 82 1 76 34 69 15 9 87 49 2 77 33 7 32 91 19 81 8 37 95 46 10 99 60 90 39 18 89 83 55 23 6 72 75 25 20
52 57 18 58 11 24 87 65 53 22 61 80 59 72 20 97 98 60 94 55 56 78 15 34 50 36 10 88 82 42 41 5 37 29 23 45 32 38 44 35 39 92 6 47 46 91 16 67 99 25 8 68 48 30 62 73 21 51 86 79 90 7 64 74 76 95 70 28 63 9 3 81 43 96 71 27 1 26 85 13 75 2 31 89 40 4 93 54 84 33 12 83 77 49 17 100 66 69 19 14
30 35 96 36 89 2 65 43 31 100 39 58 37 50 98 75 76 38 72 33 34 56 93 12 28 14 88 66 60 20 19 83 15 7 1 23 10 16 22 13 17 70 84 25 24 69 94 45 77 3 86 46 26 8 40 51 99 29 64 57 68 85 42 52 54 73 48 6 41 87 81 59 21 74 49 5 79 4 63 91 53 80 9 67 18 82 71 32 62 11 90 61 55 27 95 78 44 47 97 92
55 60 21 61 14 27 90 68 56 25 64 83 62 75 23 100 1 63 97 58 59 81 18 37 53 39 13 91 85 45 44 8 40 32 26 48 35 41 47 38 42 95 9 50 49 94 19 70 2 28 11 71 51 33 65 76 24 54 89 82 93 10 67 77 79 98 73 31 66 12 6 84 46 99 74 30 4 29 88 16 78 5 34 92 43 7 96 57 87 36 15 86 80 52 20 3 69 72 22 17
33 38 99 39 92 5 68 46 34 3 42 61 40 53 1 78 79 41 75 36 37 59 20 15 31 17 91 69 63 23 22 86 18 10 4 26 13 19 25 16 96 73 87 28 27 72 97 48 80 6 89 49 29 11 43 54 2 32 67 60 71 44 45 55 57 76 51 9 88 90 84 62 24 77 52 8 82 7 66 94 56 83 12 70 21 85 74 35 65 14 93 64 58 30 98 81 47 50 100 95
21 26 87 27 80 93 56 34 22 91 30 49 28 41 89 66 67 29 63 24 25 47 84 3 19 5 79 57 51 11 10 74 6 98 60 14 1 7 13 4 8 61 75 16 15 64 85 36 68 94 77 37 17 99 31 42 90 20 55 48 59 76 33 43 45 92 39 97 32 78 72 50 12 65 40 96 70 95 54 82 88 71 100 58 9 73 62 23 53 2 81 52 46 18 86 69 35 38 44 83
91 96 57 97 50 63 26 4 92 61 100 19 98 11 59 36 37 99 33 94 95 17 54 73 89 75 49 27 21 81 80 44 76 68 62 84 71 77 83 74 78 31 45 86 85 30 55 6 38 64 47 7 87 69 1 12 60 90 25 18 29 46 3 13 15 34 9 67 2 48 42 20 82 35 10 66 40 65 24 52 14 41 70 28 79 43 32 93 23 72 51 22 16 88 56 39 5 8 58 53
29 34 95 35 88 1 64 36 30 99 38 57 48 49 97 74 75 37 71 32 33 55 92 11 27 13 87 65 59 19 18 82 14 6 100 22 9 15 21 12 16 69 83 24 23 68 93 44 76 2 85 45 25 7 39 50 98 28 63 96 67 84 41 51 53 72 47 5 40 86 80 58 20 73 42 4 78 3 62 90 52 79 8 66 17 81 70 31 61 10 89 60 54 26 94 77 43 46 56 91
95 100 61 1 54 67 30 8 96 65 4 23 2 15 63 40 41 3 37 98 99 21 58 77 93 79 53 31 25 85 84 48 80 72 66 88 75 81 87 78 82 35 49 90 89 34 59 10 42 68 51 11 91 73 5 16 64 94 29 22 33 50 7 17 19 38 13 71 6 52 46 24 86 39 14 70 44 69 28 56 18 45 74 32 83 47 36 97 27 76 55 26 20 92 60 43 9 12 62 57
82 87 48 88 41 54 17 95 83 52 91 10 89 2 50 27 28 90 24 85 86 8 45 64 80 66 40 18 12 72 71 35 67 59 53 75 62 68 74 65 69 22 36 77 76 21 46 97 29 55 38 98 78 60 92 3 51 81 16 9 20 37 94 4 6 25 100 58 93 39 33 11 73 26 1 57 31 56 15 43 5 32 61 19 70 34 23 84 14 63 42 13 7 79 47 30 96 99 49 44
32 37 98 38 91 4 67 45 33 2 41 60 39 52 100 77 78 40 74 35 36 58 95 14 30 80 90 68 62 22 21 85 17 9 3 25 12 18 24 15 19 72 86 27 26 71 96 47 79 5 88 48 28 10 42 53 1 31 66 59 70 87 44 54 56 75 50 8 43 89 83 61 23 76 51 7 81 6 65 93 55 82 11 69 20 84 73 34 64 13 92 63 57 29 97 16 46 49 99 94
65 70 31 71 24 37 100 78 66 35 74 93 72 85 33 10 11 73 7 68 69 91 28 47 63 49 23 1 95 55 54 18 50 42 36 58 45 51 57 48 52 5 19 60 59 4 29 80 12 38 21 81 61 43 75 86 34 64 99 92 3 20 77 87 89 8 83 41 76 22 16 94 56 9 84 40 14 39 98 26 44 15 88 2 53 17 6 67 97 46 25 96 90 62 30 13 79 82 32 27
47 52 13 53 6 19 82 60 48 17 56 75 54 67 15 92 93 55 89 50 51 73 10 29 45 31 5 83 77 37 36 100 32 24 18 40 27 33 39 30 34 87 1 42 41 86 11 62 94 20 3 63 43 25 57 68 16 46 81 74 85 2 59 69 71 90 65 23 58 4 98 76 38 91 66 22 96 21 80 8 70 97 26 84 35 99 88 49 79 28 7 78 72 44 12 95 61 64 14 9
54 59 20 60 13 26 89 67 55 24 63 82 61 74 22 99 100 62 96 57 58 80 17 36 52 38 12 90 84 44 43 7 39 31 25 47 34 40 46 37 41 94 8 49 48 93 18 69 1 27 10 70 50 32 64 75 23 53 88 81 92 9 66 76 78 97 72 30 65 11 5 83 45 98 73 29 3 28 87 15 77 4 33 91 42 6 95 56 86 35 14 85 79 51 19 2 68 71 21 16
70 75 36 76 29 42 5 83 71 40 79 98 77 90 38 15 16 78 12 73 74 96 33 52 68 54 28 6 100 60 59 23 55 47 41 63 50 56 62 53 57 10 24 65 64 9 34 85 17 43 26 86 66 48 80 91 39 69 4 97 8 25 82 92 94 13 88 46 81 27 21 99 61 14 89 45 19 44 3 31 93 20 49 7 58 22 11 72 2 51 30 1 95 67 35 18 84 87 37 32
77 82 43 83 36 49 12 90 78 47 86 5 84 97 45 22 23 85 19 80 81 3 40 59 75 61 35 13 7 67 66 30 62 54 28 70 57 63 69 60 64 17 31 72 71 88 41 92 48 50 33 93 73 55 87 98 46 76 11 4 15 32 89 99 1 20 95 53 44 34 24 6 16 21 96 52 26 51 10 38 100 27 56 14 65 29 18 79 9 58 37 8 2 74 42 25 91 94 68 39
42 47 8 48 1 14 77 55 43 12 51 70 49 62 10 87 88 50 84 45 46 68 5 24 40 26 100 78 72 32 31 95 27 19 13 35 22 28 34 25 29 82 96 37 36 81 6 57 89 15 98 58 38 20 52 63 11 41 76 69 80 97 54 64 66 85 60 18 53 99 93 71 33 86 61 17 91 16 75 3 65 92 21 79 30 94 83 44 74 23 2 73 67 39 7 90 56 59 9 4
71 76 37 77 30 43 6 84 72 41 80 99 78 91 39 16 17 79 13 74 75 97 34 53 69 55 29 7 1 61 60 24 56 48 42 64 51 57 63 54 58 11 25 66 65 10 35 86 18 44 27 87 67 49 81 92 40 70 5 98 9 26 83 93 95 14 89 47 82 28 22 100 62 15 90 46 20 45 4 32 94 21 50 8 59 23 12 73 3 52 31 2 96 68 36 19 85 88 38 33
100 5 66 6 59 72 35 13 1 70 9 28 7 20 68 45 46 8 42 3 4 26 63 82 98 84 58 36 30 90 89 53 85 77 71 93 80 86 92 83 87 40 54 95 94 39 64 15 47 73 2 16 96 78 10 21 69 99 34 27 38 55 12 22 24 43 18 76 11 57 51 29 91 44 19 75 49 74 33 61 23 50 79 37 88 52 41 48 32 81 60 31 25 97 65 56 14 17 67 62
80 85 46 86 39 52 15 93 81 50 89 8 87 100 48 25 26 88 22 83 84 6 43 62 78 64 38 16 10 70 69 33 65 57 51 73 60 66 72 63 67 20 34 75 74 19 44 95 27 53 36 96 76 58 90 1 49 79 14 7 18 35 92 2 4 23 98 56 91 37 31 9 71 24 99 55 29 54 13 41 3 30 59 17 68 32 21 82 12 61 40 11 5 77 45 28 94 97 47 42
28 33 94 34 87 100 63 41 29 98 37 56 35 48 96 73 74 36 70 31 32 54 91 10 26 12 86 64 58 18 17 81 13 5 99 21 8 14 20 11 15 68 82 23 22 67 92 43 75 1 84 44 24 6 38 49 97 27 62 55 66 83 40 50 52 71 46 4 39 85 79 57 19 72 47 3 77 2 61 89 51 78 7 65 16 80 69 30 60 9 88 59 53 25 93 76 42 45 95 90
84 89 50 90 43 56 19 97 85 54 93 12 91 4 52 29 30 92 26 87 88 10 47 66 82 68 42 20 14 74 73 37 69 61 55 77 64 70 76 67 71 24 38 79 78 23 48 99 31 57 40 100 80 62 94 5 53 83 18 11 22 39 96 6 8 27 2 60 95 41 35 13 75 28 3 59 33 58 17 45 7 34 63 21 72 36 25 86 16 65 44 15 9 81 49 32 98 1 51 46
34 39 100 40 93 6 69 47 35 4 43 62 41 54 2 79 80 42 76 37 38 60 97 16 32 18 92 70 64 24 23 87 19 11 5 27 14 20 26 17 21 74 88 29 28 73 98 49 81 7 90 50 30 12 44 55 3 33 68 61 72 89 46 56 58 77 52 10 45 91 85 63 25 78 53 9 83 8 67 95 57 84 13 71 22 86 75 36 66 15 94 65 59 31 99 82 48 51 1 96
13 18 79 19 72 85 48 26 14 83 22 41 20 33 81 58 59 21 55 16 17 39 76 95 11 97 71 49 43 3 2 66 98 90 84 6 93 99 5 96 100 53 67 8 7 52 77 28 60 86 69 29 9 91 23 34 82 12 47 40 51 68 25 35 37 56 31 89 24 70 64 42 4 57 32 88 62 87 46 74 36 63 92 50 1 65 54 15 45 94 73 44 38 10 78 61 27 30 80 75
61 66 27 67 68 33 20 74 62 31 70 89 8 81 29 6 7 69 3 64 65 87 24 43 59 45 19 97 91 51 50 14 46 38 32 54 41 47 53 44 48 1 15 56 55 100 25 76 28 34 17 77 57 39 71 82 30 60 95 88 99 16 73 83 85 4 79 37 72 18 12 90 52 5 80 36 10 35 94 22 84 11 40 98 49 13 2 63 93 42 21 92 86 58 26 9 75 78 96 23
66 71 32 72 25 38 1 79 67 36 75 94 73 86 34 11 12 74 8 69 70 92 29 48 64 50 24 2 96 56 55 19 51 43 37 59 46 52 58 49 53 6 20 61 60 5 30 81 13 39 22 82 62 44 76 87 35 65 100 93 4 21 78 88 90 9 84 42 77 23 17 95 57 10 85 41 15 40 99 27 89 16 45 3 54 18 7 68 98 47 26 97 91 63 31 14 80 83 33 28
67 72 33 73 26 39 2 80 68 37 76 95 74 87 35 12 13 75 9 70 71 93 30 49 65 51 25 3 97 57 56 20 52 44 38 60 47 53 59 50 54 7 21 62 61 6 31 82 14 40 23 83 63 45 77 88 36 66 1 94 5 22 79 89 91 10 85 43 78 24 18 96 58 11 86 42 16 41 100 28 90 17 46 4 55 19 8 69 99 48 27 98 92 64 32 15 81 84 34 29
72 77 38 78 31 44 7 85 73 42 81 100 79 92 40 17 18 80 14 75 76 98 35 54 70 56 30 8 2 62 61 25 57 49 43 65 52 58 64 55 59 12 26 67 66 11 36 87 19 45 28 88 68 50 82 93 41 71 6 99 10 27 84 94 96 15 90 48 83 29 23 1 63 16 91 47 21 46 5 33 95 22 51 9 60 24 13 74 4 53 32 3 97 69 37 20 86 89 39 34
19 24 85 25 78 91 54 32 20 89 28 47 26 39 87 64 65 27 61 22 23 45 82 1 17 3 77 55 49 9 8 72 4 96 90 12 99 5 11 2 6 59 73 14 13 58 83 34 66 92 75 35 15 97 29 40 88 18 53 46 57 74 31 41 43 62 37 95 30 76 70 48 10 63 38 94 68 93 52 80 42 69 98 56 7 71 60 21 51 100 79 50 44 16 84 67 33 36 86 81
89 94 55 95 48 61 44 2 90 59 98 17 96 9 57 34 35 97 31 92 93 15 52 71 87 73 47 25 19 79 78 42 74 66 56 82 69 75 81 72 76 29 43 84 83 60 53 4 36 62 45 5 85 67 99 10 58 88 23 16 27 24 1 11 13 32 7 65 100 46 40 18 80 33 8 64 38 63 22 50 12 39 68 26 77 41 30 91 21 70 49 20 14 86 54 37 3 6 28 51
62 67 28 68 21 34 97 75 63 32 71 90 69 82 30 7 8 70 4 65 66 88 25 44 60 46 20 98 92 52 51 15 47 39 33 55 42 48 54 45 49 2 16 57 56 1 26 77 9 35 18 78 58 40 72 83 31 61 96 89 100 17 74 84 86 5 80 38 73 19 13 91 53 6 81 37 11 36 95 23 85 12 41 99 50 14 3 64 94 43 22 93 87 59 27 10 76 79 29 24
78 83 44 84 37 50 13 91 79 48 87 6 85 98 46 23 24 86 20 81 82 4 41 60 76 62 36 14 8 68 67 31 63 55 49 71 58 64 70 61 65 18 32 73 72 17 42 93 25 51 34 94 74 56 88 99 47 77 12 5 16 33 90 100 2 21 96 54 89 35 29 7 69 22 97 53 27 52 11 39 1 28 57 15 66 30 19 80 10 59 38 9 3 75 43 26 92 95 45 40
31 36 97 37 90 3 66 44 32 1 40 59 38 51 99 76 77 39 73 34 35 57 94 13 29 15 89 67 61 21 20 84 16 8 2 24 11 17 23 14 18 71 85 26 25 70 95 46 78 4 87 47 27 9 41 52 100 30 65 58 69 86 43 53 55 74 49 7 42 88 82 60 22 75 50 6 80 5 64 92 54 81 10 68 19 83 72 33 63 12 91 62 56 28 96 79 45 48 98 93
43 48 9 49 2 15 78 42 44 13 52 71 50 63 11 88 89 51 85 46 47 69 6 25 41 27 1 79 73 33 32 96 28 20 14 36 23 29 35 26 30 83 97 38 37 82 7 58 90 16 99 59 39 21 53 64 12 56 77 70 81 98 55 65 67 86 61 19 54 100 94 72 34 87 62 18 92 17 76 4 66 93 22 80 31 95 84 45 75 24 3 74 68 40 8 91 57 60 10 5
40 45 6 46 99 12 75 53 41 10 49 68 47 60 8 85 86 48 82 43 44 66 3 22 38 16 98 76 70 30 29 93 25 17 11 33 20 26 32 23 27 80 94 35 34 79 4 55 87 13 96 56 36 18 50 61 9 39 74 67 78 95 52 62 64 83 58 24 51 97 91 69 31 84 59 15 89 14 73 1 63 90 19 77 28 92 81 42 72 21 100 71 65 37 5 88 54 57 7 2
56 61 22 62 15 28 91 69 57 26 65 84 63 76 24 1 2 64 98 59 60 82 19 38 54 40 14 92 86 46 45 9 41 33 27 49 36 42 48 39 43 96 10 51 50 95 20 71 3 29 12 72 52 34 66 77 25 55 90 83 94 11 68 78 80 99 74 32 67 13 7 85 47 100 75 31 5 30 89 17 79 6 35 93 44 8 97 58 88 37 16 87 81 53 21 4 70 73 23 18
49 54 15 55 8 21 84 62 50 19 58 77 56 69 17 94 95 57 91 52 53 75 12 31 47 33 7 85 79 39 38 2 34 26 96 42 29 35 41 32 36 89 3 44 43 16 13 40 20 22 5 65 45 27 59 70 18 48 83 76 87 4 61 71 73 64 67 25 60 6 100 78 92 93 68 24 98 23 82 10 72 99 28 86 37 1 90 51 81 30 9 80 74 46 14 97 63 66 88 11
97 2 63 3 56 69 32 10 98 67 6 25 4 17 65 42 43 5 39 100 1 23 60 79 95 81 55 33 27 87 86 50 82 74 68 90 77 83 89 80 84 37 51 92 91 36 61 12 44 70 53 13 93 75 7 18 66 96 31 24 35 52 9 19 21 40 15 73 8 54 48 26 88 41 16 72 46 71 30 58 20 47 76 34 85 49 38 99 29 78 57 28 22 94 62 45 11 14 64 59
64 69 30 70 23 36 99 77 65 34 73 92 71 84 32 9 10 72 6 67 68 90 27 46 62 48 22 100 94 54 53 17 49 41 35 57 44 50 56 47 51 4 18 59 58 3 28 79 11 37 20 80 60 42 74 85 33 63 98 91 2 19 76 86 88 7 82 40 75 21 15 93 55 8 83 39 13 38 97 25 87 14 43 1 52 16 5 66 96 45 24 95 89 61 29 12 78 81 31 26
53 58 19 59 12 25 88 66 54 23 62 81 60 73 21 98 99 61 95 56 57 79 16 35 51 37 11 89 83 43 42 6 38 30 24 46 33 39 45 84 40 93 7 36 47 92 17 68 100 26 9 69 49 31 63 74 22 52 87 80 91 8 65 75 77 96 71 29 64 10 4 82 44 97 72 28 2 27 86 14 76 3 32 90 41 5 94 55 85 34 13 48 78 50 18 1 67 70 20 15
94 99 60 100 53 66 29 7 95 64 3 22 1 14 62 39 40 2 36 97 98 20 57 76 92 78 52 30 24 84 83 47 79 71 65 87 74 80 86 77 81 34 48 89 88 33 58 9 41 67 50 10 90 72 4 15 63 93 28 21 32 49 6 16 18 37 12 70 5 51 45 23 85 38 13 69 43 68 27 55 17 44 73 31 82 46 35 96 26 75 54 25 19 91 59 42 8 11 61 56
92 97 58 98 51 40 27 5 93 62 1 20 99 12 60 37 38 100 34 95 96 18 55 74 90 76 50 28 22 82 81 45 77 69 63 85 72 78 84 75 79 32 46 87 86 31 56 7 39 65 64 8 88 70 2 13 61 91 26 19 30 47 4 14 16 35 10 68 3 49 43 21 83 36 11 67 41 66 25 53 15 42 71 29 80 44 33 94 24 73 52 23 17 89 57 48 6 9 59 54
86 91 52 92 45 58 21 99 87 56 95 14 93 6 54 31 32 94 28 89 90 12 49 68 84 70 44 22 16 76 75 39 71 63 57 79 66 72 78 69 73 26 40 81 80 25 50 1 33 59 42 2 82 64 96 7 55 85 20 13 24 41 98 8 10 29 4 62 97 43 37 15 77 30 5 61 35 60 19 47 9 36 65 23 74 38 27 88 18 67 46 17 11 83 51 34 100 3 53 48
81 86 47 87 40 53 16 94 82 51 90 9 88 1 49 26 27 89 23 84 85 7 44 63 79 65 39 17 11 71 70 34 66 58 52 74 61 67 73 64 68 21 35 76 75 20 45 96 8 54 37 97 77 59 91 2 50 80 15 28 19 36 93 3 5 24 99 57 92 38 32 10 72 25 100 56 30 55 14 42 4 31 60 18 69 33 22 83 13 62 41 12 6 78 46 29 95 98 48 43
15 20 81 21 74 87 50 28 16 85 24 43 22 35 83 60 61 23 57 18 19 41 78 97 13 99 73 51 45 5 4 68 100 92 86 8 95 1 7 98 2 55 69 10 9 54 79 30 62 88 71 31 11 93 25 36 84 14 49 42 53 70 27 37 39 58 33 91 26 72 66 44 6 59 34 90 64 89 48 76 38 65 94 52 3 67 56 17 47 96 75 46 40 12 80 63 29 32 82 77
93 98 59 99 52 65 28 6 94 63 2 21 100 13 61 38 39 1 35 26 97 19 48 75 91 77 51 29 23 83 82 46 78 70 64 86 73 79 85 76 80 33 47 88 87 32 57 8 40 66 49 9 89 71 3 14 62 92 27 20 31 56 5 15 17 36 11 69 4 50 44 22 84 37 12 68 42 67 90 54 16 43 72 30 81 45 34 95 25 74 53 24 18 96 58 41 7 10 60 55
