1
100
23 28 22 86 26 18 33 8 59 69 2 91 80 42 100 71 55 2 34 12 8 36 94 47 44 59 63 59 73 65 74 38 10 26 58 32 60 11 52 40 40 20 39 8 43 60 55 25 67 21 64 83 100 9 20 55 59 44 99 94 12 48 18 43 27 66 87 32 47 17 42 22 23 86 97 8 48 72 77 10 25 64 46 23 17 30 5 90 63 5 83 11 5 81 96 47 76 81 51 24
48 35 94 65 74 95 31 59 56 37 51 17 15 76 27 4 87 85 85 8 82 24 14 68 79 75 88 31 25 83 78 60 9 58 84 94 93 54 20 5 65 88 76 82 94 20 94 70 40 44 34 58 38 5 12 9 52 57 34 91 91 39 50 80 2 18 9 8 86 66 32 33 88 44 95 9 79 40 47 20 92 16 39 81 33 75 80 30 45 12 55 5 61 87 48 36 11 75 4 53
63 15 50 68 96 90 93 59 36 81 13 24 38 32 48 20 73 21 3 72 90 7 56 93 24 71 3 36 12 55 80 78 12 22 12 23 67 22 38 72 71 24 92 90 2 48 8 76 2 52 77 30 82 18 90 30 70 67 28 45 17 93 29 78 98 93 88 6 36 49 54 47 18 40 76 75 58 76 55 63 38 95 23 9 100 64 6 60 71 54 98 16 62 6 53 67 8 37 10 77
49 60 49 6 81 11 69 60 37 82 15 24 36 86 48 98 66 56 82 69 58 78 47 89 67 22 85 43 38 37 35 68 24 51 87 89 92 65 67 23 12 93 77 59 29 39 31 94 59 92 76 15 1 2 10 64 41 25 50 72 32 83 76 45 24 11 20 55 39 8 79 73 9 62 70 28 31 88 90 48 34 23 84 77 31 2 52 58 52 23 52 72 77 89 28 95 51 43 58 97
2 14 81 62 100 68 95 56 72 61 91 61 78 78 53 21 86 24 62 46 84 36 81 63 24 14 81 100 90 69 21 78 31 7 25 80 36 35 47 2 7 76 60 2 23 90 23 97 23 59 90 73 16 97 56 29 23 52 33 71 35 40 30 82 17 91 13 27 57 52 15 45 97 91 31 98 17 12 60 52 29 1 15 69 38 31 47 80 75 88 59 2 16 23 40 92 73 88 55 72
57 35 44 46 43 28 11 71 3 6 18 45 99 40 1 44 81 35 17 43 33 99 16 21 29 11 78 61 86 80 26 42 77 16 69 74 49 15 52 81 43 21 56 50 92 86 72 71 67 55 36 62 23 40 85 14 42 44 74 8 66 17 90 68 5 81 37 45 83 56 51 21 20 64 87 6 44 80 29 62 73 3 50 35 76 88 4 71 37 42 72 22 91 75 67 82 55 50 66 47
77 35 35 81 6 67 30 21 66 31 63 31 2 56 15 9 39 69 30 63 83 49 57 35 64 39 41 25 65 23 24 11 49 71 60 40 62 89 1 39 82 26 8 39 62 28 72 18 1 13 5 82 63 66 100 9 88 10 10 68 37 99 37 6 64 15 53 7 89 95 35 28 24 47 38 17 23 1 66 50 100 21 68 43 57 9 61 46 90 56 86 79 6 94 8 46 64 45 88 45
31 78 59 93 100 89 96 8 5 18 53 72 76 8 64 71 29 16 47 79 65 93 26 31 72 69 20 67 70 36 13 8 16 3 44 32 54 70 5 94 58 83 93 90 21 63 49 14 84 100 46 75 26 16 31 88 28 57 52 44 89 11 65 2 88 45 27 44 77 54 79 28 49 6 53 26 23 75 84 88 87 58 15 91 81 35 81 45 75 31 11 4 14 86 10 61 83 92 20 48
33 57 52 61 57 3 59 13 62 82 69 10 99 83 43 3 79 88 25 81 30 5 3 54 65 21 100 14 64 51 75 100 60 13 38 53 48 49 71 22 35 74 33 20 88 86 76 57 29 59 15 66 5 34 65 90 70 9 89 98 48 78 64 37 21 50 40 8 28 65 76 2 29 53 100 88 9 54 92 54 89 27 92 96 28 38 74 37 35 48 76 81 40 74 10 11 43 70 93 62
62 23 54 97 21 48 49 7 71 66 18 48 41 36 59 22 29 35 64 48 74 94 82 60 23 99 23 76 58 9 64 26 43 17 45 81 2 4 16 92 25 28 21 80 92 43 96 16 32 71 25 28 87 98 34 98 36 92 12 31 89 63 66 91 54 17 78 71 6 29 58 37 94 82 74 30 52 54 64 60 67 70 55 100 60 66 52 21 58 47 7 21 51 97 2 28 99 39 53 56
31 25 28 11 70 2 50 32 50 14 88 82 20 23 3 63 78 91 100 77 70 86 17 65 26 24 54 82 21 77 22 70 20 87 78 65 82 33 38 92 72 78 74 42 46 37 63 34 54 82 16 18 75 43 20 55 82 31 99 54 11 16 65 95 19 92 88 81 100 95 69 17 57 12 83 17 30 10 17 53 86 48 82 78 53 82 34 75 2 76 2 97 7 46 95 30 96 65 27 84
71 67 56 59 69 57 48 60 11 5 63 11 62 59 56 71 3 5 100 69 30 96 39 78 64 30 7 94 46 18 34 76 69 10 72 72 73 57 90 26 94 2 11 35 64 54 76 44 37 31 49 74 3 24 99 7 2 15 84 95 86 61 80 37 61 51 96 84 79 21 8 87 66 75 58 36 20 66 91 74 27 45 36 98 24 12 3 27 85 64 66 19 78 7 4 83 41 2 72 75
96 17 27 74 55 49 59 88 62 86 41 43 52 74 20 35 54 60 81 100 70 82 17 26 65 15 14 89 50 74 42 38 96 43 39 88 43 8 84 91 90 51 52 42 25 3 32 73 86 85 83 4 34 83 5 90 50 84 46 98 88 23 56 20 7 84 40 51 19 40 32 54 52 81 58 77 50 23 100 48 18 66 51 38 48 26 95 27 3 37 60 3 26 23 45 36 35 19 17 52
75 48 7 4 44 24 11 73 30 85 15 60 36 75 98 57 3 16 73 49 9 18 42 81 5 98 95 29 43 76 7 43 7 64 70 33 72 62 8 87 86 59 67 72 10 84 84 58 77 30 1 54 15 53 40 68 65 56 54 40 84 18 5 66 98 81 98 60 80 5 91 17 24 67 37 53 21 36 78 85 53 35 26 18 17 30 18 71 39 83 17 93 74 10 87 18 37 48 100 19
36 16 73 16 84 61 72 78 15 62 62 24 57 93 97 85 82 74 26 86 85 36 61 93 93 54 31 86 77 78 71 69 52 7 43 52 62 73 83 36 8 45 79 21 16 27 72 36 97 8 26 14 50 72 51 41 38 45 47 87 41 89 41 45 100 54 25 43 40 95 39 90 70 92 81 19 20 14 11 29 18 52 76 8 77 11 16 72 82 42 54 56 23 19 55 65 21 72 25 65
91 17 72 71 77 68 82 57 33 58 9 67 9 93 100 53 39 94 93 54 77 98 99 2 69 14 64 18 45 65 43 72 67 12 52 72 41 95 37 90 32 73 68 61 51 32 100 84 45 21 50 76 5 3 59 61 64 66 39 26 96 64 67 85 46 76 99 1 51 100 64 17 49 16 72 12 96 10 62 89 71 11 7 86 95 11 43 43 20 78 47 66 8 72 25 6 18 85 41 43
97 13 6 38 39 99 96 96 69 81 100 52 77 85 48 54 6 82 85 90 80 89 26 35 94 54 46 53 24 20 89 41 47 34 50 34 100 58 39 77 25 80 81 70 98 23 92 41 81 54 15 54 88 95 47 10 19 53 34 31 35 83 25 25 87 84 93 6 86 88 86 39 82 39 75 42 89 16 28 87 73 85 41 46 93 83 48 96 29 87 48 93 69 63 12 17 18 78 4 48
91 38 95 87 71 68 70 35 3 37 53 47 41 53 78 62 48 6 45 48 3 34 55 24 98 69 80 53 24 11 75 47 76 60 34 51 29 91 4 32 93 9 26 71 55 16 84 39 72 36 57 3 73 95 8 85 75 8 50 99 45 50 10 46 83 22 76 55 20 1 6 22 46 66 95 60 92 19 76 23 72 35 33 62 12 59 32 78 36 50 43 48 36 49 89 100 44 61 5 22
38 84 7 1 55 18 74 92 24 90 12 25 4 27 69 35 28 6 100 72 44 74 1 39 53 47 2 66 84 53 8 45 56 6 95 28 98 74 98 43 40 50 13 12 76 31 89 52 77 47 26 37 49 19 79 85 7 68 95 91 88 23 69 80 69 3 58 52 66 84 96 97 81 87 55 29 48 86 55 27 44 46 28 37 36 4 71 89 72 76 86 62 10 43 82 75 64 37 14 76
82 61 4 47 23 90 68 76 44 71 30 61 5 72 20 15 22 73 87 50 38 7 4 88 66 32 79 87 61 39 72 92 37 74 47 99 46 38 54 78 31 32 40 3 99 63 18 28 16 74 1 32 10 93 65 40 24 53 39 59 98 39 37 58 31 74 7 54 71 80 38 57 31 12 97 60 32 48 12 47 49 66 44 67 72 22 83 68 11 12 15 27 84 7 54 22 15 49 44 2
44 79 52 24 55 16 56 26 32 23 70 26 18 6 63 31 18 75 77 22 44 10 100 93 70 92 9 90 13 49 84 92 58 2 56 26 33 10 29 63 58 18 35 72 12 48 68 79 33 59 53 52 7 32 74 14 86 64 26 19 61 3 13 37 79 22 28 46 17 77 77 56 73 5 73 94 14 55 81 29 67 32 30 99 60 97 12 60 57 98 4 28 36 41 53 78 48 58 41 75
28 98 62 59 57 37 90 64 83 80 21 79 38 12 14 38 13 24 24 61 27 33 59 73 40 97 20 82 62 7 54 24 97 53 100 61 40 28 36 16 64 10 95 13 31 47 97 39 17 5 37 61 58 4 40 60 17 9 61 66 46 26 36 86 96 93 2 87 38 89 61 72 95 19 93 84 26 9 64 72 46 26 4 69 44 31 29 17 16 87 6 62 23 71 82 73 1 84 40 9
52 97 88 6 77 14 63 40 69 31 72 24 11 54 95 70 73 18 24 38 27 41 15 80 1 95 39 97 22 34 25 43 88 57 25 19 57 13 57 70 36 84 60 24 34 21 68 76 15 60 37 70 99 98 25 38 16 47 28 99 17 52 87 2 20 96 43 96 36 79 9 70 96 83 45 15 67 10 60 85 49 19 67 60 64 88 76 77 52 24 51 89 71 6 16 44 59 37 3 36
81 48 99 14 11 86 58 49 51 91 2 7 75 99 99 74 93 82 52 70 70 82 38 19 21 77 36 77 6 14 16 23 95 6 80 81 78 90 6 51 26 42 69 57 10 78 31 9 6 87 86 84 63 89 66 90 61 25 61 18 30 100 19 98 35 35 73 26 74 42 3 61 57 80 97 12 52 47 99 85 54 38 17 72 94 42 18 52 72 26 42 31 77 10 29 4 67 55 69 33
7 37 55 70 88 43 65 60 27 60 2 15 21 19 88 45 5 6 27 35 71 36 38 95 19 78 98 48 38 9 96 66 97 65 96 24 28 84 57 18 33 73 69 86 52 64 92 72 4 14 76 59 55 88 57 30 7 38 68 31 67 44 18 34 81 44 15 60 46 56 92 11 65 88 24 50 31 76 93 87 18 90 45 73 43 8 29 35 21 77 53 61 78 29 22 3 72 91 24 43
99 28 79 99 75 19 61 91 99 52 33 79 27 94 70 45 19 46 14 50 32 100 94 94 4 88 46 48 41 80 46 39 74 26 20 80 63 87 6 35 32 19 67 41 22 69 51 75 54 51 51 9 88 14 7 82 15 82 22 18 11 75 50 61 81 8 50 3 18 12 71 5 33 62 2 1 96 9 24 9 76 15 21 71 44 57 50 15 71 23 51 34 33 71 13 88 54 99 46 14
49 97 82 55 25 25 4 19 30 30 35 60 65 97 4 49 30 7 15 99 51 23 89 97 99 61 72 33 48 7 1 75 19 10 71 75 81 60 27 52 55 7 24 58 81 44 46 84 55 91 90 94 71 90 51 90 55 55 2 64 27 80 39 77 57 43 55 33 36 39 88 14 58 24 4 52 92 92 36 16 53 60 96 100 54 49 60 24 62 63 6 3 64 50 17 86 57 12 57 24
72 84 9 73 15 73 95 39 18 69 84 22 48 97 35 95 12 44 78 12 36 13 29 57 61 26 62 57 57 95 63 73 96 53 90 29 16 5 24 45 2 10 4 64 46 11 66 51 25 5 52 18 62 94 71 3 94 42 56 27 26 50 28 71 25 65 28 38 8 16 70 48 30 53 27 8 31 48 39 90 71 99 94 64 24 96 3 42 25 52 83 46 75 50 52 49 92 16 61 92
47 33 36 21 70 84 69 56 67 66 26 81 65 50 86 62 2 55 91 27 86 74 27 64 48 32 59 44 1 86 79 47 89 36 92 50 37 18 76 48 68 68 85 53 44 99 88 40 59 93 85 87 40 68 37 59 10 91 37 66 2 54 31 62 58 46 16 64 22 7 58 66 32 9 36 57 86 70 42 81 45 80 94 85 83 84 73 62 88 85 95 47 68 64 51 23 45 40 54 98
63 43 64 54 77 86 36 21 14 5 10 86 62 13 9 40 87 55 5 97 31 70 24 78 60 83 31 49 8 78 92 23 15 28 99 94 100 66 28 20 46 57 67 2 66 64 80 19 61 69 36 49 84 95 59 36 42 43 84 3 88 16 36 84 17 96 25 70 100 12 37 9 69 49 79 52 54 97 41 99 91 86 33 1 80 70 39 50 58 88 35 70 42 95 62 30 20 62 82 1
80 7 99 98 6 36 41 12 27 81 87 62 22 21 98 20 60 49 51 59 29 7 35 82 70 82 11 30 21 14 10 99 67 36 74 22 13 8 95 24 21 39 73 69 17 52 88 72 68 12 38 33 39 26 74 97 46 35 78 13 54 21 63 69 28 36 66 36 32 57 2 69 62 94 10 27 92 91 58 4 33 46 33 65 96 74 3 49 46 25 20 34 6 89 93 27 41 74 30 73
36 79 32 72 82 39 81 85 72 39 90 74 37 88 66 5 91 23 16 41 3 51 5 32 81 2 78 70 75 74 6 38 2 57 58 24 28 16 14 35 38 56 59 81 91 11 13 61 73 53 5 55 50 67 88 7 31 80 88 11 71 40 56 11 12 22 41 25 29 92 48 44 57 6 2 3 85 15 38 7 43 40 54 1 65 56 88 81 73 52 80 63 87 4 6 1 51 18 48 67
56 6 6 10 40 49 66 57 62 19 36 32 32 65 98 3 73 6 96 81 58 22 4 72 9 29 96 40 72 99 71 13 90 36 91 5 57 18 74 78 11 26 39 78 72 80 68 54 89 96 23 61 30 65 36 94 30 18 23 8 91 28 36 56 24 43 75 78 57 11 63 65 73 52 91 45 64 53 78 41 14 30 58 50 75 79 18 14 100 84 70 33 80 30 23 53 48 1 25 48
46 27 14 40 79 63 41 93 98 94 19 11 3 25 15 33 83 64 30 54 65 97 40 20 22 31 75 25 29 76 94 63 33 16 27 28 17 41 46 78 77 50 3 10 44 29 87 7 49 56 11 47 36 3 90 91 9 75 43 51 85 79 94 76 71 13 98 41 64 36 87 48 3 86 7 57 32 71 94 52 67 58 40 63 66 47 14 97 6 9 32 81 4 38 83 92 47 78 37 16
17 39 29 79 74 35 69 41 78 33 15 55 7 7 65 89 13 3 90 85 4 88 10 74 25 100 12 47 67 46 38 85 64 76 5 26 68 85 15 17 19 98 100 32 13 16 23 82 65 46 82 4 60 52 81 78 1 81 22 45 1 53 12 33 31 20 46 47 50 88 75 4 98 12 37 88 39 30 35 70 53 82 98 18 49 83 86 100 55 12 23 85 40 87 75 79 23 93 93 17
71 19 71 36 51 6 89 26 46 60 40 12 64 58 7 88 20 16 36 67 78 40 97 67 32 28 4 78 25 98 87 67 9 74 67 38 81 30 52 53 57 58 84 15 15 35 55 1 78 94 73 47 18 43 82 84 88 27 41 91 43 61 65 51 19 45 58 37 75 35 83 48 24 95 23 10 39 55 72 35 25 28 81 72 87 10 16 10 37 66 17 24 76 5 22 63 69 11 75 3
67 79 66 33 76 72 9 98 48 4 69 20 26 99 95 8 37 21 58 37 36 99 67 26 37 19 12 34 69 81 23 72 52 77 74 63 41 51 43 75 84 54 37 95 2 14 7 7 19 35 90 33 88 9 74 92 46 82 41 72 35 26 83 63 89 22 62 71 66 39 31 61 93 43 84 68 88 7 5 39 1 30 24 82 89 11 24 4 96 33 23 48 96 87 70 26 45 29 31 12
72 17 83 36 28 17 37 68 97 71 40 17 99 55 59 51 21 15 13 46 77 100 40 32 23 57 36 44 93 20 68 62 23 60 50 33 15 44 70 27 100 50 24 81 90 95 47 7 94 14 18 83 59 54 18 56 65 79 5 82 95 4 10 87 62 12 52 33 59 64 65 43 50 26 31 9 86 92 70 29 61 93 7 49 18 43 18 58 36 59 27 44 74 81 61 69 98 76 64 49
2 19 77 90 9 13 63 69 85 46 37 48 70 58 6 32 81 45 64 78 76 78 88 41 97 70 88 38 7 60 84 24 35 37 58 50 3 33 69 89 92 45 51 68 35 71 37 98 82 10 54 9 42 9 29 19 77 78 13 12 59 10 12 2 83 89 68 8 33 19 34 96 51 60 44 25 69 2 54 17 99 56 34 75 57 9 53 27 3 28 93 34 96 13 46 68 35 32 23 64
9 98 71 18 36 53 45 5 31 44 94 8 6 89 37 11 36 2 94 50 91 56 80 3 35 3 33 97 92 7 6 65 76 62 83 39 15 28 87 49 36 45 26 26 15 14 67 27 88 15 68 96 56 47 34 39 78 19 80 32 48 63 9 66 26 2 9 38 35 49 57 88 25 6 83 99 61 97 57 50 78 1 3 57 31 66 67 34 73 48 63 46 59 77 46 72 8 94 94 12
84 8 50 19 90 46 71 13 74 22 5 85 82 16 78 67 74 40 70 69 79 57 66 41 71 55 94 89 70 19 53 39 17 87 52 72 45 65 37 62 23 33 85 1 51 7 84 29 92 30 5 11 19 14 27 18 80 98 8 50 68 44 44 92 46 95 44 3 67 27 26 95 37 28 95 27 72 63 3 83 58 8 68 49 69 38 14 32 91 67 13 100 6 86 74 84 49 29 36 61
32 75 95 81 68 74 67 12 36 40 36 6 54 89 37 91 49 56 98 28 14 8 68 71 73 54 98 67 47 24 3 33 4 64 93 18 22 77 77 99 10 42 30 16 62 29 82 37 18 95 13 17 69 51 99 39 12 66 6 89 57 89 54 91 57 5 94 42 91 27 37 99 33 62 67 75 40 67 88 68 98 96 26 59 33 89 22 79 35 43 16 35 52 23 50 76 92 55 37 37
42 13 62 70 81 83 94 52 45 50 39 57 9 19 51 94 26 54 65 76 77 7 36 81 5 1 17 30 19 79 85 97 31 92 12 45 37 53 20 59 76 89 30 97 42 5 40 53 52 16 87 12 80 96 23 45 75 47 48 55 73 42 73 73 33 78 39 18 82 45 35 78 6 73 89 27 8 75 81 96 89 31 7 94 33 38 56 17 84 79 87 42 96 7 60 30 79 26 36 59
30 74 52 87 92 12 21 55 100 96 45 68 74 1 66 21 80 15 83 79 90 81 73 76 71 84 57 81 9 100 7 48 37 79 9 51 17 1 16 9 86 98 54 32 55 20 50 72 52 28 78 88 74 80 76 47 11 27 50 13 51 8 54 34 74 30 20 63 30 44 27 49 23 56 49 59 19 62 35 87 31 22 83 28 4 89 21 100 30 12 62 22 43 26 77 51 77 63 91 74
5 1 41 16 36 72 46 30 90 98 47 87 16 92 69 34 81 10 76 66 96 56 79 80 99 67 67 36 34 94 26 8 98 10 58 14 78 81 38 44 91 62 7 20 72 44 19 14 78 65 83 79 34 12 73 15 78 9 44 30 95 92 1 51 87 36 47 80 13 88 84 4 4 95 68 27 65 46 2 28 7 6 25 99 88 47 8 90 62 23 45 40 5 10 23 100 35 6 36 52
88 66 63 75 73 56 7 61 96 51 34 39 99 78 36 50 25 86 2 51 88 21 19 56 90 70 80 88 27 45 77 11 48 91 61 24 70 82 25 12 9 83 29 25 9 71 62 8 35 3 24 22 69 77 12 62 80 24 50 30 80 70 69 51 99 59 56 26 28 83 62 33 27 1 70 83 42 56 96 85 96 20 60 76 53 57 14 81 62 86 100 95 52 56 60 29 34 99 84 96
63 37 53 95 83 54 84 90 54 57 39 8 89 54 87 20 55 71 11 27 52 18 29 37 70 71 65 9 63 29 16 23 87 98 3 43 8 26 83 94 51 92 67 3 68 67 29 82 28 38 7 68 8 75 18 45 98 92 10 74 63 28 45 51 22 21 18 57 64 76 68 40 85 10 84 5 54 87 81 26 98 72 96 36 18 59 69 8 16 7 25 51 68 14 32 69 89 97 36 83
40 6 20 10 84 56 6 95 33 10 77 73 77 1 12 10 87 8 99 61 67 27 81 59 11 48 10 57 48 41 58 67 8 33 93 1 71 26 27 90 41 3 50 59 57 40 43 47 45 50 12 5 16 70 34 8 48 61 26 31 82 83 74 71 100 18 4 17 57 39 99 10 28 26 51 60 21 69 32 33 81 42 47 78 71 47 15 18 9 80 59 96 60 1 29 59 90 74 85 92
1 64 92 34 77 88 9 7 32 74 36 82 40 55 96 1 40 26 27 28 56 1 95 15 17 28 56 39 91 23 25 91 48 24 98 73 64 75 49 44 51 41 56 71 58 53 83 29 33 29 1 61 41 47 100 12 45 31 64 45 30 85 61 81 24 60 73 53 41 42 41 65 6 27 62 79 58 17 77 31 18 45 4 2 44 11 9 6 82 43 88 55 67 90 54 68 17 50 97 46
12 88 40 41 20 82 92 38 84 42 25 80 50 90 65 65 6 33 65 83 5 64 44 64 9 54 36 74 96 60 8 4 14 44 54 10 91 73 8 7 32 70 62 91 52 61 67 46 18 78 59 16 93 37 85 59 32 52 95 11 43 35 55 43 1 2 58 49 3 48 88 75 7 69 62 1 4 50 4 60 61 21 8 87 41 16 32 30 62 92 24 6 73 33 5 94 30 6 2 43
51 70 26 17 38 80 28 86 16 75 2 60 10 62 73 63 97 85 45 5 57 48 6 44 26 83 17 14 77 71 42 73 75 15 62 5 97 63 66 61 43 33 39 99 97 92 81 2 50 27 82 69 33 57 38 82 31 76 72 5 7 86 67 45 94 51 96 86 64 92 74 71 5 51 83 65 34 78 66 77 94 31 36 77 65 27 64 58 30 37 20 45 7 19 55 20 98 10 99 73
10 23 47 91 85 94 19 70 81 96 2 3 20 54 73 48 69 3 56 12 89 32 19 53 79 56 33 11 58 16 15 30 3 59 36 13 74 37 25 18 52 54 39 51 22 42 62 93 76 88 92 86 19 11 26 37 78 7 42 33 20 6 38 91 100 20 25 100 36 49 81 14 25 69 96 50 4 37 42 65 68 28 66 99 73 53 50 93 90 66 83 55 23 35 93 70 62 9 13 96
8 96 83 84 45 96 76 31 96 31 15 98 27 58 60 64 53 22 68 7 93 19 48 52 54 69 14 78 15 87 61 96 75 23 69 38 92 11 40 21 52 22 17 62 15 61 93 63 38 4 35 9 42 63 19 41 12 30 34 9 84 9 89 84 57 43 31 17 95 21 77 62 65 73 42 58 78 74 4 75 87 84 90 37 22 12 54 72 33 46 41 53 67 1 26 15 2 70 97 56
68 91 19 71 94 77 78 61 65 22 28 59 6 33 33 89 59 74 15 23 76 76 18 55 15 22 83 78 24 47 90 55 32 61 77 8 93 41 12 81 37 26 66 86 23 37 30 56 76 60 51 37 19 28 86 23 39 83 75 16 44 73 99 90 25 39 34 58 14 16 31 22 94 67 80 69 78 31 64 36 17 96 50 52 54 34 43 30 25 70 14 8 60 93 8 10 78 40 8 36
44 66 34 61 11 45 48 10 34 52 15 31 73 3 34 53 42 14 53 14 58 41 90 60 60 66 3 45 15 63 94 23 25 84 46 98 49 25 24 63 6 45 52 7 68 90 76 100 90 98 26 94 3 41 68 50 25 94 69 50 32 52 42 65 45 52 65 4 18 19 61 87 44 5 21 65 54 87 36 32 71 64 90 61 23 18 82 72 95 82 97 19 67 58 18 8 60 68 21 13
59 50 2 12 9 82 56 78 18 1 81 25 22 36 2 85 12 32 81 24 77 18 90 85 56 26 68 10 100 90 60 8 60 90 63 11 55 4 54 12 65 74 16 35 25 53 87 19 37 79 13 11 58 30 75 29 83 76 81 15 86 26 59 54 76 90 94 100 32 55 56 86 61 3 47 74 38 26 29 21 41 51 63 12 15 17 10 23 97 71 74 87 9 34 10 16 55 3 14 41
58 19 59 49 10 11 72 90 78 54 34 89 80 49 79 21 25 100 61 58 22 63 38 50 7 98 63 31 78 44 12 28 24 38 51 92 57 81 30 10 25 5 27 90 71 92 24 49 10 77 26 40 56 70 11 70 23 22 15 20 58 17 5 20 2 43 91 34 75 68 90 1 21 86 16 45 2 5 17 2 29 23 94 1 44 25 86 89 24 25 52 4 89 19 32 51 59 2 2 77
49 20 68 96 71 11 20 82 57 53 28 56 46 11 73 61 8 67 68 59 17 37 40 33 80 89 60 34 11 4 65 8 18 26 29 85 63 62 22 39 13 64 30 57 22 66 65 49 96 70 98 73 19 82 20 56 1 3 50 42 48 58 57 37 50 83 65 34 15 83 76 66 57 89 43 92 3 17 45 52 33 52 20 29 26 100 59 25 10 7 95 95 36 44 13 91 31 43 24 67
69 63 9 20 55 90 46 32 55 71 30 100 8 10 3 37 60 45 57 41 63 84 17 37 81 7 46 67 1 67 80 92 99 92 63 97 72 49 27 41 88 70 83 60 96 37 28 3 34 31 44 49 1 41 74 97 10 27 61 66 53 83 12 12 11 26 40 27 6 50 75 35 41 36 41 100 91 20 13 34 52 48 87 14 40 69 23 89 35 95 59 71 55 72 22 50 59 29 92 80
28 2 24 93 33 95 4 6 45 53 74 86 65 58 45 38 87 3 48 61 19 70 38 9 87 40 51 78 16 52 74 78 40 79 91 84 19 89 100 9 95 10 76 61 94 1 44 35 56 9 77 34 60 80 57 49 40 5 47 25 29 95 93 61 57 71 93 56 35 33 32 28 12 6 91 86 15 8 80 86 55 97 90 23 18 49 98 91 68 42 80 27 48 8 63 33 77 37 72 64
49 78 15 7 35 61 21 32 7 49 21 3 29 43 88 34 34 56 5 40 5 79 9 16 56 9 54 72 62 25 24 46 22 28 72 5 96 93 51 32 95 49 5 81 50 75 14 20 46 100 67 73 89 54 68 70 27 64 49 39 97 97 44 44 42 80 79 100 8 73 80 64 78 66 70 79 29 88 4 96 88 36 89 89 80 73 8 50 85 7 65 88 54 87 70 67 79 74 5 15
49 80 23 43 85 48 20 11 13 99 10 69 62 95 89 97 79 14 43 54 71 89 27 71 27 60 21 69 61 12 70 71 78 55 30 79 15 21 66 73 30 44 97 87 14 20 46 55 56 76 87 69 45 91 2 71 94 84 85 13 26 35 2 81 78 10 68 6 25 42 63 25 34 4 40 87 59 76 83 74 36 72 29 71 100 19 51 45 50 32 59 22 1 92 55 64 37 15 64 76
23 19 81 52 16 23 59 1 88 74 36 67 20 36 49 22 88 1 55 88 23 22 79 67 17 23 17 16 26 34 31 82 70 96 54 5 39 45 30 49 73 39 30 82 54 96 66 67 54 32 32 28 54 9 12 86 19 82 1 32 17 9 70 88 38 5 20 45 4 48 25 10 93 86 92 49 45 12 49 44 84 48 97 38 6 26 75 83 30 50 97 72 3 64 70 4 5 3 52 39
44 90 17 47 93 19 42 87 20 13 90 27 60 75 9 2 71 74 2 67 4 68 5 94 7 63 65 42 96 18 9 5 25 91 53 73 13 89 62 77 93 21 23 19 41 83 76 2 82 15 38 39 89 84 39 5 97 73 67 96 32 61 70 55 23 1 54 55 72 17 28 16 36 56 54 6 7 58 79 73 5 68 81 94 43 29 18 46 90 44 19 97 79 80 96 47 6 45 17 16
11 2 94 97 86 37 93 62 49 84 52 87 53 40 1 45 71 87 59 53 49 30 90 38 16 19 58 31 89 49 100 19 22 64 65 41 33 98 57 64 25 22 90 53 21 64 43 99 87 42 23 97 95 76 40 29 90 85 20 53 7 81 36 94 95 69 79 52 93 85 13 34 95 44 89 85 59 19 89 74 40 98 62 42 37 97 89 94 43 10 94 86 35 97 17 95 77 62 7 62
35 62 6 90 93 72 69 100 25 41 96 72 51 61 81 30 96 43 44 58 57 88 67 40 100 75 56 7 20 89 53 25 51 65 63 65 45 92 93 19 72 80 59 16 90 74 37 3 39 54 95 40 52 26 91 99 78 21 97 87 100 52 80 66 17 15 44 54 37 42 44 48 17 42 16 1 87 96 38 84 52 3 24 24 80 55 3 20 85 91 44 49 81 68 65 44 40 31 51 47
89 18 21 59 26 56 77 50 13 38 99 38 81 43 79 89 45 97 51 59 100 85 16 65 27 83 32 61 93 3 21 17 33 82 58 64 98 61 5 8 42 96 8 61 73 27 85 39 72 11 83 47 59 82 99 45 75 92 99 90 32 28 5 33 61 78 72 27 56 29 32 19 26 90 37 22 86 88 52 51 18 82 29 47 97 35 54 76 32 65 26 67 16 19 71 30 71 91 65 9
91 47 3 99 77 20 76 37 28 89 72 41 4 28 43 80 25 96 63 12 13 99 82 58 96 24 36 36 92 56 67 65 82 72 69 82 82 34 35 66 36 69 38 19 38 62 34 96 85 100 57 21 66 12 33 52 92 10 88 28 97 55 95 57 24 90 12 98 15 94 41 71 32 45 3 92 92 44 23 17 70 27 53 38 13 29 23 26 16 51 63 41 49 1 9 41 45 62 68 48
93 93 99 3 13 34 51 4 79 64 95 36 11 87 93 11 30 79 63 77 46 75 27 16 86 70 84 31 90 24 46 74 47 11 64 2 43 23 39 96 87 29 65 39 7 37 19 51 63 2 2 98 34 30 28 87 66 92 82 65 82 10 7 100 24 24 52 92 56 80 98 91 21 47 77 55 86 80 39 27 93 43 63 49 72 30 21 29 99 70 69 57 33 86 95 95 6 75 34 28
62 37 24 83 93 41 1 63 39 93 27 57 15 45 36 12 76 33 85 66 51 9 44 50 20 49 49 29 54 50 95 55 87 25 96 30 28 96 18 98 100 42 78 84 75 73 26 66 63 51 71 89 19 11 8 47 25 23 20 5 13 87 100 33 53 64 16 6 20 51 66 21 87 22 38 89 75 44 27 65 16 71 90 26 60 72 45 31 19 78 100 76 24 49 11 41 5 56 4 27
46 20 55 92 28 32 61 92 69 2 62 66 72 30 13 52 84 81 60 17 65 51 57 38 20 70 3 8 7 71 68 32 60 3 8 82 3 12 95 87 58 75 28 81 56 30 44 3 82 24 78 62 50 14 52 60 98 91 19 55 78 80 28 69 48 69 61 33 15 58 89 85 37 66 80 21 86 87 16 70 75 54 41 65 58 63 93 93 38 30 28 23 55 76 5 3 84 60 67 52
100 83 67 86 78 99 31 39 3 60 13 13 39 78 70 86 51 35 36 35 84 58 78 28 45 55 28 18 39 88 60 10 26 8 74 61 22 33 30 50 31 67 44 61 95 41 92 49 33 83 5 69 16 74 26 28 78 79 97 57 30 70 58 8 11 83 62 11 86 62 43 44 9 19 29 87 6 76 62 78 61 62 55 96 37 43 25 8 34 34 74 62 74 20 50 56 21 100 78 24
73 65 81 43 1 65 88 21 74 1 88 7 5 40 85 41 7 65 52 33 67 65 30 7 71 97 43 11 33 65 37 38 24 19 39 80 96 11 19 6 89 1 66 15 77 75 95 64 8 22 20 98 82 73 10 16 51 43 19 49 61 94 10 99 86 68 44 19 89 51 86 80 64 77 2 89 60 78 88 81 86 54 5 65 5 75 14 60 62 10 72 9 16 11 97 83 14 61 78 75
84 99 26 39 36 40 15 61 51 85 76 37 34 51 72 70 48 63 84 87 86 43 25 36 35 45 24 3 78 66 79 93 18 29 81 13 69 96 69 21 88 37 80 35 53 40 44 42 67 28 9 25 25 69 35 2 32 25 83 68 56 63 36 50 21 54 53 73 73 97 68 48 56 74 97 3 21 58 9 47 19 93 19 67 70 44 84 47 22 34 31 59 79 56 80 37 8 52 16 1
10 26 40 91 30 6 93 41 14 66 89 30 75 92 31 93 91 36 25 56 49 44 47 95 21 54 41 9 93 29 92 53 14 43 59 1 89 45 8 78 59 54 61 58 83 78 83 90 39 85 15 13 94 42 20 62 54 60 71 62 25 17 44 64 35 29 38 58 40 88 25 82 37 5 31 61 95 61 97 34 67 9 76 62 95 61 49 5 50 46 61 39 57 7 59 85 3 98 54 66
80 96 17 35 50 86 87 89 67 44 62 82 64 22 68 5 76 86 21 96 93 91 69 17 61 91 20 87 3 81 99 89 99 90 51 97 77 25 11 68 97 74 4 12 44 3 12 12 2 81 68 13 52 5 87 49 18 46 41 58 7 12 44 41 97 2 48 97 14 15 73 25 43 43 44 47 99 27 84 11 99 12 69 49 64 6 9 62 46 13 60 60 3 47 43 36 78 11 88 49
59 12 37 66 79 35 47 50 31 13 33 57 27 79 80 78 21 81 3 51 76 76 60 23 31 86 84 60 23 64 89 63 11 49 7 38 10 51 36 16 33 35 78 87 42 41 42 59 6 71 47 82 99 57 69 30 63 45 53 93 21 45 26 72 22 50 56 23 94 44 29 19 12 21 34 27 76 69 34 94 46 11 61 31 36 90 51 26 8 77 12 70 22 33 42 96 80 20 31 12
55 62 68 66 79 71 51 31 54 7 1 23 95 53 99 16 49 78 59 5 36 76 56 25 59 23 35 88 95 67 68 75 85 76 41 19 95 29 90 90 35 40 98 28 77 82 61 30 34 15 89 35 57 11 10 3 33 2 37 20 48 50 24 34 5 38 91 63 32 5 36 32 10 21 45 55 21 99 2 25 22 61 5 58 65 48 42 8 57 59 58 50 33 45 66 45 14 44 94 35
14 30 100 73 99 7 60 67 17 53 44 48 33 82 64 26 65 92 72 80 77 71 22 67 27 19 68 37 24 85 78 78 71 35 42 92 18 54 17 95 72 56 23 52 30 9 67 93 30 50 64 31 71 24 63 42 56 41 8 33 55 21 100 97 30 31 41 87 50 1 52 42 65 83 26 31 43 81 13 1 68 13 92 31 96 51 72 78 17 29 86 28 78 40 11 79 64 66 30 78
55 100 19 98 81 11 37 38 99 66 54 7 12 56 8 4 29 87 67 79 11 87 33 92 36 27 35 77 65 36 89 22 80 31 3 79 48 52 35 95 26 6 84 55 29 97 53 96 19 93 12 21 23 36 68 17 48 89 86 22 14 9 28 68 82 27 74 47 2 30 13 22 62 24 9 95 10 64 26 49 4 95 11 22 99 78 74 38 60 19 4 53 70 81 92 36 7 5 32 42
14 12 58 80 56 26 8 7 5 30 75 32 89 57 28 96 96 6 21 53 6 4 20 100 6 25 85 44 57 18 63 47 93 65 32 49 72 37 50 99 21 19 99 23 90 30 42 39 39 43 52 34 82 64 60 26 34 86 49 31 73 63 100 6 53 10 100 52 59 34 14 96 19 46 96 40 49 35 77 15 40 25 60 92 74 9 2 70 51 56 29 94 10 59 60 5 6 7 70 82
67 10 41 82 25 27 7 66 36 94 15 68 16 18 5 63 7 99 44 42 100 89 79 98 28 96 47 8 17 32 80 99 19 12 30 92 55 74 10 8 20 18 81 89 82 58 66 21 49 93 82 85 67 31 9 11 40 78 77 54 88 42 69 54 18 33 2 96 86 61 46 16 45 79 78 65 66 4 26 18 68 87 10 38 58 2 51 99 94 35 26 52 75 77 26 18 40 87 92 37
87 61 61 19 77 10 32 58 77 66 94 26 31 41 84 1 90 95 77 23 68 84 70 20 72 16 80 48 70 3 48 84 28 28 61 2 22 28 68 43 72 47 75 59 63 76 93 45 6 64 78 1 57 52 26 15 88 36 46 40 63 15 13 25 1 33 14 40 65 84 6 61 65 49 34 73 32 53 23 88 99 74 98 39 46 82 51 35 77 47 76 1 97 23 85 72 2 32 56 38
75 86 11 61 55 50 19 70 89 21 45 1 58 21 66 56 78 96 9 52 6 26 90 12 43 72 92 100 61 98 70 37 56 7 28 18 77 9 100 71 74 86 74 12 16 29 37 20 13 22 59 19 31 100 89 65 16 75 86 82 97 61 33 34 22 2 23 81 79 66 49 79 53 79 29 59 83 43 38 75 80 47 79 80 73 51 68 18 95 71 77 62 22 93 26 44 30 26 95 78
83 97 4 76 70 57 69 81 20 71 27 16 68 83 34 63 2 20 61 72 38 71 63 63 56 54 35 61 67 67 77 48 77 86 91 72 45 16 55 32 27 23 63 90 13 82 98 3 17 79 57 45 59 71 44 71 14 76 39 88 64 7 86 27 97 26 37 1 22 29 34 25 63 65 83 2 62 63 86 31 71 90 44 88 3 80 97 84 37 44 24 90 43 43 91 4 66 16 94 27
70 83 96 83 54 98 47 25 35 87 93 59 90 35 94 22 38 28 4 20 77 17 77 40 52 98 93 8 82 30 98 45 39 7 94 23 57 77 4 60 59 81 18 32 90 97 43 41 71 6 28 39 11 90 72 28 89 11 53 64 47 52 94 47 94 92 40 85 29 51 76 39 100 55 60 12 33 84 34 78 99 88 28 17 86 84 75 1 60 39 42 71 59 39 65 80 11 24 39 8
88 67 51 10 81 59 63 37 7 20 68 39 100 34 70 17 32 18 20 13 47 100 2 42 4 7 21 46 79 29 71 38 99 75 6 49 60 52 72 31 15 23 80 79 81 37 49 99 100 100 13 44 81 66 44 89 48 83 20 7 52 58 23 32 24 71 26 91 86 25 15 39 62 28 75 72 42 30 35 81 81 44 27 64 14 1 77 55 39 42 48 6 41 45 5 41 21 24 100 28
42 79 66 23 74 87 51 15 24 72 73 92 29 43 10 100 37 33 94 87 64 43 79 30 77 6 88 58 16 12 21 65 71 96 12 76 35 85 84 87 44 10 23 51 85 28 53 96 94 10 76 77 41 79 89 30 23 16 97 26 79 57 5 11 43 40 26 72 20 15 51 56 68 66 29 31 74 73 95 23 33 22 81 19 25 4 26 98 16 92 61 21 57 20 14 69 90 74 85 88
43 19 38 13 88 39 93 38 20 54 12 12 25 84 18 72 44 83 5 100 25 38 63 95 14 69 76 40 92 57 44 64 6 83 86 67 74 75 9 72 7 94 43 96 67 29 39 33 97 87 74 25 61 91 57 54 72 1 28 38 96 13 59 7 59 91 10 91 54 41 55 7 18 55 50 33 30 55 98 82 60 82 54 32 30 57 92 98 97 61 49 35 63 40 8 94 71 7 53 40
63 31 32 20 30 19 28 31 99 62 17 24 48 30 32 47 7 14 44 71 59 21 80 38 91 71 72 2 21 66 58 28 91 29 65 37 81 42 57 38 94 8 87 91 69 52 25 92 89 31 86 96 56 41 22 50 79 89 14 34 63 29 52 32 81 74 96 12 43 54 18 31 56 71 48 99 49 68 77 23 19 71 88 41 44 32 54 54 35 75 39 29 11 85 66 32 38 53 72 6
83 14 40 46 61 43 15 71 7 46 80 64 81 7 43 70 10 89 25 60 78 76 18 40 51 25 27 25 63 51 85 73 12 93 54 40 5 81 14 88 46 13 3 21 57 58 88 84 11 30 40 95 58 39 57 9 75 74 43 7 62 8 60 55 66 62 66 59 74 43 76 4 87 1 16 81 19 84 55 82 41 84 36 25 95 70 43 100 73 20 82 66 13 51 1 68 64 1 23 72
9 1 71 3 28 81 3 42 24 52 45 6 48 14 67 90 3 88 87 95 42 70 30 44 42 8 29 53 93 76 52 57 86 56 66 75 84 18 100 43 51 26 31 76 22 47 31 10 76 78 7 29 75 99 67 26 93 28 49 10 4 71 72 81 71 63 58 54 63 73 3 73 74 39 15 33 72 76 38 75 38 23 41 64 38 60 41 95 74 60 37 61 5 94 26 9 40 12 86 83
40 75 79 43 87 38 13 19 47 76 40 71 55 80 68 82 22 20 51 10 44 6 49 72 88 94 34 60 40 19 53 87 12 99 82 2 23 38 30 89 76 80 96 90 53 68 87 33 29 11 67 92 1 13 70 27 74 94 6 33 11 85 1 73 69 95 20 50 30 17 19 88 64 19 77 12 32 5 82 52 76 27 29 22 90 34 61 8 46 6 23 15 45 70 14 99 2 84 81 64
68 7 81 50 18 42 54 9 42 33 78 89 41 4 92 8 2 20 94 87 65 37 88 16 100 88 54 81 71 49 68 91 71 19 26 1 47 5 37 52 26 55 20 44 50 66 13 9 54 9 80 63 37 61 72 57 66 86 6 42 7 71 73 19 73 24 34 41 23 47 53 72 81 94 70 21 57 6 88 68 46 91 91 96 89 90 96 74 85 54 91 93 37 30 17 25 63 53 2 20
100 17 16 91 65 34 69 29 74 12 68 17 93 96 10 58 17 73 52 37 48 26 49 66 92 18 72 27 7 38 32 38 89 98 35 66 69 17 64 31 73 2 43 87 41 19 9 61 32 18 85 92 80 26 60 87 22 13 16 80 90 71 6 36 11 10 98 64 5 39 9 64 26 36 2 87 6 30 33 100 55 93 6 18 98 74 5 49 96 51 28 89 99 8 99 2 94 32 31 23
60 65 10 41 16 65 99 4 43 63 96 19 8 63 87 5 59 76 72 6 30 86 5 85 39 51 72 72 83 15 18 35 40 14 74 63 1 65 20 45 52 23 75 70 16 86 13 70 23 56 86 98 46 15 2 37 47 72 86 100 75 82 15 61 64 99 49 72 49 8 6 69 67 23 3 13 88 71 45 99 40 81 38 16 37 70 52 60 47 19 22 99 50 60 1 3 72 95 64 43
100 72 93 47 24 4 59 65 26 61 60 51 37 99 53 13 81 99 66 34 77 13 13 97 25 43 33 27 76 25 9 17 65 88 55 79 24 36 38 5 64 42 43 100 90 3 59 82 45 67 23 12 15 1 88 26 97 75 5 41 98 76 81 63 62 92 41 28 19 90 48 34 94 93 46 10 32 61 7 44 19 95 87 84 57 38 46 23 95 75 60 24 10 27 94 54 63 42 83 44
73 19 1 60 63 36 73 49 19 10 37 85 83 26 98 8 26 63 64 96 4 55 96 28 23 37 54 74 49 86 99 36 84 74 61 73 91 19 47 70 66 70 14 29 66 32 17 29 59 90 8 59 80 36 15 89 74 28 72 59 66 59 95 4 81 75 4 56 80 83 87 42 41 63 60 56 6 93 13 36 49 71 8 26 65 21 50 34 27 100 72 41 98 12 5 50 90 8 74 41
80 82 85 71 43 38 45 46 73 2 85 12 45 56 61 62 33 2 37 67 78 83 85 36 81 90 76 80 86 3 61 11 39 52 32 43 10 42 15 25 54 68 99 13 70 68 92 45 88 81 46 62 53 63 80 87 98 79 21 85 56 73 33 5 92 33 71 100 85 37 20 2 29 6 95 66 39 64 18 28 35 33 35 55 82 91 15 18 3 6 64 74 33 68 88 76 24 15 90 56
8 6 85 7 76 62 82 46 19 15 12 75 8 88 36 33 31 95 76 9 24 37 37 96 100 8 90 84 65 34 84 49 62 44 91 99 75 15 70 57 5 86 84 71 37 85 81 72 68 29 9 12 92 49 41 16 55 10 75 100 10 99 60 41 68 74 11 53 94 59 82 37 62 68 12 24 83 70 27 48 53 45 2 70 19 47 45 35 80 63 60 26 97 31 65 29 88 63 72 33
