1
100
5 63 71 15 85 83 54 17 93 44 18 43 87 80 11 33 51 65 75 84 53 95 4 60 57 47 48 91 13 89 62 35 21 58 100 99 8 76 70 49 74 98 67 14 73 68 27 31 20 55 61 26 56 23 42 45 40 96 38 7 92 52 66 6 22 24 9 34 39 69 81 97 94 88 46 86 77 78 41 37 32 10 30 59 79 90 25 82 1 64 12 28 3 36 16 50 72 29 19 2
5 63 71 15 85 83 54 17 93 44 18 43 87 80 11 33 51 65 75 84 53 95 4 60 57 47 48 91 13 89 62 35 21 58 100 99 8 76 70 49 74 98 67 14 73 68 27 31 20 55 61 26 56 23 42 45 40 96 38 7 92 52 66 6 22 24 9 34 39 69 81 97 94 88 46 86 77 78 41 37 32 10 30 59 79 90 25 82 1 64 12 28 3 36 16 50 72 29 19 2
5 63 71 15 85 83 54 17 93 44 18 43 87 80 11 33 51 65 75 84 53 95 4 60 57 47 48 91 13 89 62 35 21 58 100 99 8 76 70 49 74 98 67 14 73 68 27 31 20 55 61 26 56 23 42 45 40 96 38 7 92 52 66 6 22 24 9 34 39 69 81 97 94 88 46 86 77 78 41 37 32 10 30 59 79 90 25 82 1 64 12 28 3 36 16 50 72 29 19 2
5 63 71 15 85 83 54 17 93 44 18 43 87 80 11 33 51 65 75 84 53 95 4 60 57 47 48 91 13 89 62 35 21 58 100 99 8 76 70 49 74 98 67 14 73 68 27 31 20 55 61 26 56 23 42 45 40 96 38 7 92 52 66 6 22 24 9 34 39 69 81 97 94 88 46 86 77 78 41 37 32 10 30 59 79 90 25 82 1 64 12 28 3 36 16 50 72 29 19 2
5 63 71 15 85 83 54 17 93 44 18 43 87 80 11 33 51 65 75 84 53 95 4 60 57 47 48 91 13 89 62 35 21 58 100 99 8 76 70 49 74 98 67 14 73 68 27 31 20 55 61 26 56 23 42 45 40 96 38 7 92 52 66 6 22 24 9 34 39 69 81 97 94 88 46 86 77 78 41 37 32 10 30 59 79 90 25 82 1 64 12 28 3 36 16 50 72 29 19 2
5 63 71 15 85 83 54 17 93 44 18 43 87 80 11 33 51 65 75 84 53 95 4 60 57 47 48 91 13 89 62 35 21 58 100 99 8 76 70 49 74 98 67 14 73 68 27 31 20 55 61 26 56 23 42 45 40 96 38 7 92 52 66 6 22 24 9 34 39 69 81 97 94 88 46 86 77 78 41 37 32 10 30 59 79 90 25 82 1 64 12 28 3 36 16 50 72 29 19 2
5 63 71 15 85 83 54 17 93 44 18 43 87 80 11 33 51 65 75 84 53 95 4 60 57 47 48 91 13 89 62 35 21 58 100 99 8 76 70 49 74 98 67 14 73 68 27 31 20 55 61 26 56 23 42 45 40 96 38 7 92 52 66 6 22 24 9 34 39 69 81 97 94 88 46 86 77 78 41 37 32 10 30 59 79 90 25 82 1 64 12 28 3 36 16 50 72 29 19 2
5 63 71 15 85 83 54 17 93 44 18 43 87 80 11 33 51 65 75 84 53 95 4 60 57 47 48 91 13 89 62 35 21 58 100 99 8 76 70 49 74 98 67 14 73 68 27 31 20 55 61 26 56 23 42 45 40 96 38 7 92 52 66 6 22 24 9 34 39 69 81 97 94 88 46 86 77 78 41 37 32 10 30 59 79 90 25 82 1 64 12 28 3 36 16 50 72 29 19 2
5 63 71 15 85 83 54 17 93 44 18 43 87 80 11 33 51 65 75 84 53 95 4 60 57 47 48 91 13 89 62 35 21 58 100 99 8 76 70 49 74 98 67 14 73 68 27 31 20 55 61 26 56 23 42 45 40 96 38 7 92 52 66 6 22 24 9 34 39 69 81 97 94 88 46 86 77 78 41 37 32 10 30 59 79 90 25 82 1 64 12 28 3 36 16 50 72 29 19 2
5 63 71 15 85 83 54 17 93 44 18 43 87 80 11 33 51 65 75 84 53 95 4 60 57 47 48 91 13 89 62 35 21 58 100 99 8 76 70 49 74 98 67 14 73 68 27 31 20 55 61 26 56 23 42 45 40 96 38 7 92 52 66 6 22 24 9 34 39 69 81 97 94 88 46 86 77 78 41 37 32 10 30 59 79 90 25 82 1 64 12 28 3 36 16 50 72 29 19 2
5 63 71 15 85 83 54 17 93 44 18 43 87 80 11 33 51 65 75 84 53 95 4 60 57 47 48 91 13 89 62 35 21 58 100 99 8 76 70 49 74 98 67 14 73 68 27 31 20 55 61 26 56 23 42 45 40 96 38 7 92 52 66 6 22 24 9 34 39 69 81 97 94 88 46 86 77 78 41 37 32 10 30 59 79 90 25 82 1 64 12 28 3 36 16 50 72 29 19 2
5 63 71 15 85 83 54 17 93 44 18 43 87 80 11 33 51 65 75 84 53 95 4 60 57 47 48 91 13 89 62 35 21 58 100 99 8 76 70 49 74 98 67 14 73 68 27 31 20 55 61 26 56 23 42 45 40 96 38 7 92 52 66 6 22 24 9 34 39 69 81 97 94 88 46 86 77 78 41 37 32 10 30 59 79 90 25 82 1 64 12 28 3 36 16 50 72 29 19 2
5 63 71 15 85 83 54 17 93 44 18 43 87 80 11 33 51 65 75 84 53 95 4 60 57 47 48 91 13 89 62 35 21 58 100 99 8 76 70 49 74 98 67 14 73 68 27 31 20 55 61 26 56 23 42 45 40 96 38 7 92 52 66 6 22 24 9 34 39 69 81 97 94 88 46 86 77 78 41 37 32 10 30 59 79 90 25 82 1 64 12 28 3 36 16 50 72 29 19 2
5 63 71 15 85 83 54 17 93 44 18 43 87 80 11 33 51 65 75 84 53 95 4 60 57 47 48 91 13 89 62 35 21 58 100 99 8 76 70 49 74 98 67 14 73 68 27 31 20 55 61 26 56 23 42 45 40 96 38 7 92 52 66 6 22 24 9 34 39 69 81 97 94 88 46 86 77 78 41 37 32 10 30 59 79 90 25 82 1 64 12 28 3 36 16 50 72 29 19 2
5 63 71 15 85 83 54 17 93 44 18 43 87 80 11 33 51 65 75 84 53 95 4 60 57 47 48 91 13 89 62 35 21 58 100 99 8 76 70 49 74 98 67 14 73 68 27 31 20 55 61 26 56 23 42 45 40 96 38 7 92 52 66 6 22 24 9 34 39 69 81 97 94 88 46 86 77 78 41 37 32 10 30 59 79 90 25 82 1 64 12 28 3 36 16 50 72 29 19 2
5 63 71 15 85 83 54 17 93 44 18 43 87 80 11 33 51 65 75 84 53 95 4 60 57 47 48 91 13 89 62 35 21 58 100 99 8 76 70 49 74 98 67 14 73 68 27 31 20 55 61 26 56 23 42 45 40 96 38 7 92 52 66 6 22 24 9 34 39 69 81 97 94 88 46 86 77 78 41 37 32 10 30 59 79 90 25 82 1 64 12 28 3 36 16 50 72 29 19 2
5 63 71 15 85 83 54 17 93 44 18 43 87 80 11 33 51 65 75 84 53 95 4 60 57 47 48 91 13 89 62 35 21 58 100 99 8 76 70 49 74 98 67 14 73 68 27 31 20 55 61 26 56 23 42 45 40 96 38 7 92 52 66 6 22 24 9 34 39 69 81 97 94 88 46 86 77 78 41 37 32 10 30 59 79 90 25 82 1 64 12 28 3 36 16 50 72 29 19 2
5 63 71 15 85 83 54 17 93 44 18 43 87 80 11 33 51 65 75 84 53 95 4 60 57 47 48 91 13 89 62 35 21 58 100 99 8 76 70 49 74 98 67 14 73 68 27 31 20 55 61 26 56 23 42 45 40 96 38 7 92 52 66 6 22 24 9 34 39 69 81 97 94 88 46 86 77 78 41 37 32 10 30 59 79 90 25 82 1 64 12 28 3 36 16 50 72 29 19 2
5 63 71 15 85 83 54 17 93 44 18 43 87 80 11 33 51 65 75 84 53 95 4 60 57 47 48 91 13 89 62 35 21 58 100 99 8 76 70 49 74 98 67 14 73 68 27 31 20 55 61 26 56 23 42 45 40 96 38 7 92 52 66 6 22 24 9 34 39 69 81 97 94 88 46 86 77 78 41 37 32 10 30 59 79 90 25 82 1 64 12 28 3 36 16 50 72 29 19 2
5 63 71 15 85 83 54 17 93 44 18 43 87 80 11 33 51 65 75 84 53 95 4 60 57 47 48 91 13 89 62 35 21 58 100 99 8 76 70 49 74 98 67 14 73 68 27 31 20 55 61 26 56 23 42 45 40 96 38 7 92 52 66 6 22 24 9 34 39 69 81 97 94 88 46 86 77 78 41 37 32 10 30 59 79 90 25 82 1 64 12 28 3 36 16 50 72 29 19 2
5 63 71 15 85 83 54 17 93 44 18 43 87 80 11 33 51 65 75 84 53 95 4 60 57 47 48 91 13 89 62 35 21 58 100 99 8 76 70 49 74 98 67 14 73 68 27 31 20 55 61 26 56 23 42 45 40 96 38 7 92 52 66 6 22 24 9 34 39 69 81 97 94 88 46 86 77 78 41 37 32 10 30 59 79 90 25 82 1 64 12 28 3 36 16 50 72 29 19 2
5 63 71 15 85 83 54 17 93 44 18 43 87 80 11 33 51 65 75 84 53 95 4 60 57 47 48 91 13 89 62 35 21 58 100 99 8 76 70 49 74 98 67 14 73 68 27 31 20 55 61 26 56 23 42 45 40 96 38 7 92 52 66 6 22 24 9 34 39 69 81 97 94 88 46 86 77 78 41 37 32 10 30 59 79 90 25 82 1 64 12 28 3 36 16 50 72 29 19 2
5 63 71 15 85 83 54 17 93 44 18 43 87 80 11 33 51 65 75 84 53 95 4 60 57 47 48 91 13 89 62 35 21 58 100 99 8 76 70 49 74 98 67 14 73 68 27 31 20 55 61 26 56 23 42 45 40 96 38 7 92 52 66 6 22 24 9 34 39 69 81 97 94 88 46 86 77 78 41 37 32 10 30 59 79 90 25 82 1 64 12 28 3 36 16 50 72 29 19 2
5 63 71 15 85 83 54 17 93 44 18 43 87 80 11 33 51 65 75 84 53 95 4 60 57 47 48 91 13 89 62 35 21 58 100 99 8 76 70 49 74 98 67 14 73 68 27 31 20 55 61 26 56 23 42 45 40 96 38 7 92 52 66 6 22 24 9 34 39 69 81 97 94 88 46 86 77 78 41 37 32 10 30 59 79 90 25 82 1 64 12 28 3 36 16 50 72 29 19 2
5 63 71 15 85 83 54 17 93 44 18 43 87 80 11 33 51 65 75 84 53 95 4 60 57 47 48 91 13 89 62 35 21 58 100 99 8 76 70 49 74 98 67 14 73 68 27 31 20 55 61 26 56 23 42 45 40 96 38 7 92 52 66 6 22 24 9 34 39 69 81 97 94 88 46 86 77 78 41 37 32 10 30 59 79 90 25 82 1 64 12 28 3 36 16 50 72 29 19 2
5 63 71 15 85 83 54 17 93 44 18 43 87 80 11 33 51 65 75 84 53 95 4 60 57 47 48 91 13 89 62 35 21 58 100 99 8 76 70 49 74 98 67 14 73 68 27 31 20 55 61 26 56 23 42 45 40 96 38 7 92 52 66 6 22 24 9 34 39 69 81 97 94 88 46 86 77 78 41 37 32 10 30 59 79 90 25 82 1 64 12 28 3 36 16 50 72 29 19 2
5 63 71 15 85 83 54 17 93 44 18 43 87 80 11 33 51 65 75 84 53 95 4 60 57 47 48 91 13 89 62 35 21 58 100 99 8 76 70 49 74 98 67 14 73 68 27 31 20 55 61 26 56 23 42 45 40 96 38 7 92 52 66 6 22 24 9 34 39 69 81 97 94 88 46 86 77 78 41 37 32 10 30 59 79 90 25 82 1 64 12 28 3 36 16 50 72 29 19 2
5 63 71 15 85 83 54 17 93 44 18 43 87 80 11 33 51 65 75 84 53 95 4 60 57 47 48 91 13 89 62 35 21 58 100 99 8 76 70 49 74 98 67 14 73 68 27 31 20 55 61 26 56 23 42 45 40 96 38 7 92 52 66 6 22 24 9 34 39 69 81 97 94 88 46 86 77 78 41 37 32 10 30 59 79 90 25 82 1 64 12 28 3 36 16 50 72 29 19 2
5 63 71 15 85 83 54 17 93 44 18 43 87 80 11 33 51 65 75 84 53 95 4 60 57 47 48 91 13 89 62 35 21 58 100 99 8 76 70 49 74 98 67 14 73 68 27 31 20 55 61 26 56 23 42 45 40 96 38 7 92 52 66 6 22 24 9 34 39 69 81 97 94 88 46 86 77 78 41 37 32 10 30 59 79 90 25 82 1 64 12 28 3 36 16 50 72 29 19 2
5 63 71 15 85 83 54 17 93 44 18 43 87 80 11 33 51 65 75 84 53 95 4 60 57 47 48 91 13 89 62 35 21 58 100 99 8 76 70 49 74 98 67 14 73 68 27 31 20 55 61 26 56 23 42 45 40 96 38 7 92 52 66 6 22 24 9 34 39 69 81 97 94 88 46 86 77 78 41 37 32 10 30 59 79 90 25 82 1 64 12 28 3 36 16 50 72 29 19 2
5 63 71 15 85 83 54 17 93 44 18 43 87 80 11 33 51 65 75 84 53 95 4 60 57 47 48 91 13 89 62 35 21 58 100 99 8 76 70 49 74 98 67 14 73 68 27 31 20 55 61 26 56 23 42 45 40 96 38 7 92 52 66 6 22 24 9 34 39 69 81 97 94 88 46 86 77 78 41 37 32 10 30 59 79 90 25 82 1 64 12 28 3 36 16 50 72 29 19 2
5 63 71 15 85 83 54 17 93 44 18 43 87 80 11 33 51 65 75 84 53 95 4 60 57 47 48 91 13 89 62 35 21 58 100 99 8 76 70 49 74 98 67 14 73 68 27 31 20 55 61 26 56 23 42 45 40 96 38 7 92 52 66 6 22 24 9 34 39 69 81 97 94 88 46 86 77 78 41 37 32 10 30 59 79 90 25 82 1 64 12 28 3 36 16 50 72 29 19 2
5 63 71 15 85 83 54 17 93 44 18 43 87 80 11 33 51 65 75 84 53 95 4 60 57 47 48 91 13 89 62 35 21 58 100 99 8 76 70 49 74 98 67 14 73 68 27 31 20 55 61 26 56 23 42 45 40 96 38 7 92 52 66 6 22 24 9 34 39 69 81 97 94 88 46 86 77 78 41 37 32 10 30 59 79 90 25 82 1 64 12 28 3 36 16 50 72 29 19 2
5 63 71 15 85 83 54 17 93 44 18 43 87 80 11 33 51 65 75 84 53 95 4 60 57 47 48 91 13 89 62 35 21 58 100 99 8 76 70 49 74 98 67 14 73 68 27 31 20 55 61 26 56 23 42 45 40 96 38 7 92 52 66 6 22 24 9 34 39 69 81 97 94 88 46 86 77 78 41 37 32 10 30 59 79 90 25 82 1 64 12 28 3 36 16 50 72 29 19 2
5 63 71 15 85 83 54 17 93 44 18 43 87 80 11 33 51 65 75 84 53 95 4 60 57 47 48 91 13 89 62 35 21 58 100 99 8 76 70 49 74 98 67 14 73 68 27 31 20 55 61 26 56 23 42 45 40 96 38 7 92 52 66 6 22 24 9 34 39 69 81 97 94 88 46 86 77 78 41 37 32 10 30 59 79 90 25 82 1 64 12 28 3 36 16 50 72 29 19 2
5 63 71 15 85 83 54 17 93 44 18 43 87 80 11 33 51 65 75 84 53 95 4 60 57 47 48 91 13 89 62 35 21 58 100 99 8 76 70 49 74 98 67 14 73 68 27 31 20 55 61 26 56 23 42 45 40 96 38 7 92 52 66 6 22 24 9 34 39 69 81 97 94 88 46 86 77 78 41 37 32 10 30 59 79 90 25 82 1 64 12 28 3 36 16 50 72 29 19 2
5 63 71 15 85 83 54 17 93 44 18 43 87 80 11 33 51 65 75 84 53 95 4 60 57 47 48 91 13 89 62 35 21 58 100 99 8 76 70 49 74 98 67 14 73 68 27 31 20 55 61 26 56 23 42 45 40 96 38 7 92 52 66 6 22 24 9 34 39 69 81 97 94 88 46 86 77 78 41 37 32 10 30 59 79 90 25 82 1 64 12 28 3 36 16 50 72 29 19 2
5 63 71 15 85 83 54 17 93 44 18 43 87 80 11 33 51 65 75 84 53 95 4 60 57 47 48 91 13 89 62 35 21 58 100 99 8 76 70 49 74 98 67 14 73 68 27 31 20 55 61 26 56 23 42 45 40 96 38 7 92 52 66 6 22 24 9 34 39 69 81 97 94 88 46 86 77 78 41 37 32 10 30 59 79 90 25 82 1 64 12 28 3 36 16 50 72 29 19 2
5 63 71 15 85 83 54 17 93 44 18 43 87 80 11 33 51 65 75 84 53 95 4 60 57 47 48 91 13 89 62 35 21 58 100 99 8 76 70 49 74 98 67 14 73 68 27 31 20 55 61 26 56 23 42 45 40 96 38 7 92 52 66 6 22 24 9 34 39 69 81 97 94 88 46 86 77 78 41 37 32 10 30 59 79 90 25 82 1 64 12 28 3 36 16 50 72 29 19 2
5 63 71 15 85 83 54 17 93 44 18 43 87 80 11 33 51 65 75 84 53 95 4 60 57 47 48 91 13 89 62 35 21 58 100 99 8 76 70 49 74 98 67 14 73 68 27 31 20 55 61 26 56 23 42 45 40 96 38 7 92 52 66 6 22 24 9 34 39 69 81 97 94 88 46 86 77 78 41 37 32 10 30 59 79 90 25 82 1 64 12 28 3 36 16 50 72 29 19 2
5 63 71 15 85 83 54 17 93 44 18 43 87 80 11 33 51 65 75 84 53 95 4 60 57 47 48 91 13 89 62 35 21 58 100 99 8 76 70 49 74 98 67 14 73 68 27 31 20 55 61 26 56 23 42 45 40 96 38 7 92 52 66 6 22 24 9 34 39 69 81 97 94 88 46 86 77 78 41 37 32 10 30 59 79 90 25 82 1 64 12 28 3 36 16 50 72 29 19 2
5 63 71 15 85 83 54 17 93 44 18 43 87 80 11 33 51 65 75 84 53 95 4 60 57 47 48 91 13 89 62 35 21 58 100 99 8 76 70 49 74 98 67 14 73 68 27 31 20 55 61 26 56 23 42 45 40 96 38 7 92 52 66 6 22 24 9 34 39 69 81 97 94 88 46 86 77 78 41 37 32 10 30 59 79 90 25 82 1 64 12 28 3 36 16 50 72 29 19 2
5 63 71 15 85 83 54 17 93 44 18 43 87 80 11 33 51 65 75 84 53 95 4 60 57 47 48 91 13 89 62 35 21 58 100 99 8 76 70 49 74 98 67 14 73 68 27 31 20 55 61 26 56 23 42 45 40 96 38 7 92 52 66 6 22 24 9 34 39 69 81 97 94 88 46 86 77 78 41 37 32 10 30 59 79 90 25 82 1 64 12 28 3 36 16 50 72 29 19 2
5 63 71 15 85 83 54 17 93 44 18 43 87 80 11 33 51 65 75 84 53 95 4 60 57 47 48 91 13 89 62 35 21 58 100 99 8 76 70 49 74 98 67 14 73 68 27 31 20 55 61 26 56 23 42 45 40 96 38 7 92 52 66 6 22 24 9 34 39 69 81 97 94 88 46 86 77 78 41 37 32 10 30 59 79 90 25 82 1 64 12 28 3 36 16 50 72 29 19 2
5 63 71 15 85 83 54 17 93 44 18 43 87 80 11 33 51 65 75 84 53 95 4 60 57 47 48 91 13 89 62 35 21 58 100 99 8 76 70 49 74 98 67 14 73 68 27 31 20 55 61 26 56 23 42 45 40 96 38 7 92 52 66 6 22 24 9 34 39 69 81 97 94 88 46 86 77 78 41 37 32 10 30 59 79 90 25 82 1 64 12 28 3 36 16 50 72 29 19 2
5 63 71 15 85 83 54 17 93 44 18 43 87 80 11 33 51 65 75 84 53 95 4 60 57 47 48 91 13 89 62 35 21 58 100 99 8 76 70 49 74 98 67 14 73 68 27 31 20 55 61 26 56 23 42 45 40 96 38 7 92 52 66 6 22 24 9 34 39 69 81 97 94 88 46 86 77 78 41 37 32 10 30 59 79 90 25 82 1 64 12 28 3 36 16 50 72 29 19 2
5 63 71 15 85 83 54 17 93 44 18 43 87 80 11 33 51 65 75 84 53 95 4 60 57 47 48 91 13 89 62 35 21 58 100 99 8 76 70 49 74 98 67 14 73 68 27 31 20 55 61 26 56 23 42 45 40 96 38 7 92 52 66 6 22 24 9 34 39 69 81 97 94 88 46 86 77 78 41 37 32 10 30 59 79 90 25 82 1 64 12 28 3 36 16 50 72 29 19 2
5 63 71 15 85 83 54 17 93 44 18 43 87 80 11 33 51 65 75 84 53 95 4 60 57 47 48 91 13 89 62 35 21 58 100 99 8 76 70 49 74 98 67 14 73 68 27 31 20 55 61 26 56 23 42 45 40 96 38 7 92 52 66 6 22 24 9 34 39 69 81 97 94 88 46 86 77 78 41 37 32 10 30 59 79 90 25 82 1 64 12 28 3 36 16 50 72 29 19 2
5 63 71 15 85 83 54 17 93 44 18 43 87 80 11 33 51 65 75 84 53 95 4 60 57 47 48 91 13 89 62 35 21 58 100 99 8 76 70 49 74 98 67 14 73 68 27 31 20 55 61 26 56 23 42 45 40 96 38 7 92 52 66 6 22 24 9 34 39 69 81 97 94 88 46 86 77 78 41 37 32 10 30 59 79 90 25 82 1 64 12 28 3 36 16 50 72 29 19 2
5 63 71 15 85 83 54 17 93 44 18 43 87 80 11 33 51 65 75 84 53 95 4 60 57 47 48 91 13 89 62 35 21 58 100 99 8 76 70 49 74 98 67 14 73 68 27 31 20 55 61 26 56 23 42 45 40 96 38 7 92 52 66 6 22 24 9 34 39 69 81 97 94 88 46 86 77 78 41 37 32 10 30 59 79 90 25 82 1 64 12 28 3 36 16 50 72 29 19 2
5 63 71 15 85 83 54 17 93 44 18 43 87 80 11 33 51 65 75 84 53 95 4 60 57 47 48 91 13 89 62 35 21 58 100 99 8 76 70 49 74 98 67 14 73 68 27 31 20 55 61 26 56 23 42 45 40 96 38 7 92 52 66 6 22 24 9 34 39 69 81 97 94 88 46 86 77 78 41 37 32 10 30 59 79 90 25 82 1 64 12 28 3 36 16 50 72 29 19 2
5 63 71 15 85 83 54 17 93 44 18 43 87 80 11 33 51 65 75 84 53 95 4 60 57 47 48 91 13 89 62 35 21 58 100 99 8 76 70 49 74 98 67 14 73 68 27 31 20 55 61 26 56 23 42 45 40 96 38 7 92 52 66 6 22 24 9 34 39 69 81 97 94 88 46 86 77 78 41 37 32 10 30 59 79 90 25 82 1 64 12 28 3 36 16 50 72 29 19 2
5 63 71 15 85 83 54 17 93 44 18 43 87 80 11 33 51 65 75 84 53 95 4 60 57 47 48 91 13 89 62 35 21 58 100 99 8 76 70 49 74 98 67 14 73 68 27 31 20 55 61 26 56 23 42 45 40 96 38 7 92 52 66 6 22 24 9 34 39 69 81 97 94 88 46 86 77 78 41 37 32 10 30 59 79 90 25 82 1 64 12 28 3 36 16 50 72 29 19 2
5 63 71 15 85 83 54 17 93 44 18 43 87 80 11 33 51 65 75 84 53 95 4 60 57 47 48 91 13 89 62 35 21 58 100 99 8 76 70 49 74 98 67 14 73 68 27 31 20 55 61 26 56 23 42 45 40 96 38 7 92 52 66 6 22 24 9 34 39 69 81 97 94 88 46 86 77 78 41 37 32 10 30 59 79 90 25 82 1 64 12 28 3 36 16 50 72 29 19 2
5 63 71 15 85 83 54 17 93 44 18 43 87 80 11 33 51 65 75 84 53 95 4 60 57 47 48 91 13 89 62 35 21 58 100 99 8 76 70 49 74 98 67 14 73 68 27 31 20 55 61 26 56 23 42 45 40 96 38 7 92 52 66 6 22 24 9 34 39 69 81 97 94 88 46 86 77 78 41 37 32 10 30 59 79 90 25 82 1 64 12 28 3 36 16 50 72 29 19 2
5 63 71 15 85 83 54 17 93 44 18 43 87 80 11 33 51 65 75 84 53 95 4 60 57 47 48 91 13 89 62 35 21 58 100 99 8 76 70 49 74 98 67 14 73 68 27 31 20 55 61 26 56 23 42 45 40 96 38 7 92 52 66 6 22 24 9 34 39 69 81 97 94 88 46 86 77 78 41 37 32 10 30 59 79 90 25 82 1 64 12 28 3 36 16 50 72 29 19 2
5 63 71 15 85 83 54 17 93 44 18 43 87 80 11 33 51 65 75 84 53 95 4 60 57 47 48 91 13 89 62 35 21 58 100 99 8 76 70 49 74 98 67 14 73 68 27 31 20 55 61 26 56 23 42 45 40 96 38 7 92 52 66 6 22 24 9 34 39 69 81 97 94 88 46 86 77 78 41 37 32 10 30 59 79 90 25 82 1 64 12 28 3 36 16 50 72 29 19 2
5 63 71 15 85 83 54 17 93 44 18 43 87 80 11 33 51 65 75 84 53 95 4 60 57 47 48 91 13 89 62 35 21 58 100 99 8 76 70 49 74 98 67 14 73 68 27 31 20 55 61 26 56 23 42 45 40 96 38 7 92 52 66 6 22 24 9 34 39 69 81 97 94 88 46 86 77 78 41 37 32 10 30 59 79 90 25 82 1 64 12 28 3 36 16 50 72 29 19 2
5 63 71 15 85 83 54 17 93 44 18 43 87 80 11 33 51 65 75 84 53 95 4 60 57 47 48 91 13 89 62 35 21 58 100 99 8 76 70 49 74 98 67 14 73 68 27 31 20 55 61 26 56 23 42 45 40 96 38 7 92 52 66 6 22 24 9 34 39 69 81 97 94 88 46 86 77 78 41 37 32 10 30 59 79 90 25 82 1 64 12 28 3 36 16 50 72 29 19 2
5 63 71 15 85 83 54 17 93 44 18 43 87 80 11 33 51 65 75 84 53 95 4 60 57 47 48 91 13 89 62 35 21 58 100 99 8 76 70 49 74 98 67 14 73 68 27 31 20 55 61 26 56 23 42 45 40 96 38 7 92 52 66 6 22 24 9 34 39 69 81 97 94 88 46 86 77 78 41 37 32 10 30 59 79 90 25 82 1 64 12 28 3 36 16 50 72 29 19 2
5 63 71 15 85 83 54 17 93 44 18 43 87 80 11 33 51 65 75 84 53 95 4 60 57 47 48 91 13 89 62 35 21 58 100 99 8 76 70 49 74 98 67 14 73 68 27 31 20 55 61 26 56 23 42 45 40 96 38 7 92 52 66 6 22 24 9 34 39 69 81 97 94 88 46 86 77 78 41 37 32 10 30 59 79 90 25 82 1 64 12 28 3 36 16 50 72 29 19 2
5 63 71 15 85 83 54 17 93 44 18 43 87 80 11 33 51 65 75 84 53 95 4 60 57 47 48 91 13 89 62 35 21 58 100 99 8 76 70 49 74 98 67 14 73 68 27 31 20 55 61 26 56 23 42 45 40 96 38 7 92 52 66 6 22 24 9 34 39 69 81 97 94 88 46 86 77 78 41 37 32 10 30 59 79 90 25 82 1 64 12 28 3 36 16 50 72 29 19 2
5 63 71 15 85 83 54 17 93 44 18 43 87 80 11 33 51 65 75 84 53 95 4 60 57 47 48 91 13 89 62 35 21 58 100 99 8 76 70 49 74 98 67 14 73 68 27 31 20 55 61 26 56 23 42 45 40 96 38 7 92 52 66 6 22 24 9 34 39 69 81 97 94 88 46 86 77 78 41 37 32 10 30 59 79 90 25 82 1 64 12 28 3 36 16 50 72 29 19 2
5 63 71 15 85 83 54 17 93 44 18 43 87 80 11 33 51 65 75 84 53 95 4 60 57 47 48 91 13 89 62 35 21 58 100 99 8 76 70 49 74 98 67 14 73 68 27 31 20 55 61 26 56 23 42 45 40 96 38 7 92 52 66 6 22 24 9 34 39 69 81 97 94 88 46 86 77 78 41 37 32 10 30 59 79 90 25 82 1 64 12 28 3 36 16 50 72 29 19 2
5 63 71 15 85 83 54 17 93 44 18 43 87 80 11 33 51 65 75 84 53 95 4 60 57 47 48 91 13 89 62 35 21 58 100 99 8 76 70 49 74 98 67 14 73 68 27 31 20 55 61 26 56 23 42 45 40 96 38 7 92 52 66 6 22 24 9 34 39 69 81 97 94 88 46 86 77 78 41 37 32 10 30 59 79 90 25 82 1 64 12 28 3 36 16 50 72 29 19 2
5 63 71 15 85 83 54 17 93 44 18 43 87 80 11 33 51 65 75 84 53 95 4 60 57 47 48 91 13 89 62 35 21 58 100 99 8 76 70 49 74 98 67 14 73 68 27 31 20 55 61 26 56 23 42 45 40 96 38 7 92 52 66 6 22 24 9 34 39 69 81 97 94 88 46 86 77 78 41 37 32 10 30 59 79 90 25 82 1 64 12 28 3 36 16 50 72 29 19 2
5 63 71 15 85 83 54 17 93 44 18 43 87 80 11 33 51 65 75 84 53 95 4 60 57 47 48 91 13 89 62 35 21 58 100 99 8 76 70 49 74 98 67 14 73 68 27 31 20 55 61 26 56 23 42 45 40 96 38 7 92 52 66 6 22 24 9 34 39 69 81 97 94 88 46 86 77 78 41 37 32 10 30 59 79 90 25 82 1 64 12 28 3 36 16 50 72 29 19 2
5 63 71 15 85 83 54 17 93 44 18 43 87 80 11 33 51 65 75 84 53 95 4 60 57 47 48 91 13 89 62 35 21 58 100 99 8 76 70 49 74 98 67 14 73 68 27 31 20 55 61 26 56 23 42 45 40 96 38 7 92 52 66 6 22 24 9 34 39 69 81 97 94 88 46 86 77 78 41 37 32 10 30 59 79 90 25 82 1 64 12 28 3 36 16 50 72 29 19 2
5 63 71 15 85 83 54 17 93 44 18 43 87 80 11 33 51 65 75 84 53 95 4 60 57 47 48 91 13 89 62 35 21 58 100 99 8 76 70 49 74 98 67 14 73 68 27 31 20 55 61 26 56 23 42 45 40 96 38 7 92 52 66 6 22 24 9 34 39 69 81 97 94 88 46 86 77 78 41 37 32 10 30 59 79 90 25 82 1 64 12 28 3 36 16 50 72 29 19 2
5 63 71 15 85 83 54 17 93 44 18 43 87 80 11 33 51 65 75 84 53 95 4 60 57 47 48 91 13 89 62 35 21 58 100 99 8 76 70 49 74 98 67 14 73 68 27 31 20 55 61 26 56 23 42 45 40 96 38 7 92 52 66 6 22 24 9 34 39 69 81 97 94 88 46 86 77 78 41 37 32 10 30 59 79 90 25 82 1 64 12 28 3 36 16 50 72 29 19 2
5 63 71 15 85 83 54 17 93 44 18 43 87 80 11 33 51 65 75 84 53 95 4 60 57 47 48 91 13 89 62 35 21 58 100 99 8 76 70 49 74 98 67 14 73 68 27 31 20 55 61 26 56 23 42 45 40 96 38 7 92 52 66 6 22 24 9 34 39 69 81 97 94 88 46 86 77 78 41 37 32 10 30 59 79 90 25 82 1 64 12 28 3 36 16 50 72 29 19 2
5 63 71 15 85 83 54 17 93 44 18 43 87 80 11 33 51 65 75 84 53 95 4 60 57 47 48 91 13 89 62 35 21 58 100 99 8 76 70 49 74 98 67 14 73 68 27 31 20 55 61 26 56 23 42 45 40 96 38 7 92 52 66 6 22 24 9 34 39 69 81 97 94 88 46 86 77 78 41 37 32 10 30 59 79 90 25 82 1 64 12 28 3 36 16 50 72 29 19 2
5 63 71 15 85 83 54 17 93 44 18 43 87 80 11 33 51 65 75 84 53 95 4 60 57 47 48 91 13 89 62 35 21 58 100 99 8 76 70 49 74 98 67 14 73 68 27 31 20 55 61 26 56 23 42 45 40 96 38 7 92 52 66 6 22 24 9 34 39 69 81 97 94 88 46 86 77 78 41 37 32 10 30 59 79 90 25 82 1 64 12 28 3 36 16 50 72 29 19 2
5 63 71 15 85 83 54 17 93 44 18 43 87 80 11 33 51 65 75 84 53 95 4 60 57 47 48 91 13 89 62 35 21 58 100 99 8 76 70 49 74 98 67 14 73 68 27 31 20 55 61 26 56 23 42 45 40 96 38 7 92 52 66 6 22 24 9 34 39 69 81 97 94 88 46 86 77 78 41 37 32 10 30 59 79 90 25 82 1 64 12 28 3 36 16 50 72 29 19 2
5 63 71 15 85 83 54 17 93 44 18 43 87 80 11 33 51 65 75 84 53 95 4 60 57 47 48 91 13 89 62 35 21 58 100 99 8 76 70 49 74 98 67 14 73 68 27 31 20 55 61 26 56 23 42 45 40 96 38 7 92 52 66 6 22 24 9 34 39 69 81 97 94 88 46 86 77 78 41 37 32 10 30 59 79 90 25 82 1 64 12 28 3 36 16 50 72 29 19 2
5 63 71 15 85 83 54 17 93 44 18 43 87 80 11 33 51 65 75 84 53 95 4 60 57 47 48 91 13 89 62 35 21 58 100 99 8 76 70 49 74 98 67 14 73 68 27 31 20 55 61 26 56 23 42 45 40 96 38 7 92 52 66 6 22 24 9 34 39 69 81 97 94 88 46 86 77 78 41 37 32 10 30 59 79 90 25 82 1 64 12 28 3 36 16 50 72 29 19 2
5 63 71 15 85 83 54 17 93 44 18 43 87 80 11 33 51 65 75 84 53 95 4 60 57 47 48 91 13 89 62 35 21 58 100 99 8 76 70 49 74 98 67 14 73 68 27 31 20 55 61 26 56 23 42 45 40 96 38 7 92 52 66 6 22 24 9 34 39 69 81 97 94 88 46 86 77 78 41 37 32 10 30 59 79 90 25 82 1 64 12 28 3 36 16 50 72 29 19 2
5 63 71 15 85 83 54 17 93 44 18 43 87 80 11 33 51 65 75 84 53 95 4 60 57 47 48 91 13 89 62 35 21 58 100 99 8 76 70 49 74 98 67 14 73 68 27 31 20 55 61 26 56 23 42 45 40 96 38 7 92 52 66 6 22 24 9 34 39 69 81 97 94 88 46 86 77 78 41 37 32 10 30 59 79 90 25 82 1 64 12 28 3 36 16 50 72 29 19 2
5 63 71 15 85 83 54 17 93 44 18 43 87 80 11 33 51 65 75 84 53 95 4 60 57 47 48 91 13 89 62 35 21 58 100 99 8 76 70 49 74 98 67 14 73 68 27 31 20 55 61 26 56 23 42 45 40 96 38 7 92 52 66 6 22 24 9 34 39 69 81 97 94 88 46 86 77 78 41 37 32 10 30 59 79 90 25 82 1 64 12 28 3 36 16 50 72 29 19 2
5 63 71 15 85 83 54 17 93 44 18 43 87 80 11 33 51 65 75 84 53 95 4 60 57 47 48 91 13 89 62 35 21 58 100 99 8 76 70 49 74 98 67 14 73 68 27 31 20 55 61 26 56 23 42 45 40 96 38 7 92 52 66 6 22 24 9 34 39 69 81 97 94 88 46 86 77 78 41 37 32 10 30 59 79 90 25 82 1 64 12 28 3 36 16 50 72 29 19 2
5 63 71 15 85 83 54 17 93 44 18 43 87 80 11 33 51 65 75 84 53 95 4 60 57 47 48 91 13 89 62 35 21 58 100 99 8 76 70 49 74 98 67 14 73 68 27 31 20 55 61 26 56 23 42 45 40 96 38 7 92 52 66 6 22 24 9 34 39 69 81 97 94 88 46 86 77 78 41 37 32 10 30 59 79 90 25 82 1 64 12 28 3 36 16 50 72 29 19 2
5 63 71 15 85 83 54 17 93 44 18 43 87 80 11 33 51 65 75 84 53 95 4 60 57 47 48 91 13 89 62 35 21 58 100 99 8 76 70 49 74 98 67 14 73 68 27 31 20 55 61 26 56 23 42 45 40 96 38 7 92 52 66 6 22 24 9 34 39 69 81 97 94 88 46 86 77 78 41 37 32 10 30 59 79 90 25 82 1 64 12 28 3 36 16 50 72 29 19 2
5 63 71 15 85 83 54 17 93 44 18 43 87 80 11 33 51 65 75 84 53 95 4 60 57 47 48 91 13 89 62 35 21 58 100 99 8 76 70 49 74 98 67 14 73 68 27 31 20 55 61 26 56 23 42 45 40 96 38 7 92 52 66 6 22 24 9 34 39 69 81 97 94 88 46 86 77 78 41 37 32 10 30 59 79 90 25 82 1 64 12 28 3 36 16 50 72 29 19 2
5 63 71 15 85 83 54 17 93 44 18 43 87 80 11 33 51 65 75 84 53 95 4 60 57 47 48 91 13 89 62 35 21 58 100 99 8 76 70 49 74 98 67 14 73 68 27 31 20 55 61 26 56 23 42 45 40 96 38 7 92 52 66 6 22 24 9 34 39 69 81 97 94 88 46 86 77 78 41 37 32 10 30 59 79 90 25 82 1 64 12 28 3 36 16 50 72 29 19 2
5 63 71 15 85 83 54 17 93 44 18 43 87 80 11 33 51 65 75 84 53 95 4 60 57 47 48 91 13 89 62 35 21 58 100 99 8 76 70 49 74 98 67 14 73 68 27 31 20 55 61 26 56 23 42 45 40 96 38 7 92 52 66 6 22 24 9 34 39 69 81 97 94 88 46 86 77 78 41 37 32 10 30 59 79 90 25 82 1 64 12 28 3 36 16 50 72 29 19 2
5 63 71 15 85 83 54 17 93 44 18 43 87 80 11 33 51 65 75 84 53 95 4 60 57 47 48 91 13 89 62 35 21 58 100 99 8 76 70 49 74 98 67 14 73 68 27 31 20 55 61 26 56 23 42 45 40 96 38 7 92 52 66 6 22 24 9 34 39 69 81 97 94 88 46 86 77 78 41 37 32 10 30 59 79 90 25 82 1 64 12 28 3 36 16 50 72 29 19 2
5 63 71 15 85 83 54 17 93 44 18 43 87 80 11 33 51 65 75 84 53 95 4 60 57 47 48 91 13 89 62 35 21 58 100 99 8 76 70 49 74 98 67 14 73 68 27 31 20 55 61 26 56 23 42 45 40 96 38 7 92 52 66 6 22 24 9 34 39 69 81 97 94 88 46 86 77 78 41 37 32 10 30 59 79 90 25 82 1 64 12 28 3 36 16 50 72 29 19 2
5 63 71 15 85 83 54 17 93 44 18 43 87 80 11 33 51 65 75 84 53 95 4 60 57 47 48 91 13 89 62 35 21 58 100 99 8 76 70 49 74 98 67 14 73 68 27 31 20 55 61 26 56 23 42 45 40 96 38 7 92 52 66 6 22 24 9 34 39 69 81 97 94 88 46 86 77 78 41 37 32 10 30 59 79 90 25 82 1 64 12 28 3 36 16 50 72 29 19 2
5 63 71 15 85 83 54 17 93 44 18 43 87 80 11 33 51 65 75 84 53 95 4 60 57 47 48 91 13 89 62 35 21 58 100 99 8 76 70 49 74 98 67 14 73 68 27 31 20 55 61 26 56 23 42 45 40 96 38 7 92 52 66 6 22 24 9 34 39 69 81 97 94 88 46 86 77 78 41 37 32 10 30 59 79 90 25 82 1 64 12 28 3 36 16 50 72 29 19 2
5 63 71 15 85 83 54 17 93 44 18 43 87 80 11 33 51 65 75 84 53 95 4 60 57 47 48 91 13 89 62 35 21 58 100 99 8 76 70 49 74 98 67 14 73 68 27 31 20 55 61 26 56 23 42 45 40 96 38 7 92 52 66 6 22 24 9 34 39 69 81 97 94 88 46 86 77 78 41 37 32 10 30 59 79 90 25 82 1 64 12 28 3 36 16 50 72 29 19 2
5 63 71 15 85 83 54 17 93 44 18 43 87 80 11 33 51 65 75 84 53 95 4 60 57 47 48 91 13 89 62 35 21 58 100 99 8 76 70 49 74 98 67 14 73 68 27 31 20 55 61 26 56 23 42 45 40 96 38 7 92 52 66 6 22 24 9 34 39 69 81 97 94 88 46 86 77 78 41 37 32 10 30 59 79 90 25 82 1 64 12 28 3 36 16 50 72 29 19 2
5 63 71 15 85 83 54 17 93 44 18 43 87 80 11 33 51 65 75 84 53 95 4 60 57 47 48 91 13 89 62 35 21 58 100 99 8 76 70 49 74 98 67 14 73 68 27 31 20 55 61 26 56 23 42 45 40 96 38 7 92 52 66 6 22 24 9 34 39 69 81 97 94 88 46 86 77 78 41 37 32 10 30 59 79 90 25 82 1 64 12 28 3 36 16 50 72 29 19 2
5 63 71 15 85 83 54 17 93 44 18 43 87 80 11 33 51 65 75 84 53 95 4 60 57 47 48 91 13 89 62 35 21 58 100 99 8 76 70 49 74 98 67 14 73 68 27 31 20 55 61 26 56 23 42 45 40 96 38 7 92 52 66 6 22 24 9 34 39 69 81 97 94 88 46 86 77 78 41 37 32 10 30 59 79 90 25 82 1 64 12 28 3 36 16 50 72 29 19 2
5 63 71 15 85 83 54 17 93 44 18 43 87 80 11 33 51 65 75 84 53 95 4 60 57 47 48 91 13 89 62 35 21 58 100 99 8 76 70 49 74 98 67 14 73 68 27 31 20 55 61 26 56 23 42 45 40 96 38 7 92 52 66 6 22 24 9 34 39 69 81 97 94 88 46 86 77 78 41 37 32 10 30 59 79 90 25 82 1 64 12 28 3 36 16 50 72 29 19 2
5 63 71 15 85 83 54 17 93 44 18 43 87 80 11 33 51 65 75 84 53 95 4 60 57 47 48 91 13 89 62 35 21 58 100 99 8 76 70 49 74 98 67 14 73 68 27 31 20 55 61 26 56 23 42 45 40 96 38 7 92 52 66 6 22 24 9 34 39 69 81 97 94 88 46 86 77 78 41 37 32 10 30 59 79 90 25 82 1 64 12 28 3 36 16 50 72 29 19 2
5 63 71 15 85 83 54 17 93 44 18 43 87 80 11 33 51 65 75 84 53 95 4 60 57 47 48 91 13 89 62 35 21 58 100 99 8 76 70 49 74 98 67 14 73 68 27 31 20 55 61 26 56 23 42 45 40 96 38 7 92 52 66 6 22 24 9 34 39 69 81 97 94 88 46 86 77 78 41 37 32 10 30 59 79 90 25 82 1 64 12 28 3 36 16 50 72 29 19 2
5 63 71 15 85 83 54 17 93 44 18 43 87 80 11 33 51 65 75 84 53 95 4 60 57 47 48 91 13 89 62 35 21 58 100 99 8 76 70 49 74 98 67 14 73 68 27 31 20 55 61 26 56 23 42 45 40 96 38 7 92 52 66 6 22 24 9 34 39 69 81 97 94 88 46 86 77 78 41 37 32 10 30 59 79 90 25 82 1 64 12 28 3 36 16 50 72 29 19 2
5 63 71 15 85 83 54 17 93 44 18 43 87 80 11 33 51 65 75 84 53 95 4 60 57 47 48 91 13 89 62 35 21 58 100 99 8 76 70 49 74 98 67 14 73 68 27 31 20 55 61 26 56 23 42 45 40 96 38 7 92 52 66 6 22 24 9 34 39 69 81 97 94 88 46 86 77 78 41 37 32 10 30 59 79 90 25 82 1 64 12 28 3 36 16 50 72 29 19 2
5 63 71 15 85 83 54 17 93 44 18 43 87 80 11 33 51 65 75 84 53 95 4 60 57 47 48 91 13 89 62 35 21 58 100 99 8 76 70 49 74 98 67 14 73 68 27 31 20 55 61 26 56 23 42 45 40 96 38 7 92 52 66 6 22 24 9 34 39 69 81 97 94 88 46 86 77 78 41 37 32 10 30 59 79 90 25 82 1 64 12 28 3 36 16 50 72 29 19 2
5 63 71 15 85 83 54 17 93 44 18 43 87 80 11 33 51 65 75 84 53 95 4 60 57 47 48 91 13 89 62 35 21 58 100 99 8 76 70 49 74 98 67 14 73 68 27 31 20 55 61 26 56 23 42 45 40 96 38 7 92 52 66 6 22 24 9 34 39 69 81 97 94 88 46 86 77 78 41 37 32 10 30 59 79 90 25 82 1 64 12 28 3 36 16 50 72 29 19 2
