73
100 100 12
99 99 28
98 98 65
95 96 51
94 94 40
93 93 16
91 92 20
89 91 78
88 90 76
87 88 2
86 87 81
85 86 1
84 85 59
83 84 86
82 83 22
81 82 78
80 81 10
79 80 24
73 79 3
72 78 38
71 77 29
68 75 56
67 74 17
64 72 6
63 71 14
60 70 19
59 69 71
58 68 93
57 67 1
56 66 51
55 65 89
54 64 16
53 63 66
52 61 14
51 59 33
50 56 25
49 55 48
48 54 53
47 51 24
46 50 54
45 49 7
44 48 77
42 47 22
39 44 5
38 42 76
36 40 78
35 39 13
34 38 4
33 37 73
31 36 80
29 34 87
27 33 28
25 31 96
24 30 32
21 26 64
20 25 85
19 23 62
18 22 89
17 21 87
16 20 60
15 18 10
14 16 11
13 15 56
12 14 77
11 13 57
10 12 41
9 10 87
8 9 30
7 6 27
5 5 5
4 3 97
2 2 66
1 1 43
