100
1 100 77
1 99 77
1 98 77
1 97 77
1 96 77
1 95 77
1 94 77
1 93 77
1 92 77
1 91 77
1 90 77
1 89 77
1 88 77
1 87 77
1 86 77
1 85 77
1 84 77
1 83 77
1 82 77
1 81 77
1 80 77
1 79 77
1 78 77
1 77 77
1 76 77
1 75 77
1 74 77
1 73 77
1 72 77
1 71 77
1 70 77
1 69 77
1 68 77
1 67 77
1 66 77
1 65 77
1 64 77
1 63 77
1 62 77
1 61 77
1 60 77
1 59 77
1 58 77
1 57 77
1 56 77
1 55 77
1 54 77
1 53 77
1 52 77
1 51 77
1 50 77
1 49 77
1 48 77
1 47 77
1 46 77
1 45 77
1 44 77
1 43 77
1 42 77
1 41 77
1 40 77
1 39 77
1 38 77
1 37 77
1 36 77
1 35 77
1 34 77
1 33 77
1 32 77
1 31 77
1 30 77
1 29 77
1 28 77
1 27 77
1 26 77
1 25 77
1 24 77
1 23 77
1 22 77
1 21 77
1 20 77
1 19 77
1 18 77
1 17 77
1 16 77
1 15 77
1 14 77
1 13 77
1 12 77
1 11 77
1 10 77
1 9 77
1 8 77
1 7 77
1 6 77
1 5 77
1 4 77
1 3 77
1 2 77
1 1 77
