1
100
38 58 68 6 18 54 1 23 60 34 55 29 27 16 14 45 87 7 100 94 36 53 59 63 99 11 65 66 93 12 22 44 82 75 61 84 74 96 20 33 41 3 35 70 95 89 15 5 4 40 88 86 80 90 56 49 76 10 46 48 30 77 72 39 91 25 52 50 8 79 24 21 31 62 92 13 42 83 85 64 97 71 73 17 26 47 9 78 37 19 51 43 67 28 98 32 57 81 84 2
90 10 66 58 70 6 53 75 12 86 7 81 79 68 66 97 39 59 52 46 88 5 11 15 51 63 17 18 45 64 74 96 34 27 13 76 12 48 72 85 93 55 87 22 41 41 67 57 56 92 40 38 32 42 8 1 28 62 98 100 82 29 24 91 43 77 4 2 60 31 76 73 83 14 44 65 94 35 37 16 49 23 25 69 78 99 61 30 89 71 3 95 19 80 50 84 9 33 36 54
75 95 5 43 55 91 38 60 97 71 92 66 64 53 51 82 24 45 37 45 73 90 96 100 36 48 2 3 30 49 59 81 19 12 98 6 11 33 57 70 78 40 72 7 32 26 52 42 41 77 25 23 17 27 93 86 13 89 83 85 67 14 9 76 28 62 31 87 47 16 61 58 68 99 29 50 79 20 22 1 34 8 10 54 63 84 46 15 74 56 88 80 4 65 35 69 94 18 21 39
57 77 87 25 37 73 20 42 79 53 74 48 46 76 33 64 6 26 19 13 55 72 78 82 18 30 84 85 12 31 41 63 1 94 61 88 93 15 39 72 60 22 54 89 14 8 34 24 23 59 7 5 99 9 75 68 95 29 65 67 49 96 91 58 10 44 71 69 27 98 43 40 50 81 11 32 61 2 4 83 16 90 92 10 45 66 28 97 56 38 70 62 86 47 17 51 76 100 3 21
45 65 75 37 25 61 8 30 67 41 62 36 34 23 21 52 94 14 13 1 43 60 66 70 6 18 72 73 100 19 29 51 89 82 68 76 81 3 27 40 48 10 42 77 2 96 22 12 11 47 95 23 87 97 63 56 83 17 53 55 91 84 79 46 98 32 59 57 93 86 31 28 38 69 99 20 49 90 92 71 4 78 80 24 33 54 16 85 44 26 58 50 74 35 5 39 64 88 7 9
100 20 30 68 80 16 63 85 22 96 17 91 89 78 76 7 49 69 62 56 98 15 21 25 61 73 27 28 55 74 84 6 44 37 23 31 36 58 82 95 3 65 97 32 57 51 77 67 66 2 50 48 42 52 18 11 38 72 8 10 92 39 34 1 53 87 14 12 70 41 86 83 93 24 54 75 4 45 47 26 59 33 35 79 88 9 71 40 99 81 13 5 29 90 60 94 19 43 46 64
70 90 100 38 50 86 33 55 92 66 87 61 59 48 46 77 19 39 32 26 68 85 91 95 31 43 97 98 25 44 54 76 14 7 93 1 6 28 52 65 73 35 67 2 27 21 47 37 36 72 20 18 12 22 88 81 8 42 78 80 62 9 4 71 23 57 84 82 40 11 56 53 63 94 24 45 74 15 17 96 29 3 5 49 58 79 41 10 69 51 83 75 99 60 30 64 89 13 16 34
8 28 38 76 88 24 71 93 30 4 25 99 97 86 84 15 57 77 70 64 6 23 29 33 69 81 35 36 63 82 92 14 52 45 31 39 44 66 90 3 11 73 5 40 65 59 85 75 74 10 58 56 50 60 26 19 46 80 16 18 100 47 42 9 61 95 22 20 78 49 94 91 1 32 62 83 12 53 55 34 67 41 43 87 96 17 79 48 45 89 21 13 37 98 68 55 27 51 54 72
16 36 46 84 96 32 79 1 38 12 33 7 5 94 92 23 65 85 78 72 14 36 37 41 77 89 43 44 71 90 100 22 60 53 39 47 52 74 98 11 19 81 13 48 73 67 93 83 82 18 66 64 58 68 34 27 54 88 24 26 8 55 50 17 69 3 30 28 86 57 2 99 9 40 70 91 20 61 63 42 75 49 51 95 4 25 87 56 15 97 29 21 45 6 76 10 35 59 62 80
53 73 83 21 33 13 16 38 75 49 70 44 42 31 29 58 2 22 15 9 51 68 74 78 14 26 80 81 8 27 37 59 97 90 33 84 69 11 35 48 56 18 50 85 10 4 30 20 19 55 3 89 95 5 71 64 99 25 61 63 45 92 87 54 6 40 67 65 23 94 39 36 46 77 7 28 57 98 100 79 12 86 88 32 41 62 24 93 52 34 66 60 82 43 1 47 72 96 91 17
28 48 58 96 8 44 91 13 50 24 45 19 17 6 4 35 77 97 90 84 26 43 49 53 89 1 55 56 83 2 12 34 72 65 51 59 64 86 10 23 31 93 25 60 85 79 5 95 94 30 78 76 70 80 46 39 66 100 36 38 20 67 62 29 81 15 42 40 98 69 14 11 21 52 82 3 32 73 75 54 87 61 63 7 16 37 99 68 27 9 41 33 57 18 88 22 47 71 74 92
54 74 84 22 34 70 17 39 76 50 71 45 43 32 30 61 3 23 16 10 52 69 75 79 15 27 81 82 9 28 38 60 98 91 77 85 90 12 36 49 57 19 51 86 11 5 31 21 58 56 4 2 96 6 72 65 92 26 62 64 46 93 88 55 7 41 68 66 24 95 40 37 47 78 8 29 58 99 1 80 13 87 89 33 42 63 25 94 53 35 67 59 83 44 14 48 73 97 100 18
37 57 67 5 17 53 100 22 59 33 54 28 26 15 13 44 86 6 99 93 35 52 58 62 98 10 64 65 92 11 21 43 81 74 60 68 73 95 19 32 40 2 34 69 94 88 14 4 3 39 87 85 79 89 55 48 75 9 45 47 29 76 71 38 90 24 51 49 7 78 23 20 30 61 91 12 41 82 84 63 96 70 72 16 25 46 8 77 36 18 50 42 66 27 97 31 56 80 83 1
96 16 26 64 76 12 59 81 18 92 13 87 85 74 72 3 45 65 58 52 94 11 17 21 57 69 23 24 51 70 80 2 40 33 19 27 32 54 78 91 99 61 93 28 53 47 73 63 62 98 46 44 38 48 14 7 34 68 4 6 88 35 30 97 49 83 10 8 66 37 82 79 89 20 50 71 100 41 43 22 55 29 31 75 84 5 67 36 95 77 9 1 25 86 56 90 15 39 42 60
19 39 49 87 99 35 82 4 41 15 36 10 8 97 95 26 68 88 81 75 17 34 40 44 80 92 46 47 74 93 3 25 63 56 42 50 55 77 1 14 22 26 16 51 76 70 96 86 85 21 69 67 61 71 37 30 57 91 27 29 11 58 53 20 72 6 33 31 89 60 5 2 12 43 73 94 23 64 66 45 78 52 54 98 7 28 90 59 18 100 32 24 48 9 79 13 38 62 65 83
2 22 32 70 82 18 65 87 24 98 19 93 91 80 78 9 51 71 64 58 100 17 23 27 63 75 29 30 57 76 86 8 46 39 25 33 38 60 84 97 5 67 99 34 59 53 79 69 68 4 52 50 44 54 20 13 40 74 10 12 94 41 36 3 55 89 16 14 72 43 88 85 86 26 56 77 6 47 49 28 61 35 37 81 90 11 73 42 1 83 15 7 31 92 82 96 21 45 48 66
59 79 89 27 39 75 22 44 81 55 76 50 48 37 35 66 8 28 21 15 57 74 80 84 20 32 86 87 14 33 43 65 3 96 82 90 95 17 41 54 70 24 56 91 16 10 36 26 25 61 9 7 1 11 77 62 97 31 67 69 51 98 93 60 12 46 73 71 29 100 33 42 52 83 13 34 63 4 6 85 18 92 94 38 47 68 9 99 58 40 72 64 88 49 19 53 78 2 5 23
80 100 10 48 60 96 43 65 2 76 97 71 69 58 56 87 29 49 32 36 78 95 94 5 41 53 7 8 35 54 64 86 24 17 3 11 16 38 62 75 83 45 77 12 37 31 57 47 46 82 30 28 22 32 98 91 18 52 48 90 72 19 14 81 33 67 94 92 50 21 66 63 73 4 34 55 84 25 27 6 39 13 15 59 68 89 51 20 20 61 93 85 9 70 40 74 99 23 26 44
93 13 23 61 73 9 56 78 15 89 10 84 82 71 20 100 42 62 55 49 91 8 14 18 54 66 20 21 48 67 77 99 37 30 16 24 29 51 75 88 96 58 90 25 50 44 70 60 59 95 43 41 35 45 11 4 31 65 1 3 85 32 27 94 46 80 7 5 63 34 79 76 86 17 47 68 97 38 40 19 52 26 28 72 81 2 64 33 92 74 6 98 22 83 53 87 12 36 39 57
89 9 19 29 69 57 32 74 11 85 6 80 78 67 65 96 38 58 51 31 34 4 10 14 17 62 16 17 44 63 73 95 33 26 12 20 25 47 71 97 92 54 86 21 46 40 66 56 55 91 39 45 59 41 7 100 27 61 97 99 81 28 23 90 42 76 3 1 37 30 75 72 82 13 43 64 93 34 36 15 48 22 24 68 77 98 60 5 88 70 2 94 18 16 49 83 8 32 35 53
61 84 94 32 44 80 27 49 86 60 81 55 53 42 40 71 13 33 26 20 62 79 85 89 25 37 91 92 19 38 48 70 8 1 87 87 100 22 46 59 67 29 61 96 21 15 41 31 30 66 14 12 6 16 82 75 2 36 72 74 56 3 98 65 17 51 78 76 34 5 50 47 57 88 18 39 68 9 11 90 23 97 99 43 52 73 35 4 63 45 77 69 93 54 24 58 83 7 10 28
65 85 95 33 45 81 28 50 87 61 82 56 54 43 36 72 14 34 27 21 63 80 86 90 26 38 92 93 20 39 49 71 9 2 88 96 1 23 47 60 68 30 62 97 22 16 42 32 31 67 15 13 7 17 83 76 3 37 73 75 57 4 99 66 18 52 79 77 35 6 51 48 58 89 19 40 69 10 12 91 24 98 57 70 53 74 36 29 64 46 78 70 94 55 25 18 84 8 11 5
88 8 18 56 68 4 51 73 10 84 5 79 77 66 64 95 37 57 50 44 86 3 9 13 49 61 15 16 43 62 72 94 32 25 11 19 24 46 70 83 91 53 85 20 45 39 65 55 54 90 38 36 30 40 6 99 26 60 96 98 80 27 22 89 41 75 2 100 58 29 74 71 81 12 42 63 92 33 35 14 47 21 23 67 76 97 59 28 87 69 1 93 17 78 48 82 71 31 34 52
66 86 96 34 46 82 29 51 88 62 83 57 55 44 42 73 15 35 28 22 64 81 87 91 27 39 93 94 21 40 50 72 10 3 89 97 2 24 48 61 69 31 63 98 23 17 43 33 32 68 16 14 8 18 84 77 4 38 74 76 58 5 100 67 19 53 80 78 36 7 52 49 59 90 20 41 70 11 13 92 25 99 1 45 54 75 37 6 65 47 79 71 95 56 26 60 95 9 12 30
33 53 63 1 13 49 96 18 55 29 50 24 22 11 89 40 82 2 95 69 31 48 54 58 94 6 60 61 88 25 17 39 77 70 56 64 9 91 15 28 36 98 30 65 90 84 10 100 99 35 83 81 75 85 51 44 71 5 41 43 7 72 67 34 86 20 78 45 3 74 19 16 26 57 87 8 59 78 80 59 92 66 68 12 21 42 4 73 32 14 46 38 62 23 93 27 52 76 79 97
25 69 79 17 29 25 12 34 71 45 66 40 38 27 85 56 98 18 11 5 47 64 70 74 10 22 76 77 4 23 33 55 61 20 72 80 65 33 31 44 78 14 46 81 6 100 26 16 15 51 99 97 91 1 16 60 87 83 57 59 41 88 83 50 2 36 63 93 19 90 35 32 42 73 3 24 53 94 96 75 8 82 84 28 37 58 20 89 48 30 62 54 78 39 9 43 68 92 95 13
60 80 90 28 40 76 23 45 82 56 77 51 49 38 36 67 9 29 22 16 58 75 81 85 21 78 87 88 15 34 44 66 4 97 83 91 96 18 42 55 63 25 57 92 17 11 37 27 26 62 10 8 2 12 78 71 98 32 68 70 52 99 94 61 13 11 74 72 30 1 46 43 53 84 14 35 64 5 7 86 19 93 95 39 48 69 31 100 59 41 73 65 89 50 20 54 79 3 6 24
22 42 52 90 2 38 85 7 44 18 39 13 11 100 98 29 71 91 84 78 20 37 43 47 83 95 49 50 77 96 6 28 66 59 45 53 58 80 4 17 25 87 19 54 79 73 99 89 88 24 72 70 64 74 40 33 60 94 30 32 14 61 56 23 75 9 36 34 92 63 8 5 15 46 76 97 26 67 69 48 81 55 57 1 10 31 93 62 21 3 35 27 51 12 82 16 41 65 68 86
20 40 50 88 100 36 83 5 42 16 37 11 9 98 47 27 69 89 82 76 18 35 41 45 81 93 47 48 75 94 59 26 64 57 43 51 56 78 2 15 23 85 17 52 77 71 97 87 97 22 70 68 64 72 38 31 58 92 28 30 12 59 54 21 73 7 34 32 90 61 6 3 13 44 74 95 24 70 67 46 79 53 55 99 8 29 91 60 19 1 33 25 49 10 80 14 39 63 66 84
42 62 72 10 22 58 5 27 64 38 59 33 31 20 18 49 91 11 4 98 40 57 63 67 3 15 69 70 97 16 26 48 86 79 65 73 78 100 24 37 45 7 39 74 99 93 19 9 8 44 92 90 84 94 60 53 80 14 50 52 34 81 76 43 95 29 56 54 12 83 28 25 35 66 96 17 46 87 89 68 1 75 77 21 30 51 13 82 41 23 55 47 71 32 2 36 61 85 88 6
79 99 9 47 59 95 42 64 1 75 96 70 68 57 55 86 28 48 41 35 77 94 100 4 40 52 6 7 34 53 63 85 23 16 2 10 15 37 61 74 82 44 76 11 36 30 56 46 45 81 29 27 21 31 97 90 17 51 87 89 71 18 13 80 32 66 93 91 49 20 65 62 72 3 33 54 83 24 26 5 38 12 14 58 67 88 50 19 78 82 92 84 8 69 39 73 98 22 25 43
29 49 59 97 9 45 92 14 51 65 46 20 18 7 25 36 78 98 91 85 27 44 50 54 90 2 56 57 84 3 13 35 73 66 52 60 5 87 11 24 32 94 26 61 86 80 6 96 95 31 79 77 56 81 47 40 67 1 37 39 21 68 63 30 82 16 43 41 99 70 15 12 22 53 83 4 33 67 76 55 88 62 64 8 17 38 100 69 28 10 42 34 58 19 89 23 48 72 75 93
77 21 7 45 57 97 40 62 99 81 94 68 66 55 53 84 26 46 39 33 75 92 98 2 38 50 4 13 32 51 61 83 5 14 100 8 37 35 59 72 80 42 74 9 34 28 54 44 43 79 27 25 19 29 95 88 15 49 85 87 93 16 11 78 30 64 91 89 69 18 63 60 70 1 31 52 65 22 24 3 36 10 12 56 73 86 48 17 76 58 90 82 6 67 47 71 96 20 23 41
99 19 29 67 79 15 62 84 21 95 16 90 88 77 75 6 48 68 61 55 97 14 20 24 60 72 26 27 54 73 83 5 43 36 22 30 35 57 81 94 2 64 96 31 56 50 76 66 65 1 49 47 41 51 17 10 91 71 7 9 69 38 33 100 52 86 13 11 59 40 85 82 92 23 53 74 3 44 46 25 58 32 34 78 87 8 70 39 98 80 12 4 28 89 37 93 18 42 45 63
13 33 43 81 93 29 76 98 35 69 30 4 2 91 9 20 62 82 75 89 11 28 34 38 74 86 40 41 68 87 97 19 57 27 36 44 49 71 95 8 16 78 10 45 70 64 90 80 79 15 63 61 55 65 31 24 51 85 21 23 5 52 47 14 66 100 27 25 83 54 99 96 6 37 67 88 17 58 60 39 72 46 48 92 1 22 84 53 12 94 26 18 42 3 73 7 32 56 59 77
63 83 93 31 43 79 26 48 85 59 80 54 52 41 39 70 12 32 25 29 61 78 84 88 24 36 90 91 18 37 47 69 7 100 86 14 99 21 45 58 66 28 60 95 20 94 40 30 29 65 13 11 5 15 81 74 1 35 71 73 55 2 97 64 16 50 77 75 33 4 49 46 56 87 17 38 67 8 10 89 22 96 98 42 51 72 34 3 62 44 76 68 92 53 23 57 82 6 9 27
78 98 8 46 58 94 41 63 100 74 95 69 67 56 54 85 27 47 40 34 76 93 99 3 39 51 5 6 33 52 62 84 22 15 1 9 14 36 60 73 81 43 75 10 35 29 55 45 44 80 28 26 20 30 96 89 68 50 86 88 70 45 12 79 31 65 92 90 48 19 64 61 71 2 32 53 82 23 25 4 37 11 13 57 66 87 49 18 77 59 91 83 7 68 38 72 97 21 24 42
41 61 71 9 21 89 4 26 63 37 58 32 30 19 17 48 90 10 3 97 39 56 62 66 2 14 68 5 96 15 25 47 85 78 64 72 77 99 23 4 44 6 38 73 98 92 18 8 7 43 91 1 83 93 59 52 79 13 49 41 33 80 75 42 94 28 55 53 11 82 27 24 34 65 95 16 45 86 88 67 76 74 76 20 69 50 12 81 50 22 54 46 70 31 57 35 60 84 87 29
71 91 31 39 51 87 34 56 19 67 88 62 60 49 47 78 20 40 33 27 69 86 92 96 32 44 98 99 26 45 55 52 15 8 94 2 7 29 53 66 74 36 68 3 28 22 48 38 37 73 21 93 13 23 89 82 9 43 79 81 63 10 5 72 24 58 85 83 41 12 57 54 64 95 25 46 75 16 18 97 30 4 6 50 59 80 42 11 70 52 84 76 100 61 31 65 90 14 17 35
21 41 51 89 41 37 84 6 43 17 38 12 10 99 97 28 70 90 83 77 19 36 42 46 82 94 48 49 76 95 5 27 65 58 44 52 57 79 3 16 24 86 18 53 78 72 98 88 87 23 71 69 63 73 39 32 59 93 29 31 13 60 55 22 74 8 35 33 91 62 7 4 14 45 75 96 25 66 68 47 80 54 56 100 9 30 92 61 20 2 34 26 50 11 81 15 40 64 67 85
6 26 36 74 86 22 69 91 28 2 23 97 95 84 82 13 55 75 68 62 4 21 27 31 67 79 33 34 61 80 90 12 50 43 29 37 42 64 88 1 9 71 3 38 63 57 83 73 72 8 56 54 48 58 24 17 44 78 14 16 98 45 40 7 59 93 20 18 76 47 92 89 99 30 60 81 10 51 53 32 65 39 41 85 94 15 77 46 5 87 19 11 35 96 66 100 25 49 52 70
15 35 45 83 95 31 78 100 37 11 32 6 4 93 91 22 64 84 7 71 13 30 36 40 76 88 42 43 70 89 99 21 59 52 38 46 51 73 97 10 18 80 12 47 72 66 92 82 81 17 65 63 57 67 33 26 53 87 23 25 77 54 49 16 68 2 29 27 85 56 1 98 8 39 69 90 19 60 62 41 74 48 50 94 95 24 86 55 14 96 28 20 44 5 75 9 34 58 61 79
61 81 91 65 41 77 24 46 83 5 78 52 50 39 37 68 10 30 23 17 59 76 82 86 22 34 88 69 16 35 45 67 29 98 84 92 97 19 43 56 64 26 58 49 18 12 38 28 27 63 11 9 3 13 79 72 7 33 93 71 53 100 95 62 14 48 75 73 31 2 47 44 54 85 15 36 89 6 8 87 20 94 96 40 57 70 32 1 60 42 74 66 90 51 21 55 80 4 99 25
10 30 40 78 90 26 73 95 32 6 27 1 99 88 86 17 59 79 72 66 8 25 31 35 71 83 37 38 65 84 94 16 54 47 33 41 46 68 92 5 13 75 7 42 67 61 93 77 76 12 60 58 52 62 28 21 39 82 18 20 2 49 44 11 63 97 24 22 80 51 96 93 3 34 64 85 14 55 57 36 69 43 45 89 98 19 81 50 9 91 23 15 39 100 70 4 29 53 56 74
48 68 78 16 28 64 11 33 70 44 65 39 37 26 24 55 97 17 10 4 46 63 69 73 9 21 75 76 3 22 32 54 92 85 71 79 84 6 30 43 51 13 45 80 5 99 25 15 14 50 98 96 90 100 66 59 86 20 56 58 40 87 82 49 1 35 62 60 18 89 34 31 41 72 2 23 52 93 95 74 7 81 83 27 36 57 19 88 47 29 99 53 77 38 8 42 67 91 94 12
4 99 34 72 84 20 67 89 26 100 21 95 93 82 80 11 53 73 66 60 2 19 25 29 65 77 31 32 59 78 88 10 48 41 27 35 40 62 86 99 7 69 1 36 61 55 81 71 70 6 54 52 46 56 22 15 42 76 12 14 96 43 38 5 57 91 18 16 74 45 90 87 97 28 58 79 8 49 51 30 63 37 39 83 92 19 75 44 3 85 17 9 33 94 64 98 23 47 50 68
98 18 28 66 78 14 61 83 20 94 15 89 87 76 74 5 47 67 60 54 96 13 19 23 59 71 25 26 53 72 82 4 42 35 21 29 34 56 80 93 1 63 95 30 55 49 75 65 64 100 48 46 40 50 16 9 36 70 6 8 90 37 32 99 51 85 12 10 68 39 84 81 91 22 52 73 2 43 45 24 57 31 33 77 86 7 69 38 94 79 11 3 27 88 58 92 17 41 44 62
47 67 77 15 27 63 10 32 69 43 64 38 36 25 23 54 96 16 9 3 45 62 68 72 8 20 3 75 2 21 31 53 91 84 70 78 83 5 29 42 50 12 44 79 4 98 24 14 13 49 97 95 89 99 65 58 28 19 55 57 39 86 81 48 100 34 61 59 17 88 33 30 40 71 1 22 51 92 94 73 6 80 82 26 35 56 18 87 46 28 60 52 76 37 7 41 66 90 93 11
81 1 11 49 61 93 44 66 3 73 98 72 70 59 57 88 30 50 77 37 79 96 2 6 34 54 8 9 36 55 65 87 25 18 4 12 17 39 63 76 84 46 78 13 38 32 58 48 47 83 31 29 23 33 99 43 19 53 69 91 43 20 15 82 34 68 95 97 51 22 67 64 74 5 35 56 85 26 28 7 40 14 16 60 89 90 52 21 80 62 94 86 10 71 41 75 100 24 27 45
62 82 92 30 42 78 25 47 84 58 79 53 51 62 38 69 11 31 24 18 60 77 83 87 23 35 89 90 17 36 46 68 6 99 85 93 98 20 44 57 65 27 59 94 19 13 39 29 28 64 12 10 4 14 80 73 100 34 70 72 54 1 96 63 15 49 76 74 32 3 35 45 55 86 16 37 66 7 9 88 21 95 97 41 50 71 33 2 61 43 75 67 91 52 22 56 81 5 8 26
67 87 97 35 47 83 30 52 89 63 84 100 56 45 43 74 16 36 29 23 65 82 88 92 31 40 94 100 29 41 51 73 11 4 90 98 3 25 49 62 54 32 64 99 24 18 44 34 33 69 17 37 9 19 85 78 5 39 75 77 59 6 1 68 20 70 81 79 15 8 53 50 60 91 21 42 71 12 14 93 26 100 2 46 55 76 38 7 66 48 80 72 96 57 27 61 86 10 13 31
11 31 41 79 91 27 74 96 33 7 28 2 100 89 87 18 60 80 73 67 9 26 32 36 72 84 38 39 66 85 95 17 94 48 34 42 47 69 93 6 14 76 8 43 68 62 88 78 77 13 61 59 53 63 29 22 49 83 19 21 3 50 45 12 64 98 25 23 81 52 97 94 4 35 65 86 15 56 58 37 70 44 46 90 99 20 82 51 10 92 24 16 40 1 71 5 30 54 57 75
9 97 39 77 89 85 72 94 31 25 26 100 98 87 5 12 58 78 71 65 7 24 30 34 70 82 36 92 64 83 93 15 53 46 32 40 45 67 91 4 12 74 6 41 66 60 86 76 75 11 59 57 51 61 27 57 47 81 17 19 1 48 43 10 62 96 23 21 79 50 95 92 2 33 63 84 13 54 56 35 68 42 44 88 29 18 80 49 8 90 22 14 38 99 69 3 28 52 55 73
84 4 14 52 64 100 47 69 6 80 1 75 73 62 60 91 33 53 46 40 82 99 5 9 45 57 11 12 39 58 68 90 28 21 7 15 20 42 66 79 87 49 81 16 41 35 61 51 50 86 34 32 26 36 2 95 22 56 92 94 76 23 18 85 37 71 98 96 54 25 70 67 77 8 38 59 88 29 31 10 43 17 19 63 72 93 55 24 83 65 97 89 13 74 44 78 3 27 30 48
17 37 47 85 97 33 80 2 39 13 34 8 6 95 61 24 66 86 79 73 15 32 38 42 78 90 44 45 72 91 1 23 49 54 40 48 53 75 99 12 20 82 14 93 74 68 94 84 83 19 67 65 31 69 35 28 55 59 25 27 9 56 51 18 70 4 89 29 87 58 3 100 10 41 71 92 21 62 64 43 76 50 52 96 5 26 88 57 16 98 30 22 46 7 77 11 36 60 63 81
12 32 42 80 92 28 75 97 34 8 29 3 1 90 88 19 61 81 74 68 10 27 33 37 73 85 39 40 67 86 96 18 56 49 35 43 48 70 94 7 15 77 9 44 69 63 89 79 78 14 62 60 54 64 30 23 50 84 19 22 4 51 46 13 65 99 26 24 82 53 98 95 5 36 66 87 16 57 59 38 12 45 47 91 100 21 83 52 11 93 25 17 41 2 72 6 31 55 58 76
39 59 69 13 19 55 2 24 61 35 56 30 28 17 15 46 88 8 1 95 37 54 60 64 100 12 66 67 94 7 23 45 83 76 62 70 75 97 21 34 42 4 36 71 96 90 16 6 5 41 89 87 81 91 57 50 77 11 47 49 31 78 73 40 92 26 53 51 9 80 25 22 32 63 93 14 43 84 86 65 98 72 74 18 27 48 10 79 38 20 52 44 68 29 99 33 58 82 85 3
46 66 76 14 26 62 9 31 68 42 63 37 35 24 22 53 95 15 8 2 44 61 67 71 7 19 73 74 1 20 63 52 90 83 69 77 82 4 28 41 49 11 43 78 3 97 23 13 12 48 96 94 88 98 64 57 84 18 54 56 38 85 80 47 99 33 60 58 16 87 32 29 39 70 100 21 50 91 93 72 5 79 81 25 34 55 17 86 45 27 59 51 75 36 6 40 65 89 92 10
92 12 22 60 72 8 55 77 24 88 9 83 81 70 68 99 41 61 54 48 90 7 13 17 53 65 19 20 47 66 76 98 36 29 15 23 28 50 74 87 95 57 89 24 49 43 69 59 58 94 42 40 34 93 10 3 30 64 100 2 84 31 26 93 45 55 6 4 62 33 78 75 85 16 46 67 96 37 39 18 51 25 27 71 80 1 63 32 91 73 5 97 21 82 52 86 11 35 38 56
52 72 82 20 32 68 15 17 36 48 69 43 41 30 28 59 1 21 14 8 50 67 73 77 13 25 79 80 7 26 36 58 96 89 75 83 88 10 34 47 55 17 49 84 9 3 29 19 18 54 2 100 94 4 70 63 90 24 60 62 44 91 86 53 5 39 66 64 22 93 38 35 45 76 6 27 56 97 99 78 11 85 87 31 40 61 23 92 51 33 65 57 81 42 12 46 71 95 98 16
14 34 44 82 94 30 77 99 36 10 31 5 3 92 90 21 63 83 76 70 12 29 35 39 75 87 41 42 69 88 98 20 58 51 37 45 50 72 96 9 17 79 11 46 71 65 91 81 80 16 64 62 56 66 32 25 52 86 22 24 6 53 48 15 67 1 28 26 61 55 100 97 7 38 68 89 2 59 61 40 73 47 49 93 2 23 85 54 13 95 27 19 43 4 74 8 33 57 60 78
43 63 73 11 23 59 6 28 65 39 60 34 32 21 19 50 92 12 5 99 41 58 64 68 4 16 70 71 98 17 27 49 87 80 66 74 79 1 25 38 46 8 40 75 100 14 20 10 9 45 93 91 85 95 61 94 81 15 51 53 35 82 77 44 96 30 57 55 13 84 29 26 36 67 97 18 47 88 90 69 2 76 78 22 31 52 54 83 4 24 56 48 72 33 100 37 62 86 89 7
91 11 21 59 71 7 54 76 13 87 8 82 80 69 67 98 40 60 53 47 89 6 12 16 52 64 18 19 46 65 75 97 35 28 14 22 27 49 73 86 94 56 88 23 48 42 68 58 57 93 41 39 33 43 9 2 29 63 99 1 83 30 25 92 44 78 5 3 61 32 77 74 84 15 45 66 95 36 38 17 50 24 26 70 79 100 62 31 90 72 4 96 20 81 51 85 10 34 37 55
32 52 62 100 12 48 95 17 54 28 49 23 21 10 8 39 81 1 94 88 30 47 53 57 93 5 59 60 87 6 83 38 76 69 55 63 68 90 14 27 35 97 29 64 89 83 9 99 98 34 82 80 74 84 50 43 70 4 40 42 24 71 66 33 85 19 46 44 2 73 93 15 25 56 86 7 36 77 79 58 91 65 67 11 20 41 3 72 31 13 45 37 61 22 92 26 51 75 78 96
85 5 15 53 65 1 48 70 7 77 2 76 74 63 93 92 5 54 47 41 83 100 6 10 46 58 12 29 40 59 69 91 21 22 8 16 46 43 67 80 88 50 82 17 42 36 62 52 51 87 35 33 27 37 3 96 23 57 89 95 73 24 19 86 38 72 99 61 55 26 71 68 78 9 39 60 81 30 32 11 44 18 20 64 97 94 56 25 84 66 98 90 14 75 45 79 4 28 31 49
97 17 27 57 77 65 60 82 45 93 14 88 86 75 73 4 46 66 59 53 95 12 18 22 58 70 24 25 52 71 81 3 41 34 20 28 33 55 79 92 100 62 94 29 54 48 74 64 63 99 47 19 39 49 15 8 35 40 5 7 89 36 31 98 50 84 96 9 67 38 83 80 90 21 51 72 1 42 44 23 56 30 32 76 85 6 68 37 96 78 10 2 26 87 13 91 16 40 43 61
50 70 80 18 30 66 13 35 72 46 67 41 39 28 26 57 99 19 12 6 48 65 71 69 11 23 77 78 5 24 34 11 94 87 73 81 86 8 32 45 53 15 47 82 7 1 27 17 16 52 100 98 92 2 68 61 88 22 58 60 42 89 84 51 3 37 64 62 20 91 36 33 43 74 4 25 54 95 97 76 9 83 85 29 38 59 21 90 49 31 63 55 79 40 10 44 69 91 96 14
86 6 16 54 66 2 49 71 8 82 3 77 75 64 62 93 35 55 48 42 84 1 7 11 47 59 13 14 41 60 70 92 42 23 9 17 22 44 68 81 89 51 83 18 43 37 63 53 52 88 36 34 28 38 4 97 24 58 94 96 78 25 20 87 39 73 100 98 56 27 72 69 79 10 40 61 90 31 33 12 45 19 36 65 74 95 57 26 85 67 99 91 15 76 46 80 5 29 32 50
31 51 61 99 11 47 94 16 53 27 48 22 20 9 7 38 80 100 93 87 29 46 52 56 92 4 58 59 86 5 15 37 75 68 54 62 67 89 13 26 34 96 28 63 88 82 8 98 97 33 81 79 73 83 49 42 69 3 55 41 30 70 65 32 84 18 45 43 1 72 17 14 24 55 85 6 35 76 78 57 90 64 66 10 19 40 2 38 30 12 44 36 60 21 91 25 50 74 77 95
3 23 33 71 83 19 66 88 25 99 20 94 92 81 79 10 52 72 65 59 1 18 24 28 64 76 30 31 58 77 87 9 47 40 26 34 39 61 85 98 6 68 100 35 60 54 80 70 69 5 53 51 45 55 21 14 41 75 11 13 95 42 37 4 56 90 17 15 73 44 89 86 96 27 57 78 7 48 50 29 62 36 38 82 91 12 74 43 2 84 16 8 32 93 63 97 22 46 49 67
72 92 2 75 52 88 35 57 94 68 89 63 61 50 48 79 21 41 34 28 70 87 93 97 33 45 99 100 27 46 5 78 16 9 95 3 11 30 54 67 75 37 69 4 29 23 49 39 38 74 22 20 14 24 90 83 10 44 80 82 64 11 6 73 25 59 86 84 42 13 58 55 65 96 26 47 76 17 19 98 31 5 7 51 60 81 43 73 71 53 85 77 1 62 32 66 91 15 18 58
34 54 64 2 14 50 97 19 56 30 51 25 23 12 35 41 83 3 96 90 32 49 55 59 95 7 61 62 89 8 18 40 78 71 57 65 16 92 16 29 37 99 31 66 91 85 11 1 100 36 84 82 76 86 52 45 72 6 42 44 26 73 68 35 87 21 11 46 4 75 20 17 27 58 88 9 38 79 81 60 25 67 69 13 22 43 5 74 33 15 47 39 63 24 94 28 53 77 80 98
76 96 6 44 56 92 39 61 98 72 93 67 65 54 52 83 25 45 38 32 74 91 97 1 37 49 3 4 31 50 60 82 20 13 99 7 12 34 58 71 79 41 73 8 33 27 53 43 42 78 26 24 18 28 94 87 14 17 84 86 68 15 10 77 29 63 90 88 46 17 62 59 69 100 30 51 80 21 23 2 35 9 11 55 64 85 47 16 75 57 89 81 5 66 36 70 95 19 22 40
35 55 65 3 15 51 98 20 57 31 52 26 24 13 11 42 84 4 97 91 33 50 56 60 96 8 62 63 90 9 19 41 79 72 58 66 71 93 17 30 38 100 32 67 92 86 12 2 1 37 85 83 77 87 53 46 73 7 43 45 27 74 69 36 88 22 49 47 5 76 21 18 28 59 89 10 39 80 82 61 94 68 70 14 23 44 6 75 34 16 48 40 64 25 95 29 54 78 81 99
18 38 48 86 98 34 81 3 40 14 35 9 7 96 94 25 67 87 80 74 16 33 39 43 79 91 45 46 73 92 2 24 62 55 41 49 54 76 100 13 21 7 15 50 75 69 95 85 84 20 68 66 60 70 36 29 56 90 26 28 10 57 52 19 71 5 32 30 88 59 4 1 11 42 72 93 22 63 65 44 77 51 53 97 6 27 89 58 17 99 31 23 35 8 78 12 37 61 64 82
40 60 70 8 20 56 3 25 62 36 57 31 29 100 16 47 89 9 2 96 38 55 61 65 1 13 67 68 95 14 24 46 84 77 63 71 76 98 22 35 43 5 37 72 97 91 17 7 6 42 90 88 82 92 58 51 78 12 48 50 32 79 74 41 93 27 54 52 10 81 26 23 33 64 94 69 44 93 87 66 99 73 75 19 28 49 11 80 39 21 53 45 69 30 100 34 59 83 86 4
10 89 99 7 49 5 32 54 91 57 86 60 58 11 45 76 18 38 31 25 67 84 90 94 30 42 96 97 24 43 53 75 13 6 92 100 85 27 51 64 72 34 66 1 26 20 46 36 35 71 19 17 11 21 87 80 37 41 77 79 61 8 3 70 22 56 83 81 39 10 55 52 62 93 23 44 73 14 16 95 28 2 6 48 65 78 40 9 68 50 82 74 98 59 29 63 88 12 15 33
82 2 12 50 62 98 45 67 4 78 99 73 71 60 58 89 31 51 44 38 80 97 3 7 43 55 9 10 37 56 66 88 26 19 5 13 18 40 64 77 85 47 79 14 39 33 59 49 48 84 32 30 24 34 100 93 20 54 90 92 74 21 16 34 35 69 96 94 52 23 68 65 75 6 36 57 86 27 29 8 41 15 17 61 70 91 53 16 81 63 95 87 11 72 42 76 1 25 28 46
24 44 54 92 4 40 87 9 46 20 41 15 13 2 100 31 73 93 86 26 22 39 45 49 85 97 51 52 79 98 8 30 68 61 47 55 60 82 6 19 27 89 21 56 81 75 1 91 90 81 74 72 66 76 42 35 62 96 32 34 16 63 58 25 77 11 38 36 94 65 10 7 17 48 78 99 6 69 71 50 83 57 59 3 12 33 95 64 23 5 37 29 53 14 84 18 43 67 70 88
87 7 17 55 67 3 50 72 100 83 4 78 76 65 63 94 36 56 49 43 85 2 8 12 48 60 14 15 42 61 71 93 31 24 10 18 23 45 69 82 90 52 84 19 44 38 64 54 53 89 37 35 29 39 5 98 25 47 95 97 79 26 21 88 40 74 1 99 57 28 73 70 80 11 41 62 25 32 34 13 46 20 22 66 75 96 58 27 86 68 100 92 16 77 59 81 6 30 33 51
1 29 31 69 81 17 64 86 23 97 18 92 90 79 77 8 50 70 63 57 99 16 22 26 62 74 28 89 56 75 85 7 45 38 24 32 21 59 83 96 4 66 98 33 58 52 78 68 67 3 51 49 43 53 19 12 39 73 9 11 37 40 35 2 54 34 15 13 71 42 87 84 94 25 55 76 5 46 48 27 60 34 36 80 93 10 72 41 100 82 14 6 30 91 61 95 20 44 47 65
94 14 24 62 74 10 57 79 16 90 11 85 83 72 70 1 43 63 56 50 92 9 15 19 55 67 21 22 49 58 78 100 38 31 17 25 30 52 76 89 97 59 91 26 51 45 71 61 60 96 44 42 36 46 12 5 32 66 2 4 86 33 28 95 47 81 8 6 64 35 80 77 87 18 48 69 98 39 41 20 53 27 29 86 34 3 65 34 93 75 7 99 23 84 54 88 13 37 40 58
44 64 74 12 24 60 7 29 66 40 61 35 33 22 20 51 93 13 6 100 42 59 65 69 5 17 71 72 99 18 28 50 88 35 62 75 80 2 26 39 47 9 41 76 1 95 21 11 10 46 94 92 86 31 62 55 82 16 52 54 36 83 78 45 97 31 58 56 14 85 30 27 37 68 98 28 46 89 91 70 3 77 79 23 32 53 41 84 43 25 57 49 73 34 4 38 63 87 90 8
23 43 53 91 3 39 86 8 93 19 40 14 12 1 99 30 72 92 85 79 21 38 44 48 84 96 50 51 78 97 7 29 67 60 46 54 59 81 5 18 26 88 20 55 80 74 100 90 89 25 73 40 65 75 41 34 61 95 31 33 15 62 57 24 76 10 37 35 45 64 9 6 16 80 77 98 27 68 70 49 82 56 58 2 11 32 94 63 22 4 36 28 52 13 83 17 42 66 69 87
7 18 37 75 87 23 70 92 29 3 24 98 96 85 83 14 56 76 69 63 5 22 28 32 68 80 34 35 62 81 91 13 51 44 30 38 43 65 89 2 10 72 4 39 64 58 84 74 73 9 57 55 49 59 25 18 45 79 15 17 97 46 41 8 60 94 21 19 77 48 93 90 100 31 61 82 11 52 54 33 66 40 42 86 95 16 78 47 6 88 20 12 36 97 67 1 26 50 53 71
83 3 13 51 63 99 46 68 5 79 100 74 72 61 59 90 32 52 45 39 81 98 4 8 44 56 10 11 38 57 23 10 27 20 6 96 19 41 65 78 89 48 80 15 40 34 60 50 49 85 33 31 25 35 1 70 21 55 91 93 75 22 17 84 36 54 97 95 53 24 69 66 76 7 37 58 87 28 30 9 42 16 18 62 71 92 56 23 82 64 96 88 12 73 43 77 2 26 29 47
68 88 98 36 48 84 31 53 90 64 85 59 57 46 44 75 17 37 30 24 66 83 89 93 29 41 95 96 23 42 52 74 12 5 91 99 4 26 50 63 71 33 65 100 25 19 45 35 34 70 18 16 10 20 86 79 6 40 76 78 60 7 2 69 21 55 82 68 38 9 54 51 61 92 22 43 72 13 15 94 27 1 3 47 56 77 39 8 67 49 81 73 97 58 28 62 87 11 14 32
74 94 4 42 54 90 37 59 96 70 91 65 71 52 50 81 23 50 36 30 72 89 95 99 35 47 1 2 29 48 58 80 18 11 97 5 10 32 56 69 77 39 71 6 31 47 51 41 40 76 24 22 16 26 92 85 12 46 82 84 66 13 8 75 27 61 88 86 44 15 60 57 67 98 28 49 78 19 21 100 33 7 9 53 62 83 45 14 73 55 87 79 3 64 34 68 93 17 20 38
36 56 66 4 16 52 99 21 58 32 53 27 25 14 12 43 85 5 98 92 34 51 57 61 97 9 63 64 91 10 20 42 80 73 59 67 72 94 18 31 39 1 99 68 93 87 13 3 2 38 86 84 78 88 54 47 74 8 44 46 28 75 70 37 89 23 50 48 6 77 22 19 29 60 90 11 40 81 83 62 95 69 71 15 24 45 7 76 35 17 49 41 65 26 96 30 55 79 82 100
73 93 3 41 53 69 36 58 95 9 90 64 62 51 49 80 22 42 35 29 42 88 94 98 34 46 100 1 28 47 92 79 17 10 96 4 89 31 55 68 76 38 70 5 30 24 50 40 39 75 23 21 15 25 91 84 11 45 81 83 65 12 7 74 26 60 87 85 43 14 59 56 66 97 27 48 77 18 20 99 32 6 8 52 61 82 44 13 72 54 86 78 2 63 33 67 92 16 19 37
95 15 25 63 75 11 58 80 17 91 12 86 84 73 71 2 44 64 57 51 93 10 16 20 56 68 22 23 50 69 79 1 39 32 18 26 31 53 77 90 98 60 92 27 52 46 72 62 61 97 79 43 37 47 13 6 33 67 3 97 87 34 29 96 48 82 9 7 65 36 81 78 88 19 49 70 99 40 42 44 54 28 30 74 83 4 66 35 87 76 8 100 24 85 55 97 14 38 41 59
56 76 86 24 36 72 19 41 78 52 73 47 45 34 32 63 5 25 18 12 54 71 77 81 17 29 83 84 11 30 40 62 100 93 79 87 92 14 38 51 59 21 53 88 13 7 33 23 22 58 62 4 98 8 74 67 94 28 64 66 48 95 90 57 9 43 70 68 26 97 42 39 49 80 10 31 60 1 3 82 15 89 91 35 44 65 27 96 55 37 69 61 85 46 16 50 75 99 2 20
26 46 56 94 6 42 89 11 48 22 43 17 15 4 2 33 75 95 88 82 24 41 47 51 87 99 53 54 81 100 10 32 70 63 49 57 62 84 8 21 29 91 23 58 83 77 3 93 92 28 76 21 68 78 44 37 64 98 34 36 18 65 60 27 79 13 40 38 96 67 12 9 19 50 80 1 30 71 73 52 85 59 61 5 14 35 97 66 25 7 39 31 55 16 86 20 92 69 72 90
30 50 60 98 10 46 93 15 52 26 47 21 19 8 6 37 79 99 92 86 28 45 51 55 91 3 57 58 85 4 14 36 74 67 53 61 66 88 12 25 33 95 27 62 87 81 7 97 96 32 80 78 72 82 48 41 68 2 38 40 22 69 19 31 83 17 44 42 100 71 16 13 23 54 84 5 34 75 77 56 89 63 65 9 18 39 1 70 36 11 43 44 59 20 90 24 49 73 76 94
5 25 35 73 85 21 68 90 27 1 22 96 94 83 81 12 54 74 67 61 3 20 26 30 66 78 32 33 60 79 89 11 93 42 28 36 41 63 87 100 8 70 2 33 62 56 82 72 71 7 55 53 47 57 23 16 43 77 13 15 97 44 39 6 58 92 19 17 75 46 91 88 98 29 59 80 9 50 52 31 64 38 40 84 49 14 76 45 4 86 18 10 34 95 65 99 24 48 51 69
55 75 85 23 35 71 18 40 77 51 72 46 44 33 31 60 4 24 17 11 53 70 76 80 16 28 82 83 10 29 39 61 99 92 78 86 91 13 37 50 62 20 52 87 12 6 32 22 21 57 5 3 97 7 73 66 93 27 63 65 47 94 89 56 8 42 69 67 25 96 41 38 48 79 9 30 59 100 2 81 14 88 90 34 43 64 26 95 54 36 68 58 84 45 15 49 74 98 1 19
51 71 81 19 31 67 14 36 73 47 68 42 40 29 27 62 100 19 43 7 49 66 72 76 12 24 78 79 6 13 35 57 95 88 74 82 87 9 33 46 58 16 48 83 8 2 28 18 17 53 1 99 93 3 69 54 89 23 59 61 25 90 85 52 4 38 65 63 21 92 37 34 44 75 5 26 55 96 98 77 10 84 86 30 39 60 22 91 50 32 64 56 80 41 11 45 70 94 97 15
25 45 55 93 5 41 88 10 47 21 42 16 14 3 1 32 74 94 87 81 23 40 46 50 86 98 52 53 80 99 9 31 69 62 48 56 61 83 7 20 28 90 22 57 82 76 2 92 74 27 75 73 67 77 43 36 63 97 33 35 17 64 59 26 7 12 39 37 95 66 11 8 18 49 79 100 29 70 72 51 84 58 60 4 13 34 96 65 24 6 38 30 54 77 85 19 44 68 71 89
58 78 88 26 38 74 21 43 80 54 75 49 92 36 34 100 7 27 20 14 56 73 79 83 19 31 11 86 13 32 42 64 2 95 81 89 94 16 40 53 61 23 55 90 15 9 35 25 24 60 8 6 100 10 89 69 96 30 66 68 50 97 92 59 11 45 72 70 28 99 44 41 51 82 12 33 62 3 5 84 17 91 93 37 46 67 29 98 57 39 71 63 87 48 18 52 77 1 4 22
27 47 57 95 7 43 90 12 49 23 44 18 16 5 3 34 51 89 89 83 25 42 48 52 88 100 54 55 82 1 11 33 71 64 50 58 1 85 9 22 30 92 24 59 84 78 4 94 93 29 77 75 69 79 45 38 65 99 35 37 19 66 61 28 80 51 41 31 97 68 13 10 20 51 81 2 31 72 74 53 86 60 62 6 15 36 98 67 26 8 40 32 56 17 87 21 46 70 59 91
