44
44 44 19
43 43 4
42 42 21
41 41 14
40 40 26
39 39 35
38 38 39
37 37 25
36 36 23
35 35 20
34 34 29
33 33 28
32 32 14
31 31 32
30 30 34
29 29 8
28 28 15
27 27 9
26 26 18
25 25 1
24 24 39
23 23 5
22 22 42
21 21 42
20 20 25
19 19 21
18 18 20
17 17 1
16 16 23
15 15 15
14 14 22
13 13 24
12 12 18
11 11 29
10 10 37
9 9 15
8 8 21
7 7 6
6 6 6
5 5 20
4 4 11
3 3 40
2 2 11
1 1 12
44
44 44 5
43 43 10
42 42 32
41 41 39
40 40 34
39 39 25
38 38 43
37 37 1
36 36 40
35 35 33
34 34 37
33 33 3
32 32 34
31 31 3
30 30 19
29 29 5
28 28 13
27 27 34
26 26 24
25 25 39
24 24 9
23 23 5
22 22 6
21 21 7
20 20 36
19 19 39
18 18 14
17 17 25
16 16 30
15 15 36
14 14 12
13 13 16
12 12 27
11 11 21
10 10 20
9 9 22
8 8 43
7 7 41
6 6 10
5 5 18
4 4 22
3 3 2
2 2 12
1 1 22
44
44 44 16
43 43 40
42 42 25
41 41 3
40 40 8
39 39 5
38 38 27
37 37 7
36 36 19
35 35 44
34 34 4
33 33 35
32 32 22
31 31 20
30 30 35
29 29 14
28 28 30
27 27 22
26 26 33
25 25 27
24 24 44
23 23 22
22 22 27
21 21 5
20 20 37
19 19 31
18 18 20
17 17 6
16 16 44
15 15 17
14 14 6
13 13 33
12 12 10
11 11 6
10 10 40
9 9 44
8 8 21
7 7 9
6 6 26
5 5 20
4 4 29
3 3 5
2 2 15
1 1 11
44
44 44 17
43 43 3
42 42 29
41 41 19
40 40 15
39 39 1
38 38 10
37 37 37
36 36 38
35 35 22
34 34 32
33 33 29
32 32 18
31 31 18
30 30 19
29 29 27
28 28 29
27 27 25
26 26 21
25 25 9
24 24 25
23 23 3
22 22 38
21 21 23
20 20 26
19 19 16
18 18 43
17 17 15
16 16 22
15 15 15
14 14 17
13 13 38
12 12 41
11 11 20
10 10 5
9 9 20
8 8 18
7 7 7
6 6 15
5 5 24
4 4 10
3 3 27
2 2 4
1 1 16
44
44 44 15
43 43 41
42 42 38
41 41 22
40 40 21
39 39 3
38 38 4
37 37 2
36 36 24
35 35 23
34 34 42
33 33 22
32 32 38
31 31 44
30 30 26
29 29 8
28 28 31
27 27 17
26 26 15
25 25 21
24 24 19
23 23 7
22 22 10
21 21 44
20 20 25
19 19 3
18 18 8
17 17 13
16 16 29
15 15 24
14 14 24
13 13 7
12 12 24
11 11 31
10 10 39
9 9 34
8 8 24
7 7 8
6 6 14
5 5 36
4 4 28
3 3 3
2 2 13
1 1 12
