1
100
69 55 4 28 72 22 96 27 51 5 23 93 63 18 68 19 74 85 95 36 21 39 83 60 100 66 79 31 84 81 13 40 82 30 47 53 67 14 75 56 33 90 88 37 64 3 42 65 20 9 92 44 70 57 99 17 91 41 73 16 98 1 59 86 89 80 78 54 87 6 94 34 77 58 2 38 11 7 45 97 35 61 48 52 62 24 71 49 46 60 26 50 12 76 15 32 8 25 29 43
79 65 14 38 82 32 6 37 61 15 33 3 73 40 78 29 84 95 5 46 31 49 7 20 10 76 89 41 94 91 23 50 92 28 57 63 77 24 85 66 43 100 98 47 74 13 52 75 30 19 2 54 80 67 9 27 1 51 83 26 8 11 69 96 99 90 88 64 97 16 4 44 87 68 12 48 21 17 55 93 45 71 58 62 72 34 81 59 56 70 36 60 22 86 25 42 18 35 39 53
31 17 66 90 34 84 58 89 13 67 85 55 25 20 30 81 36 47 57 98 83 1 59 72 62 28 41 93 94 43 75 2 44 92 9 15 29 76 37 18 95 52 50 99 26 65 4 27 82 71 54 6 32 19 61 79 53 3 35 78 80 63 21 48 51 42 40 16 49 68 56 96 39 60 64 100 73 69 7 45 97 23 10 14 24 86 33 11 8 22 88 12 74 38 77 94 70 87 91 5
61 47 96 20 64 14 88 19 43 97 15 85 55 10 60 11 66 77 87 28 13 31 89 2 92 58 71 23 76 73 5 32 74 22 39 45 59 6 67 48 25 82 80 29 56 95 34 57 12 1 84 36 62 49 91 9 83 33 65 8 90 93 51 78 81 72 70 46 79 98 86 26 69 50 94 30 3 99 37 75 27 53 40 44 54 16 63 41 38 52 18 42 4 68 7 24 100 17 21 35
1 87 36 60 4 54 28 59 83 37 55 25 95 50 100 51 6 17 27 68 53 71 29 42 32 98 11 63 16 13 45 72 14 62 79 85 99 46 7 88 65 22 20 69 96 35 74 97 52 41 24 76 2 89 31 49 23 73 5 48 30 33 91 18 21 12 10 86 19 38 26 66 9 90 34 70 43 39 77 15 67 93 80 84 94 56 3 81 78 92 58 82 44 8 47 64 40 57 61 75
57 43 92 16 60 10 80 15 39 93 11 81 51 6 56 7 62 73 83 24 9 27 85 98 88 54 67 19 72 69 1 28 70 18 35 41 55 2 63 44 21 78 76 25 52 91 30 53 8 97 80 32 58 45 87 5 79 29 61 4 86 89 47 74 77 68 66 42 75 94 82 22 65 46 90 26 99 95 33 71 23 49 36 40 50 12 59 37 34 48 14 38 100 64 3 20 96 13 17 31
73 59 8 32 76 26 100 31 55 9 27 97 67 22 72 23 78 89 99 40 25 43 1 14 4 70 83 35 88 85 17 44 86 34 51 57 71 18 79 60 37 94 92 41 68 7 46 69 24 13 96 48 74 61 3 21 95 45 77 20 2 5 63 90 93 84 82 58 91 10 98 38 81 62 6 42 15 11 49 87 39 65 52 56 66 28 75 53 50 64 30 54 16 80 19 36 12 29 33 47
47 33 82 6 50 100 74 5 29 83 1 71 41 96 46 97 52 63 73 14 99 17 75 88 78 44 57 9 62 59 91 18 60 8 25 31 45 92 53 34 11 12 66 15 42 81 20 43 98 87 70 22 48 35 77 95 69 19 51 94 76 79 37 64 67 58 24 32 65 84 72 56 55 36 80 16 89 85 23 61 13 39 26 30 40 2 49 27 68 38 4 28 90 54 93 10 86 3 7 21
50 36 85 9 53 3 77 8 32 86 4 74 44 99 49 100 55 66 76 17 2 20 78 91 81 47 60 12 65 62 94 21 63 11 28 34 48 95 56 37 14 71 69 18 45 84 23 46 1 90 73 25 51 38 80 98 72 22 54 97 79 82 40 67 70 61 59 35 68 87 75 15 58 39 83 19 92 88 26 64 16 42 29 33 43 5 52 30 27 41 7 31 93 57 96 13 89 6 10 24
16 2 51 75 19 69 43 74 98 52 70 40 10 93 15 66 21 32 42 83 68 86 44 57 47 13 26 78 31 28 60 87 1 77 94 100 14 61 22 3 80 37 35 84 11 50 89 12 67 56 39 91 17 4 46 64 38 88 20 63 45 48 6 33 36 27 25 29 34 53 41 81 24 5 49 85 58 54 92 30 82 8 95 99 9 71 18 96 65 7 73 97 59 23 62 79 55 72 76 90
62 48 90 21 65 15 89 20 44 98 16 86 56 11 61 12 67 78 88 29 14 32 97 3 93 59 72 24 77 74 6 33 75 23 40 46 60 7 68 49 26 83 81 30 57 96 35 58 13 2 85 37 63 50 92 10 84 34 66 9 91 94 52 79 82 73 71 47 80 99 87 27 70 51 95 31 4 100 38 76 28 54 41 45 55 17 64 42 39 53 19 43 5 69 8 25 1 18 22 36
59 45 94 18 62 12 86 17 41 95 13 83 53 76 58 9 64 75 85 26 11 29 87 100 90 56 69 21 74 71 3 30 72 20 37 43 57 4 65 46 23 80 78 27 54 93 32 55 10 99 82 34 60 47 89 7 81 31 63 6 88 91 49 8 79 70 68 44 77 96 84 92 67 48 24 28 1 97 35 73 25 51 38 42 52 14 61 39 36 50 16 40 2 66 5 22 98 15 19 33
56 42 91 15 59 9 83 14 38 92 10 80 50 5 55 6 61 72 82 23 8 26 84 97 87 53 66 18 71 68 100 27 69 17 34 40 54 1 62 43 20 77 75 24 51 90 29 52 7 96 79 31 25 44 86 4 78 28 60 3 85 88 46 73 76 67 65 41 74 93 81 21 64 45 89 57 98 94 32 70 22 48 35 39 49 11 58 36 33 47 13 37 99 63 2 19 95 12 16 30
60 46 95 19 63 13 87 18 42 96 14 84 54 9 59 10 65 76 86 27 12 30 88 1 91 57 70 22 75 72 4 31 29 21 38 44 58 5 66 47 24 81 79 28 55 94 33 56 11 100 83 35 61 48 90 8 82 32 64 7 89 92 50 77 80 71 69 45 78 97 85 25 68 49 93 73 2 98 36 74 26 52 39 43 53 15 62 40 37 51 17 41 3 67 6 23 99 16 20 34
93 79 28 52 96 46 20 51 75 29 47 17 87 42 92 43 98 9 19 60 45 63 21 34 24 90 3 91 8 5 37 64 6 54 71 77 23 38 99 80 57 14 12 61 88 27 66 89 44 33 16 68 94 81 55 41 15 65 97 40 22 25 83 10 13 4 2 78 11 30 18 58 1 82 26 62 35 31 69 7 59 85 72 76 86 48 95 73 70 84 50 74 36 100 39 56 32 49 53 67
92 78 27 51 95 45 19 50 74 28 46 16 86 41 91 42 97 8 18 59 44 62 20 33 23 89 2 54 7 4 36 63 5 53 70 76 90 37 98 79 56 13 11 60 87 26 65 88 43 32 15 67 93 80 22 40 14 64 96 39 21 24 82 9 12 3 1 77 10 29 17 57 100 81 25 61 34 30 68 6 58 84 71 75 85 47 94 72 69 83 49 73 35 99 38 55 31 48 52 66
34 20 69 93 37 87 61 92 16 70 88 58 28 83 33 84 39 50 60 1 86 4 62 75 65 31 44 96 49 46 78 5 47 95 12 18 32 79 40 21 98 55 53 2 29 68 7 30 85 74 57 9 35 22 64 82 56 6 38 81 63 66 24 51 54 45 43 19 52 71 59 99 42 23 67 3 76 72 10 48 100 26 13 17 27 89 36 14 11 25 91 15 77 41 80 97 73 90 94 8
18 4 53 77 21 71 45 76 100 54 72 42 12 67 17 68 23 34 44 85 70 88 46 59 49 15 28 80 33 30 62 89 31 79 96 2 16 63 24 5 82 39 37 86 13 52 91 14 69 58 41 93 19 6 48 66 40 90 22 65 47 50 8 35 38 29 27 3 36 55 43 83 26 7 51 87 60 56 94 32 84 10 97 1 11 73 20 98 95 9 75 99 61 25 64 81 57 74 78 92
33 19 68 92 36 86 60 91 15 69 87 57 27 82 32 83 38 49 59 100 85 3 61 74 64 30 43 95 48 45 77 4 46 94 11 17 31 78 39 20 97 54 52 1 28 67 6 29 84 73 56 8 34 21 63 81 55 5 37 80 62 65 23 50 53 44 42 18 51 70 58 98 41 22 66 2 75 71 9 47 99 25 12 16 26 88 35 13 10 24 90 14 76 40 79 96 72 89 93 7
53 39 88 12 56 6 80 11 35 89 7 77 47 2 52 3 58 69 79 20 5 23 81 94 84 50 63 15 68 65 97 24 66 14 31 37 51 98 59 40 17 74 72 21 48 87 26 49 4 93 76 28 54 41 83 1 75 25 57 100 82 85 43 70 73 64 62 38 71 90 78 18 61 42 86 22 95 91 29 67 19 45 32 36 46 8 55 33 30 44 10 34 96 60 99 16 92 9 13 27
66 52 1 25 69 19 93 24 48 2 20 90 60 15 65 16 71 82 92 33 18 36 94 7 97 63 76 28 81 78 10 37 79 27 44 50 64 11 72 53 30 87 85 34 61 100 39 62 17 6 89 41 67 54 96 14 88 38 70 13 95 98 56 83 86 77 75 51 84 3 91 31 74 55 99 35 8 4 42 80 32 58 45 49 59 21 68 46 43 57 23 47 9 73 12 29 5 22 26 40
77 63 12 36 80 30 4 35 59 13 31 1 71 26 76 27 82 93 98 44 29 47 5 18 8 74 87 39 92 89 21 48 90 38 55 61 75 22 83 64 92 98 96 45 72 11 50 73 28 17 100 52 78 65 7 25 99 49 81 24 6 9 67 94 97 88 86 62 95 14 2 42 85 66 10 46 19 15 53 91 43 69 56 60 70 32 79 57 54 68 34 58 20 84 23 40 16 33 37 51
91 77 26 50 94 44 18 59 73 27 45 15 85 8 90 41 96 7 17 58 43 61 19 56 22 88 1 53 6 3 35 62 4 52 69 75 89 36 97 78 55 72 10 59 86 25 64 87 42 31 14 66 12 79 21 39 13 63 95 38 100 23 81 40 11 2 32 76 9 28 16 80 99 20 92 60 33 29 67 5 57 83 70 74 84 46 93 71 24 82 48 68 34 98 37 54 30 47 51 65
19 5 54 78 22 72 46 77 1 55 73 43 13 68 18 69 24 35 45 86 71 89 47 60 50 16 29 81 34 31 63 90 32 80 97 3 17 64 25 6 83 40 38 87 14 53 92 15 70 59 42 94 20 7 49 67 41 91 23 66 48 51 9 4 39 30 28 36 37 56 44 84 27 8 52 88 61 57 95 33 85 11 98 2 12 74 21 99 96 10 76 100 62 26 65 82 58 75 79 93
51 37 86 10 54 4 78 9 33 87 5 75 45 100 50 1 56 67 77 18 3 21 79 92 82 48 61 13 66 63 95 22 64 12 29 35 49 96 57 38 15 68 70 19 46 85 24 47 2 91 74 26 52 39 81 99 73 23 55 98 20 83 41 36 71 62 60 72 69 88 76 16 59 80 84 40 93 89 27 65 17 43 30 34 44 6 53 31 28 42 8 32 94 58 97 14 90 7 11 25
15 1 50 74 18 68 42 73 97 51 69 39 9 64 14 65 20 31 41 82 67 85 43 52 46 12 25 77 30 27 59 86 28 76 93 99 13 60 21 2 79 36 34 83 10 49 88 11 66 55 38 90 16 3 45 63 37 87 19 62 44 47 5 32 35 26 80 100 33 48 40 24 23 4 56 80 57 53 91 29 81 7 94 98 8 70 17 95 92 6 72 96 58 22 61 78 54 71 75 89
14 100 49 73 17 67 41 72 96 50 68 38 8 63 13 64 19 30 40 81 66 84 42 55 45 11 24 76 29 26 58 85 27 75 92 98 12 59 20 1 78 35 33 82 9 48 87 10 65 54 37 89 15 2 44 62 36 86 18 61 43 46 4 31 34 25 23 99 32 51 39 79 22 3 47 83 56 52 90 28 80 6 93 97 7 69 16 94 91 5 71 95 57 21 60 77 53 70 74 88
82 68 17 41 85 35 9 40 64 18 36 6 76 31 81 32 87 98 8 49 34 52 10 23 13 79 92 44 97 94 26 53 95 43 60 66 80 27 88 69 46 3 1 50 77 16 55 78 33 22 5 57 83 70 12 30 4 54 86 29 11 14 72 99 2 93 91 67 100 19 7 47 90 71 15 51 24 20 58 96 48 74 61 65 75 37 84 62 72 73 39 63 25 89 28 45 21 38 42 56
25 11 60 84 28 78 52 83 7 61 79 49 19 74 24 75 30 41 51 92 77 95 53 66 56 22 35 87 40 37 69 96 38 86 3 9 39 70 31 12 89 46 44 93 20 59 98 21 76 65 48 100 26 13 23 73 47 97 29 72 54 57 15 42 45 36 34 10 43 62 50 90 33 14 58 94 67 63 1 55 91 17 4 8 18 80 27 5 2 16 82 6 68 32 71 88 64 81 85 99
97 83 32 16 100 50 24 55 79 33 51 21 91 46 96 47 2 13 23 64 49 67 25 38 28 94 7 59 12 9 41 68 10 58 75 81 95 42 3 84 61 18 16 65 92 31 70 93 48 37 20 72 98 85 27 45 19 69 1 44 26 29 87 14 17 8 6 82 15 34 22 62 5 86 30 66 39 35 73 11 63 89 76 80 90 52 99 77 74 88 54 78 40 4 43 60 36 53 57 71
95 81 30 54 98 48 22 53 77 31 49 19 89 44 94 45 100 11 21 62 47 65 23 36 26 92 5 57 10 7 39 66 8 56 73 79 93 40 1 82 59 16 14 63 90 29 68 91 46 35 18 70 96 83 25 43 17 67 99 42 24 27 85 12 15 6 4 80 13 32 20 60 3 84 28 64 37 33 71 9 61 87 74 78 88 50 97 75 72 86 52 76 38 2 41 58 34 51 55 69
96 82 31 55 99 49 23 54 78 32 50 20 90 45 95 46 1 12 22 63 48 66 24 37 27 93 6 58 11 8 40 67 9 57 74 80 94 41 2 83 60 17 15 64 91 30 69 92 47 36 19 71 97 84 26 44 18 68 100 43 25 28 86 13 16 7 5 81 14 33 21 61 47 85 29 65 38 34 72 10 62 88 75 79 89 51 98 76 73 87 53 77 39 3 42 59 35 52 56 70
74 60 9 33 77 27 1 32 56 10 28 98 68 23 73 24 79 90 100 41 26 44 2 15 5 71 84 36 89 86 18 45 87 35 52 58 72 19 80 61 38 95 93 42 69 8 47 70 25 14 97 49 75 62 4 22 96 46 78 21 3 6 64 91 94 85 83 59 92 11 99 39 82 63 7 43 16 12 50 88 40 66 53 57 67 29 76 54 51 65 31 55 17 81 20 37 13 30 34 48
58 44 93 17 61 11 85 16 40 94 12 82 52 7 57 8 63 74 84 25 10 28 86 99 89 55 68 20 73 70 2 29 71 19 36 42 56 3 64 45 22 79 77 26 53 92 31 54 9 98 81 33 59 46 88 6 80 30 62 5 87 90 48 75 78 69 67 43 76 95 83 23 66 47 91 27 100 96 34 72 24 50 37 41 51 13 60 38 35 49 15 39 1 65 4 21 97 14 18 32
6 92 41 65 9 59 33 64 88 42 60 30 100 55 5 56 11 22 32 73 58 76 34 47 77 3 16 68 21 18 50 97 19 67 84 90 4 51 12 93 70 27 25 74 1 40 79 2 57 46 29 81 7 94 36 54 28 78 10 53 35 38 96 23 26 17 15 91 24 43 31 71 14 95 39 75 48 44 82 20 72 98 85 89 99 61 8 86 83 37 63 87 49 13 52 69 45 62 66 80
90 76 25 49 93 43 17 48 72 26 44 14 84 39 89 40 95 6 16 57 42 60 18 31 21 87 100 52 5 2 34 61 3 51 68 74 88 35 96 77 54 11 9 58 85 24 63 86 41 30 13 65 91 78 20 38 12 62 94 37 19 22 80 7 10 1 99 75 8 27 15 55 98 79 23 59 32 28 66 4 56 82 69 73 83 45 92 70 67 81 47 71 33 97 36 53 29 46 50 64
5 91 40 64 8 58 32 63 87 41 59 29 99 54 4 55 10 21 31 72 57 75 33 46 36 2 15 67 20 17 49 76 18 66 83 89 3 50 11 92 69 26 24 73 100 39 78 1 56 45 28 80 6 93 35 53 27 77 9 52 34 37 95 22 25 16 14 90 23 42 30 70 13 94 38 74 47 43 81 19 71 97 84 88 98 60 7 85 82 96 62 86 48 12 7 68 44 61 65 79
54 40 89 13 57 7 81 12 36 90 8 78 48 3 53 4 59 70 80 21 6 24 82 95 85 51 64 16 69 66 98 25 67 15 32 38 52 99 60 41 18 75 73 22 49 88 27 50 5 94 77 29 55 42 84 2 76 26 58 1 83 86 44 71 74 65 63 39 72 91 79 19 62 43 87 23 96 92 30 68 20 46 33 37 47 9 56 34 31 45 11 35 97 61 100 17 93 10 14 28
36 22 71 95 39 89 63 94 18 72 90 60 30 85 35 86 41 52 62 3 88 6 64 77 67 33 46 98 51 48 80 7 49 97 14 20 34 81 42 23 100 57 55 4 31 70 9 32 87 76 59 11 37 24 66 84 58 8 40 83 65 68 26 53 56 47 13 21 54 73 61 1 44 25 69 5 78 74 12 50 2 28 15 19 29 91 38 16 93 27 45 17 79 43 82 99 75 92 96 10
83 69 18 42 86 36 10 41 65 19 37 7 77 32 82 33 88 99 9 50 35 53 11 24 14 80 93 45 98 95 27 54 96 44 61 67 81 28 89 70 47 4 2 51 78 17 56 79 34 23 6 58 84 71 13 31 5 96 87 30 12 15 73 100 3 94 92 68 1 20 8 48 91 72 16 52 25 21 59 39 49 75 62 66 76 38 85 63 60 74 40 64 26 90 29 46 22 97 43 57
23 9 58 82 26 76 50 81 5 59 77 47 17 60 22 73 28 39 49 90 75 93 51 64 54 20 33 85 38 35 67 94 36 72 1 7 21 68 29 10 87 44 42 91 18 57 96 19 74 63 46 98 24 11 53 71 96 95 27 70 40 55 13 84 43 34 56 8 41 52 48 88 31 12 32 92 65 61 99 37 89 15 2 6 16 78 25 3 100 14 80 4 66 30 69 86 62 79 83 97
48 34 83 7 51 1 75 6 30 84 2 72 42 97 47 98 53 64 74 15 100 18 76 89 79 45 58 10 63 60 92 19 61 9 26 32 46 93 54 35 12 69 67 16 43 82 21 44 99 88 71 23 49 36 78 96 70 20 52 95 77 80 38 65 68 59 57 33 66 85 73 13 56 37 81 17 90 86 24 62 14 40 27 31 41 3 50 28 25 39 5 29 91 55 94 11 87 4 8 22
12 98 47 71 15 65 39 70 94 48 66 36 6 61 11 62 17 28 38 79 64 82 40 53 43 9 83 74 27 24 56 83 25 73 90 96 10 57 18 99 76 33 31 80 7 46 85 8 63 52 35 87 13 100 42 60 34 84 16 59 41 44 2 29 32 23 21 97 30 49 37 77 20 1 45 81 54 50 88 26 78 4 91 95 5 67 14 92 89 3 69 93 55 19 58 75 51 68 72 86
80 66 15 39 83 33 7 38 62 16 34 4 74 29 79 30 85 96 6 47 32 50 8 21 11 77 90 42 95 92 24 51 93 41 58 64 78 25 86 67 44 1 99 48 75 14 53 76 31 20 3 55 81 68 10 28 2 52 84 27 9 12 70 97 100 91 89 65 98 17 5 45 88 69 13 49 22 18 56 94 46 72 59 63 73 35 82 60 57 71 37 61 23 87 26 43 19 36 40 54
55 41 97 14 58 8 82 13 37 91 9 79 49 4 54 5 60 71 81 22 7 25 90 96 86 52 65 17 70 67 99 26 68 16 33 39 53 100 61 42 19 76 74 23 50 89 28 51 6 95 78 30 56 43 85 3 77 27 59 2 84 87 45 72 75 66 64 40 73 92 80 20 63 44 88 24 83 93 31 69 21 47 34 38 48 10 57 35 32 46 12 36 98 62 1 18 94 11 15 29
13 99 48 72 16 66 40 71 95 49 67 37 7 62 12 63 18 29 39 80 65 83 41 54 44 10 23 75 28 25 57 84 26 74 91 97 11 58 19 100 77 34 32 81 8 47 86 9 64 53 36 88 14 1 43 61 35 85 17 60 42 45 3 30 33 24 22 98 31 50 38 78 21 2 46 82 55 51 89 27 79 5 92 96 6 68 15 93 90 4 70 94 56 20 59 76 52 69 73 87
100 86 35 59 3 53 27 58 82 36 54 24 94 49 99 50 5 16 26 67 52 70 28 41 31 97 10 62 15 12 44 71 13 61 78 84 98 45 6 87 64 21 19 68 95 34 73 96 51 40 23 75 57 88 30 48 22 72 4 47 29 32 90 17 20 11 9 85 18 37 25 65 8 89 33 69 42 38 76 14 66 92 79 83 93 55 2 80 77 91 1 81 43 7 46 63 39 56 60 74
64 50 99 23 67 17 91 22 46 100 18 88 58 13 63 14 69 80 90 31 16 34 92 5 95 61 74 26 79 76 8 35 77 25 42 48 62 9 70 51 28 85 83 32 59 98 37 60 15 4 87 39 65 52 94 12 86 36 68 11 33 96 54 81 84 75 73 49 82 1 89 29 72 53 97 93 6 2 40 78 30 56 43 47 57 19 66 44 41 55 21 45 7 71 10 27 3 20 24 38
17 3 52 76 20 70 44 75 99 53 71 41 11 66 16 67 22 33 43 84 69 87 45 58 48 14 27 79 32 29 61 88 30 78 95 1 91 62 23 4 81 38 36 85 12 51 90 13 68 57 40 92 18 5 47 65 39 89 21 64 46 49 7 34 37 28 26 2 35 54 42 82 25 6 50 86 59 55 93 31 83 9 96 100 10 72 19 97 94 8 74 98 60 24 63 80 56 73 77 15
76 62 11 35 79 29 3 34 58 12 30 100 70 25 75 26 81 92 2 43 28 46 4 17 7 73 86 38 91 88 20 47 89 37 54 60 74 21 82 63 40 97 95 44 71 10 49 72 27 16 99 51 77 64 6 24 98 48 80 23 5 8 66 93 96 87 85 61 94 13 1 41 84 65 9 45 18 14 52 90 42 68 55 59 69 31 78 56 53 67 33 57 19 83 22 39 15 32 36 50
28 14 63 87 31 81 55 86 10 64 82 52 22 77 27 78 33 44 54 95 80 98 56 69 59 25 38 90 43 40 72 99 41 89 6 12 26 73 34 15 92 49 47 96 23 62 1 24 79 68 51 3 29 16 58 76 50 100 32 75 57 60 18 45 48 39 37 13 46 65 53 93 36 17 61 97 70 66 4 42 94 20 7 11 21 83 30 8 5 19 85 9 71 35 74 91 67 84 88 2
44 30 79 3 47 97 71 2 26 80 98 68 38 57 43 94 49 60 70 11 96 14 72 85 75 41 54 6 59 56 88 15 73 5 22 28 42 89 50 31 8 65 63 12 39 78 17 40 95 84 67 19 45 32 74 92 66 16 48 91 13 76 34 61 64 55 29 1 62 81 69 9 52 33 77 53 86 82 20 58 10 36 23 27 37 99 46 24 21 35 93 25 87 51 90 7 83 100 4 18
75 61 10 34 78 28 2 33 57 11 29 99 69 24 74 25 80 91 1 42 27 45 3 16 6 72 85 37 90 87 19 46 88 36 53 59 73 20 81 62 39 96 94 43 70 9 48 71 26 15 98 50 76 63 5 23 97 47 79 22 4 7 65 92 95 86 84 60 93 12 100 40 83 64 8 44 17 13 51 89 41 67 54 58 68 30 77 55 52 66 32 56 18 82 21 38 14 31 35 49
98 84 33 57 1 51 25 56 80 34 52 22 92 47 97 48 3 14 24 65 50 68 26 39 29 95 8 60 13 10 42 69 11 59 76 82 96 43 4 85 62 19 17 66 93 32 71 94 49 38 21 73 99 86 28 46 20 70 2 45 27 30 88 15 18 9 7 83 16 35 23 63 6 87 31 67 40 36 74 12 64 90 77 81 91 53 100 78 75 89 55 79 41 5 44 61 37 54 58 72
68 54 3 27 71 21 95 26 50 4 22 92 62 17 67 18 73 84 94 35 20 38 96 9 99 65 78 30 83 80 12 39 81 29 46 52 66 13 74 55 32 89 87 36 63 2 41 64 19 8 91 43 69 56 98 16 90 40 72 15 97 100 58 85 88 79 77 53 86 5 93 33 76 57 1 37 10 6 44 82 34 60 47 51 61 23 70 48 45 59 25 49 11 75 14 31 7 24 28 42
39 25 74 98 42 92 66 97 21 75 93 63 33 88 38 89 44 55 65 6 91 9 67 80 70 36 49 1 54 51 83 10 52 100 17 23 37 84 45 26 3 60 58 7 34 73 12 35 90 79 62 14 40 27 69 87 61 11 43 86 68 71 29 56 59 50 48 24 57 76 64 4 47 28 72 8 81 77 15 53 5 31 18 22 32 94 41 19 16 30 96 20 82 46 85 2 78 95 99 13
71 57 6 30 74 24 98 29 53 7 25 95 65 80 70 21 76 87 97 38 23 41 99 12 2 68 81 33 86 83 15 42 84 32 49 55 69 16 77 58 35 92 90 39 66 5 44 67 22 11 94 46 72 59 1 19 93 43 75 18 60 3 61 88 91 82 100 56 89 8 96 36 79 40 4 20 13 9 47 85 37 63 50 54 64 26 73 51 48 62 28 52 14 78 17 34 10 27 31 45
7 93 42 66 10 60 34 65 89 43 61 31 1 56 6 57 12 23 33 74 59 77 35 40 38 4 17 69 22 19 51 78 20 68 85 91 5 52 13 94 71 28 26 75 2 41 80 3 58 47 30 82 8 95 37 55 29 79 11 54 36 39 97 24 27 18 16 92 25 44 32 72 15 96 48 76 49 45 83 21 73 99 86 90 100 62 9 87 84 98 64 88 50 14 53 70 46 63 67 81
52 38 87 11 55 5 79 10 34 88 6 76 46 1 51 2 57 68 78 19 4 22 80 93 83 49 62 14 67 64 96 23 65 13 30 36 50 97 58 39 16 73 71 20 47 86 25 48 3 92 75 27 53 40 82 100 74 24 56 99 81 84 42 69 72 63 61 37 70 89 77 17 60 41 85 21 94 90 28 66 18 44 31 35 45 7 54 32 29 43 9 33 95 59 98 15 91 8 12 26
81 67 16 40 84 34 8 39 63 17 35 5 75 30 80 31 86 97 7 48 33 51 9 22 12 78 91 43 96 93 25 52 94 42 59 65 79 26 87 68 45 2 100 49 76 15 54 77 32 21 4 56 82 69 11 29 3 53 85 28 10 13 71 98 1 92 90 66 99 18 6 46 89 70 14 50 23 19 57 95 47 73 60 64 74 36 83 61 58 72 38 62 24 88 27 44 20 37 41 55
89 75 24 48 92 42 16 47 71 25 43 13 83 38 88 39 94 5 15 56 41 59 17 30 20 86 99 51 4 1 33 60 2 50 67 73 87 34 95 76 53 10 8 57 84 23 62 85 40 29 12 64 57 77 19 37 11 61 93 36 18 21 79 6 9 100 98 74 7 26 14 54 97 78 22 58 31 27 65 3 55 81 68 72 82 44 91 69 66 80 46 70 32 96 35 52 28 45 49 63
49 35 84 8 52 2 76 7 31 85 3 73 43 98 48 99 35 65 75 16 1 19 77 90 80 46 59 11 64 61 93 20 62 10 27 33 47 94 55 36 13 70 68 17 44 83 22 45 100 89 72 24 50 37 79 97 71 21 53 96 78 81 39 66 69 60 58 34 67 86 74 14 57 38 82 18 91 87 25 63 15 41 28 32 42 4 51 29 26 40 6 30 92 56 95 12 88 5 9 23
4 90 39 63 7 57 31 62 86 40 58 28 98 33 3 54 9 20 30 71 56 74 32 45 35 1 14 66 19 16 48 75 17 65 82 88 2 49 10 91 68 25 23 72 99 38 77 100 55 44 27 79 5 92 34 52 26 76 8 51 73 36 94 21 24 15 53 89 22 41 13 69 12 93 37 29 46 42 80 18 70 96 83 87 97 59 6 84 81 95 61 85 47 11 50 67 43 60 64 78
40 26 75 99 43 93 67 98 22 76 94 64 34 89 39 90 45 56 66 7 92 10 68 81 71 37 50 2 55 52 84 11 53 1 18 24 38 85 46 27 4 61 59 8 35 74 13 36 91 80 63 15 41 28 70 88 62 12 44 87 69 72 30 57 60 51 49 25 58 77 65 5 48 29 73 9 82 78 16 54 6 32 19 23 33 95 42 20 17 31 97 21 83 47 86 3 79 96 100 14
70 56 5 29 73 23 97 28 52 6 24 94 64 19 69 20 75 86 96 37 22 40 98 11 1 67 80 32 85 82 14 41 83 31 48 54 68 15 76 57 34 91 89 38 65 4 43 66 21 10 93 59 71 58 100 18 92 42 74 17 99 2 60 87 90 81 79 55 88 7 95 35 78 59 3 39 12 8 46 84 36 62 49 53 63 25 72 50 47 61 27 51 13 77 16 33 9 26 30 44
63 49 98 22 66 16 90 21 45 99 17 87 57 12 62 13 68 79 89 30 15 33 91 4 94 60 73 25 78 75 7 34 76 24 41 47 61 8 69 50 36 84 82 31 58 97 36 59 14 3 86 38 64 51 93 11 85 35 67 10 92 95 53 80 83 74 72 48 81 100 88 28 71 52 96 32 5 1 39 77 29 55 42 46 56 18 65 43 40 54 20 44 6 70 9 26 2 19 23 37
27 13 62 86 30 80 54 85 9 63 81 51 21 28 26 77 32 43 53 94 79 97 55 68 58 24 37 89 42 39 71 98 40 88 5 11 25 72 33 14 91 48 46 95 22 61 100 23 78 67 50 2 92 15 57 75 49 99 31 74 56 59 17 44 47 38 36 12 45 64 52 76 35 16 60 96 69 65 3 41 93 19 6 10 20 82 29 7 4 18 84 8 70 34 73 90 66 83 87 1
22 8 57 81 25 75 49 80 4 58 76 46 16 71 21 72 27 38 48 89 74 92 50 63 53 19 32 84 37 34 66 93 35 83 100 6 20 67 28 9 86 43 41 90 17 56 95 18 73 62 45 97 23 10 52 70 44 94 26 69 51 54 12 39 42 33 31 7 40 59 47 87 30 11 55 91 64 60 98 36 88 14 1 5 15 77 24 2 99 13 79 3 65 29 68 85 61 78 82 96
88 74 23 47 91 41 15 46 70 24 42 12 82 37 87 38 93 4 14 55 40 58 16 29 19 85 98 50 3 100 32 59 57 49 66 72 86 33 94 75 52 9 97 56 83 22 61 84 39 28 11 63 89 76 18 36 10 60 92 35 17 20 78 5 8 99 97 73 6 25 45 53 96 77 21 1 30 26 64 2 54 80 67 71 81 43 90 68 13 79 65 69 31 95 34 51 27 44 48 62
10 96 45 98 13 63 37 68 92 46 64 34 4 59 9 60 15 26 36 77 62 80 38 51 41 7 20 72 25 22 54 81 23 71 88 94 8 55 16 97 74 31 29 78 5 44 83 6 61 50 33 85 11 98 40 58 32 82 14 57 39 42 100 27 30 21 19 95 28 47 35 75 18 99 43 79 52 48 86 24 76 2 89 93 3 65 12 90 87 1 67 91 53 17 56 73 49 66 70 84
86 72 21 45 89 39 13 44 68 22 40 10 80 35 85 36 91 2 12 53 38 56 14 27 17 83 96 48 1 98 30 77 99 47 64 70 84 31 92 73 50 7 5 54 81 20 59 82 37 26 9 61 87 74 16 34 8 58 90 33 15 18 76 3 6 57 95 71 4 23 11 51 94 75 19 55 28 24 62 100 52 78 65 69 79 41 88 66 63 97 43 67 29 93 32 49 25 42 46 60
99 85 34 58 2 52 26 57 81 35 53 23 93 48 98 49 4 15 25 66 51 69 27 32 30 96 9 61 14 11 43 70 12 60 77 83 97 44 5 86 63 20 18 67 94 33 72 95 50 39 22 74 100 87 29 47 21 71 3 46 28 31 89 16 19 10 8 84 17 36 24 64 7 88 40 68 41 37 75 13 65 91 78 82 92 54 1 79 76 90 56 80 42 6 45 62 38 55 59 73
26 12 61 85 29 79 53 84 8 62 80 50 20 75 25 76 31 42 52 93 78 96 54 67 37 23 36 88 41 38 70 57 39 87 4 10 24 71 32 13 90 47 45 94 21 60 99 22 77 66 49 1 27 14 56 74 48 98 30 73 55 58 16 43 46 97 35 11 44 63 51 91 34 15 59 95 68 64 2 40 92 18 5 9 19 81 28 6 3 17 83 7 69 33 72 89 65 82 86 100
41 27 76 100 44 94 68 99 23 77 95 65 35 90 40 91 46 57 67 8 93 11 69 82 72 38 51 55 56 53 85 12 54 2 19 25 15 86 47 28 5 62 60 9 36 75 14 37 92 81 64 16 42 29 71 89 63 13 45 88 70 78 31 58 61 52 50 26 59 78 66 6 49 30 74 10 97 79 17 83 7 33 20 24 34 96 43 21 18 32 98 22 84 48 87 4 80 39 1 3
46 32 81 5 49 99 73 4 28 82 76 70 40 95 45 96 51 62 72 13 98 16 74 87 57 43 56 8 61 58 90 17 59 7 24 30 44 91 52 33 10 67 65 14 41 80 19 42 97 86 69 21 47 34 76 94 68 18 50 93 75 78 36 63 66 37 55 31 64 83 71 11 54 35 79 15 88 84 22 60 12 38 25 29 39 1 48 26 23 77 3 27 89 53 92 9 85 2 6 20
3 89 38 62 6 56 30 61 85 39 57 27 97 52 2 53 8 19 29 70 55 73 31 44 34 100 13 65 18 15 47 74 16 64 81 87 1 48 9 90 67 24 22 71 98 37 76 99 54 43 26 78 4 91 33 51 25 75 7 50 32 35 93 20 23 14 12 88 21 40 28 68 11 92 36 47 45 41 79 17 69 95 82 86 96 58 5 83 80 94 60 84 46 10 49 66 42 59 63 77
29 15 64 88 32 82 56 87 11 65 83 53 23 78 28 79 34 45 55 96 81 99 57 70 60 26 39 3 44 41 73 100 42 90 67 13 27 74 35 16 93 50 48 97 24 63 2 25 80 69 52 4 30 17 59 77 51 1 33 76 58 61 19 46 49 40 38 14 47 66 54 94 37 18 62 98 71 67 5 43 95 21 8 12 22 84 31 9 6 20 86 10 72 36 75 92 68 85 89 91
35 21 70 94 38 88 62 93 17 71 89 59 29 84 34 85 40 51 61 2 87 5 63 76 66 32 45 97 50 47 79 6 48 96 13 19 33 80 41 22 99 56 54 3 30 69 8 31 86 75 58 10 36 23 65 83 57 7 39 82 64 67 25 52 55 46 44 20 53 72 60 100 43 24 68 4 77 73 11 49 1 27 14 18 28 90 37 15 12 26 92 16 78 42 81 98 90 91 95 9
9 95 44 68 12 62 36 67 91 45 63 33 3 58 8 59 14 25 35 76 61 79 37 50 40 6 19 71 24 21 53 80 22 70 87 93 7 54 15 96 73 30 28 77 4 43 82 5 60 49 32 84 10 97 39 57 31 81 13 56 38 41 99 26 29 20 18 94 27 46 34 74 17 98 42 78 51 47 85 23 75 1 88 92 2 64 11 89 86 100 66 90 52 16 55 72 48 65 69 83
43 29 78 2 46 96 70 1 25 79 97 67 37 92 42 93 48 59 69 10 95 13 71 84 74 40 53 5 58 55 87 14 56 4 21 27 41 88 49 30 7 64 62 11 38 77 16 39 94 83 66 18 44 31 73 91 65 15 47 90 72 75 33 60 63 54 52 28 61 80 68 8 51 32 76 12 85 81 19 57 9 35 22 26 36 98 45 23 20 34 100 24 86 50 89 6 82 99 3 17
85 71 20 44 88 38 12 43 67 21 39 9 79 34 84 35 90 1 11 52 37 55 13 26 16 82 95 47 100 97 29 56 98 46 63 69 83 30 91 72 49 6 4 53 80 19 58 81 36 25 8 60 86 73 15 33 7 57 89 32 14 17 75 2 5 96 94 70 3 22 10 50 93 74 18 54 27 23 61 99 51 77 64 68 78 40 87 65 62 76 42 66 28 92 31 48 24 41 45 59
42 28 77 1 45 95 69 100 24 78 96 66 36 91 41 92 47 58 68 9 94 12 70 83 73 39 52 4 57 54 86 13 55 3 20 26 40 87 48 29 6 63 61 10 37 76 15 38 93 82 65 17 43 30 72 90 64 14 46 89 71 74 32 59 62 53 51 27 60 79 67 7 50 31 75 11 84 80 18 56 8 34 21 25 35 97 44 22 19 33 99 23 85 49 88 5 81 98 2 16
2 88 37 61 5 55 29 60 84 38 56 26 96 51 1 52 7 18 28 69 54 72 30 43 33 99 12 64 17 14 46 73 15 63 80 86 100 47 8 89 66 23 21 70 97 36 75 98 53 42 25 77 3 90 32 50 24 74 6 49 31 34 92 19 22 13 11 87 20 39 27 67 10 91 35 71 44 40 78 16 68 94 81 85 95 57 4 82 79 93 59 83 45 9 48 65 41 58 62 76
65 51 100 24 68 18 92 23 47 1 19 89 59 14 64 15 70 81 91 32 17 35 93 6 96 62 75 27 80 77 9 36 78 26 43 49 63 10 71 52 29 86 84 33 60 99 38 61 16 5 88 40 66 53 95 13 87 37 69 12 94 97 55 82 85 76 74 50 83 2 90 30 73 54 98 34 7 3 41 79 31 57 44 48 58 20 67 45 42 56 22 46 8 72 11 28 4 21 25 39
45 31 80 4 48 98 72 3 27 81 99 69 39 94 44 95 50 61 71 12 97 15 73 86 76 42 55 7 60 57 89 16 58 6 23 29 43 90 51 32 9 66 64 13 40 79 18 41 96 85 68 20 46 33 75 93 67 17 49 92 74 77 35 62 65 56 54 30 63 82 70 10 53 34 78 14 87 83 21 59 11 37 24 28 38 100 47 25 22 36 2 26 88 52 91 8 84 1 5 19
78 64 13 37 81 31 5 36 60 14 32 2 72 27 77 28 83 94 4 45 30 48 6 19 9 75 88 40 93 90 22 49 91 39 56 62 76 23 84 65 42 99 97 46 73 12 51 74 29 18 1 53 79 66 8 26 100 50 82 25 7 10 68 95 98 89 87 63 96 15 3 43 86 67 11 47 20 16 54 92 44 70 57 61 71 33 80 58 55 69 35 59 21 85 24 41 17 34 38 52
21 7 56 80 24 74 48 79 3 57 75 45 15 70 20 71 26 37 47 88 73 91 49 62 52 18 31 83 36 33 65 92 34 82 99 5 19 66 27 8 85 42 40 89 16 55 94 17 72 61 44 96 22 9 51 69 43 93 25 68 50 53 11 38 41 32 30 6 39 58 46 86 29 10 54 90 63 59 97 35 87 13 100 4 14 76 23 1 98 12 78 2 64 28 67 84 60 77 81 95
84 70 19 43 87 37 11 42 66 20 38 8 78 53 83 34 89 100 10 51 36 54 12 25 15 81 94 46 99 96 28 55 97 45 62 68 82 29 90 71 48 5 3 52 79 18 57 80 35 24 7 59 85 72 14 32 6 56 88 31 93 16 74 1 4 95 33 69 2 21 9 49 92 73 17 13 26 22 60 98 50 76 63 67 77 39 86 64 61 75 41 65 27 91 30 47 23 40 44 58
20 6 55 79 23 73 47 78 2 56 74 44 14 69 19 70 25 36 46 87 72 90 48 61 51 17 30 82 35 32 64 91 33 81 98 4 18 65 26 7 84 41 39 88 15 54 93 16 71 60 43 95 21 8 50 68 42 92 24 67 49 52 10 37 40 31 45 5 38 57 29 85 28 9 53 89 62 58 96 34 86 12 99 3 13 75 22 100 97 11 77 1 63 27 66 83 59 76 80 94
30 16 65 89 33 83 57 88 12 66 84 54 24 79 29 80 35 46 56 97 82 100 58 71 61 27 40 92 45 42 74 1 43 91 8 14 28 75 36 17 94 51 49 98 59 64 3 26 81 70 53 5 31 18 60 78 52 2 34 77 59 62 20 47 50 41 39 15 48 67 55 95 38 19 63 99 72 68 6 44 96 22 9 13 23 85 32 10 7 21 87 11 73 37 76 93 69 86 90 4
38 24 73 97 41 91 65 96 20 74 92 62 32 87 37 88 43 54 64 5 90 8 66 79 69 35 48 100 53 50 82 9 51 99 16 22 36 83 44 25 2 59 57 6 33 72 11 34 89 78 61 13 39 26 68 86 60 10 42 85 67 70 28 55 58 49 47 23 56 75 63 3 46 27 71 7 80 76 14 52 4 30 17 21 31 93 40 18 15 29 95 19 81 45 84 1 77 94 98 12
11 97 46 70 14 64 38 69 93 47 65 35 5 72 10 61 16 27 37 78 63 81 39 48 42 8 21 51 26 23 55 40 24 84 89 95 9 56 17 98 75 32 30 79 6 45 40 7 62 51 34 86 28 99 41 59 33 83 15 58 52 43 1 76 31 22 20 96 29 60 36 12 19 100 44 80 53 49 87 25 77 3 90 94 4 66 13 91 88 2 68 92 54 18 57 74 50 67 71 85
72 58 7 31 75 25 99 30 54 8 26 96 66 21 71 22 77 88 98 39 24 42 100 13 3 69 82 34 87 84 16 43 85 33 50 56 70 17 78 59 36 93 91 40 67 6 45 68 23 12 95 47 73 60 2 20 94 44 76 19 1 4 62 89 92 83 81 57 90 9 97 37 80 61 5 41 14 10 48 86 38 64 51 55 65 27 74 52 49 63 29 53 15 79 18 35 11 28 32 46
32 18 67 91 35 85 59 90 14 68 86 56 26 81 31 82 37 48 58 99 84 2 60 73 63 29 42 94 47 44 76 3 45 93 10 16 30 77 38 19 96 53 51 100 27 66 5 28 83 72 55 7 1 20 62 80 54 4 36 79 61 64 22 49 52 43 41 17 50 69 57 97 40 21 65 33 74 70 8 46 98 24 11 15 25 87 34 12 9 23 89 13 75 39 78 95 71 88 92 6
87 73 22 46 90 40 14 45 69 23 41 11 81 36 86 37 92 3 13 54 39 57 15 28 18 84 97 49 2 99 31 58 100 48 65 71 85 32 93 74 51 8 6 55 82 21 60 83 38 27 10 62 88 75 17 35 9 59 91 34 16 19 77 68 7 98 96 4 5 24 12 52 95 76 20 56 29 25 63 1 53 79 66 70 80 42 89 67 64 78 44 72 30 94 33 50 26 43 47 61
94 80 29 53 97 47 21 52 76 30 48 18 88 43 93 44 99 10 20 61 46 64 22 35 25 91 4 56 9 6 38 65 7 55 72 78 92 39 100 81 58 15 13 62 89 28 67 90 45 34 17 69 95 82 24 42 16 66 98 30 23 26 84 11 14 5 3 79 12 31 19 59 2 83 27 63 36 32 70 8 60 86 73 77 87 49 96 74 71 85 51 75 37 1 40 57 33 50 54 68
24 10 59 83 27 77 51 82 6 60 78 48 18 73 23 74 29 40 50 91 76 94 52 65 55 21 34 86 39 36 68 95 37 85 2 8 22 69 30 11 88 45 43 92 19 45 97 20 75 64 47 99 33 12 54 72 46 96 28 71 53 56 14 41 44 35 93 9 42 61 49 89 32 13 57 25 66 62 100 38 90 16 3 7 17 79 26 4 1 15 81 5 67 31 70 87 63 80 84 98
8 94 43 67 11 61 35 66 90 44 62 32 2 65 7 58 13 24 34 75 60 78 36 49 39 5 18 70 23 20 52 79 21 69 86 92 6 53 14 95 72 29 27 76 3 42 81 4 59 48 31 83 9 96 38 56 30 80 12 55 37 40 98 25 28 19 17 93 26 45 33 73 16 97 41 77 50 46 84 22 74 100 87 91 1 63 10 88 85 99 57 89 51 15 54 71 47 64 68 82
67 53 2 26 70 20 94 25 49 3 21 91 61 16 66 17 72 83 93 34 19 37 95 8 98 64 77 29 82 79 11 38 80 40 45 51 65 12 73 54 31 88 86 35 62 1 84 63 18 7 90 42 68 55 97 15 89 39 71 14 96 99 57 28 87 78 76 52 85 4 92 32 75 56 100 36 9 5 43 81 33 59 46 50 60 22 69 47 44 58 24 48 10 74 13 30 6 23 27 41
37 23 72 96 40 90 64 95 19 73 91 61 31 86 36 87 42 53 63 4 89 7 65 78 68 34 47 99 52 49 81 8 50 98 15 21 35 82 43 24 1 58 56 5 32 71 10 33 88 77 60 12 38 25 67 85 59 9 41 84 66 69 27 54 57 48 46 22 55 74 62 2 45 26 70 6 79 75 13 51 3 29 16 20 30 92 39 17 14 28 94 18 80 44 83 100 76 93 97 11
