91
100 100 64
99 99 88
98 98 92
97 97 40
95 96 87
93 95 1
92 94 57
91 93 37
90 92 69
88 91 53
87 90 2
86 89 29
84 87 56
83 86 31
82 85 91
81 84 64
80 83 76
79 82 44
78 81 2
77 80 17
76 79 87
75 78 56
74 77 5
73 74 88
72 73 68
71 72 79
70 71 43
69 70 72
68 69 13
67 68 51
66 67 5
65 66 100
64 65 19
63 64 69
62 63 92
61 61 89
60 60 27
59 59 79
58 58 63
57 57 38
55 56 17
54 55 78
53 54 52
52 53 100
51 52 4
50 51 27
49 50 99
48 49 34
47 48 83
46 47 57
45 46 50
44 45 21
43 44 60
41 43 56
40 42 97
39 41 60
38 40 30
37 39 47
36 37 27
35 36 83
34 35 41
33 33 50
32 32 48
31 31 73
30 30 81
29 29 74
28 28 47
27 26 18
26 25 57
24 24 84
22 23 16
21 22 100
20 21 27
19 20 100
17 19 73
16 18 98
15 17 28
14 16 89
13 14 100
12 13 78
11 11 7
10 10 11
9 8 83
8 7 74
7 6 20
6 5 62
5 4 31
4 3 41
3 2 96
2 1 47
1 1 88
