1
100
33 2 82 43 84 39 91 79 25 7 22 34 63 21 85 61 46 10 71 27 19 65 83 37 76 95 29 53 23 17 48 38 18 70 31 54 57 8 49 92 67 75 80 28 73 3 1 55 45 72 16 56 20 47 68 94 66 100 4 87 41 9 69 35 36 64 93 11 99 14 60 58 40 50 15 13 81 90 52 6 5 51 86 30 44 98 42 97 96 26 59 78 88 12 77 74 89 24 32 62
57 26 6 67 60 63 15 3 49 31 46 58 87 45 9 85 70 34 95 51 43 89 7 61 20 19 53 77 47 41 68 62 42 94 55 78 81 32 73 16 91 99 4 52 97 27 25 79 69 100 40 80 44 71 92 18 90 24 28 11 65 33 93 59 84 88 17 35 23 38 72 82 64 74 39 37 5 14 96 30 29 75 10 54 12 22 66 21 76 50 83 2 36 8 1 98 13 48 56 86
97 66 46 7 24 3 55 43 89 71 86 98 27 85 49 25 10 74 35 91 83 29 47 1 16 59 93 17 87 81 12 2 82 34 95 18 21 72 13 56 31 39 44 92 37 67 65 19 9 36 80 20 84 11 32 58 30 64 68 51 5 73 33 99 76 28 57 75 63 78 100 22 4 14 79 77 45 54 60 70 69 15 50 94 8 62 6 61 40 90 23 42 52 48 41 38 53 88 96 26
36 5 85 46 63 42 94 82 28 10 25 37 66 24 88 64 49 13 74 30 22 68 86 40 55 98 32 56 26 20 51 41 21 73 34 57 60 11 52 95 70 78 83 31 76 6 4 58 48 75 19 59 23 50 71 97 69 3 7 90 44 12 72 38 15 67 96 14 2 17 39 61 43 53 18 16 84 93 99 9 8 54 89 33 47 1 45 100 79 29 62 81 91 87 80 77 92 27 35 65
86 55 35 96 13 92 44 32 78 60 75 87 16 74 38 14 99 63 24 80 72 18 36 90 5 48 82 6 76 70 1 91 71 23 84 7 10 61 2 45 20 28 33 81 26 56 54 8 98 25 69 9 73 100 21 47 19 53 57 40 94 62 22 88 65 17 46 64 52 67 89 11 93 3 68 66 34 43 49 59 58 4 39 83 97 51 95 50 29 79 12 31 41 37 30 27 42 77 85 15
55 24 4 65 82 61 13 1 47 29 44 56 85 43 7 83 68 32 93 49 41 87 5 59 74 17 51 75 45 39 70 60 40 9 53 76 79 30 71 14 89 97 2 50 95 25 23 77 67 94 38 78 42 69 90 16 88 22 92 26 63 31 91 57 34 86 15 33 21 36 58 80 62 72 37 35 3 12 18 28 27 73 8 52 66 20 64 19 98 48 81 100 10 6 99 96 11 46 54 84
1 70 50 11 28 7 59 47 93 75 90 2 31 89 53 29 14 78 39 95 87 33 51 5 52 63 97 21 91 85 64 6 86 38 99 22 25 76 17 60 35 43 48 12 41 71 69 23 13 40 84 24 88 15 36 62 34 68 72 55 9 77 37 3 56 96 61 79 67 82 80 26 8 18 83 81 49 58 16 74 73 19 54 98 32 66 10 65 44 94 27 46 4 20 45 42 57 92 100 30
10 79 59 20 37 16 68 56 2 84 99 11 40 98 62 38 23 87 48 4 96 42 60 14 29 72 6 30 100 94 25 15 95 47 8 31 34 85 26 69 44 52 57 5 50 80 78 32 22 49 93 33 97 24 45 71 43 77 81 64 18 86 46 12 89 41 70 88 76 91 13 35 17 27 92 90 58 67 73 83 82 28 63 7 21 75 19 74 53 3 36 55 65 61 54 51 66 1 9 39
56 25 5 66 83 62 14 2 48 30 45 57 86 44 8 84 69 33 94 50 42 88 6 60 75 18 52 76 46 40 71 61 41 93 54 77 80 31 72 15 90 98 3 51 96 26 24 78 68 95 39 79 43 70 91 17 89 23 27 10 64 32 92 58 35 87 16 34 22 37 59 81 63 73 38 36 4 13 19 29 28 74 9 53 67 21 65 20 99 49 82 1 11 7 100 97 12 47 55 85
32 1 81 42 59 38 90 78 24 6 21 33 62 20 84 60 45 9 70 26 18 64 82 36 51 94 28 52 22 16 47 37 17 69 30 53 56 7 48 91 66 74 79 27 72 2 100 54 44 71 15 55 19 46 67 93 65 99 3 86 40 8 68 34 11 63 92 10 98 13 35 57 39 49 14 12 80 89 95 5 4 50 85 29 43 97 41 96 75 25 58 77 87 83 76 73 88 23 31 61
89 58 38 99 16 95 47 35 81 63 78 90 19 77 41 17 2 66 27 83 75 21 39 93 8 51 85 9 79 73 4 94 74 92 87 10 13 64 5 48 23 31 36 84 29 59 57 11 1 28 72 12 76 3 20 50 22 56 26 43 97 65 25 91 40 60 49 67 55 70 24 14 96 6 71 69 37 46 68 62 61 7 42 86 100 54 98 53 32 82 15 34 44 52 33 30 45 80 88 18
27 96 76 37 54 33 85 73 19 1 16 28 57 15 79 55 40 4 65 21 13 59 77 31 46 89 23 47 17 11 42 32 12 64 25 48 51 2 43 86 61 69 74 22 67 97 95 49 39 66 10 50 14 41 62 88 60 94 98 81 35 3 63 29 6 58 87 5 93 8 30 52 34 44 9 7 75 84 90 100 99 45 80 24 38 92 36 91 70 20 53 72 82 78 71 68 83 18 26 56
79 48 28 89 6 85 37 25 71 53 68 80 9 67 31 7 92 56 17 73 65 11 29 83 98 41 75 99 69 63 94 84 64 16 77 100 3 54 95 38 13 21 26 74 19 49 47 1 91 18 62 2 66 93 14 40 12 46 50 33 87 55 15 81 58 10 39 57 45 60 82 4 86 96 61 59 27 36 42 52 51 97 32 76 90 44 88 43 22 72 5 24 34 30 23 20 35 70 78 8
74 43 23 84 1 80 32 20 66 48 63 75 4 62 26 2 87 51 12 68 60 6 24 78 93 36 70 94 64 58 89 79 59 11 72 95 98 49 90 33 8 16 21 69 14 44 42 96 86 13 57 97 61 88 9 35 7 41 45 28 82 50 10 76 53 5 34 52 40 55 77 99 81 91 56 54 22 31 37 47 46 92 27 71 85 39 83 38 17 67 100 19 29 25 18 15 30 65 73 3
59 28 8 69 86 65 17 5 51 33 48 60 89 47 11 87 72 36 97 53 45 91 9 63 78 21 55 79 49 43 74 64 44 96 57 80 83 34 75 18 93 1 6 54 99 29 27 81 71 98 42 82 46 73 94 20 92 26 30 13 67 35 95 61 38 90 19 37 25 40 62 84 66 76 41 39 7 16 22 32 31 77 12 56 70 24 68 23 2 52 40 4 14 10 3 100 15 50 58 88
29 98 78 39 76 35 87 75 21 3 18 30 59 17 81 57 42 6 67 23 15 61 79 33 48 91 25 49 19 13 44 34 14 66 27 50 53 60 45 88 63 71 16 24 69 99 97 51 41 68 12 4 52 43 64 90 62 96 100 83 37 5 65 31 8 36 89 7 95 10 32 54 56 46 11 9 77 86 92 2 1 47 82 26 40 94 38 93 72 22 55 74 84 80 73 70 85 20 28 58
50 19 99 60 77 56 8 96 42 24 39 51 80 38 2 78 63 27 88 44 36 82 100 54 69 12 46 70 40 34 65 55 35 87 48 71 74 25 66 9 84 92 97 45 90 20 18 72 62 89 33 73 37 64 85 11 83 17 21 4 58 26 86 52 29 81 10 28 16 31 53 75 57 67 32 30 98 7 13 23 22 68 3 47 61 15 59 14 93 43 76 95 5 1 94 91 6 41 49 79
21 90 70 31 48 27 79 67 13 95 10 22 51 9 73 49 34 98 59 15 7 53 71 25 40 83 17 41 11 5 36 26 6 58 19 42 45 96 37 80 55 63 68 16 61 91 89 43 33 24 4 44 8 35 56 82 54 88 60 75 29 97 57 23 100 52 81 99 87 2 92 46 28 38 3 1 69 78 32 94 93 39 74 18 72 86 30 85 64 14 47 66 76 84 65 62 77 12 20 50
18 87 67 28 45 24 76 64 10 92 7 19 48 6 70 46 31 95 56 12 4 50 68 22 37 80 14 38 8 2 33 23 3 55 16 39 42 93 34 77 52 60 65 13 58 88 86 40 30 57 1 41 5 32 53 79 51 85 89 72 26 94 54 20 97 49 78 96 84 99 21 43 25 35 100 98 66 75 81 91 90 36 71 15 29 83 27 82 61 11 44 63 73 69 62 59 74 9 17 47
40 9 89 50 67 46 98 86 32 14 29 41 70 28 92 68 53 17 78 34 26 72 90 44 59 2 36 60 30 24 55 45 25 77 38 61 64 15 56 99 74 82 87 35 80 10 8 62 52 79 23 63 27 54 75 1 73 7 11 94 48 16 76 42 19 71 100 18 6 21 43 65 47 57 22 20 88 97 3 13 12 58 93 37 51 5 49 4 83 33 66 85 95 91 84 81 96 31 39 69
82 51 31 92 9 88 40 28 74 56 71 83 12 70 34 10 95 59 20 76 68 14 32 86 1 44 78 2 72 66 97 87 67 19 80 3 6 57 98 41 16 24 29 77 22 52 50 4 94 21 65 5 69 96 17 43 15 49 53 36 90 58 18 84 61 13 42 60 48 63 85 7 89 99 64 62 30 39 45 55 54 100 35 79 93 47 91 46 25 75 8 27 37 33 26 23 38 73 81 11
62 31 11 72 89 68 20 8 54 36 51 63 92 50 14 90 75 39 100 56 48 94 12 66 81 24 58 82 52 46 77 67 47 99 60 83 86 37 78 21 96 4 9 57 2 32 30 84 74 1 45 85 49 76 97 23 95 29 33 16 70 38 98 64 41 93 22 40 28 43 65 87 69 79 44 42 10 19 25 35 34 80 15 59 73 27 71 26 5 55 88 7 17 13 6 3 18 53 61 91
12 81 61 22 39 18 70 58 4 86 1 13 42 100 64 40 25 89 50 6 98 44 62 16 31 74 8 32 2 96 27 17 97 49 10 33 36 87 28 71 46 54 59 7 52 82 80 34 24 51 95 35 99 26 47 73 45 79 83 66 20 88 48 14 91 43 72 90 78 93 15 37 19 29 94 92 60 69 75 85 84 30 65 9 23 77 21 76 55 5 38 57 67 63 56 53 68 3 11 41
28 97 77 38 55 34 86 74 20 2 17 29 58 16 80 56 41 5 66 22 14 60 78 32 47 90 24 48 18 12 43 33 13 65 26 49 52 3 44 87 62 70 75 23 68 98 96 50 40 67 11 51 15 42 63 89 61 95 99 82 36 4 64 30 7 59 88 6 94 9 31 53 35 45 10 8 76 85 91 1 100 46 81 25 39 93 37 92 71 21 54 73 83 79 72 69 84 19 27 57
58 27 7 68 85 64 16 4 50 32 47 59 88 46 10 86 71 35 96 52 44 90 8 62 77 20 54 78 48 42 73 63 43 95 56 79 82 33 74 17 92 100 5 53 98 28 26 80 70 97 41 81 45 72 93 19 91 25 29 12 66 34 94 60 37 89 18 36 24 39 61 83 65 75 40 38 6 15 21 31 30 76 11 55 69 23 67 22 1 51 84 3 13 9 2 99 14 49 57 87
71 40 20 81 98 77 29 17 63 45 60 72 1 59 23 99 84 48 9 65 57 3 21 75 90 33 67 91 61 55 86 76 56 8 69 92 95 46 87 30 5 13 18 66 11 41 39 93 83 10 54 94 58 85 6 32 4 38 42 25 79 47 7 73 50 2 31 49 37 52 74 96 78 88 53 51 19 28 34 44 43 89 24 68 82 36 80 35 14 64 97 16 26 22 15 12 27 62 70 100
43 12 92 53 70 49 1 89 35 17 32 44 73 31 95 71 56 20 81 37 29 75 93 47 62 5 39 63 33 27 58 48 28 80 41 64 67 18 59 2 77 85 90 38 83 13 11 65 55 82 26 66 30 57 78 4 76 10 14 97 51 19 79 45 22 74 3 21 9 24 46 68 50 60 25 23 91 100 6 16 15 61 96 40 54 8 52 7 86 36 69 88 98 94 87 84 99 34 42 72
96 65 45 6 23 2 54 42 88 70 85 97 26 84 48 24 9 73 34 90 82 28 46 100 15 58 92 16 86 80 11 1 81 33 94 17 20 71 12 55 30 38 43 91 36 66 64 18 8 35 79 19 83 10 31 57 29 63 67 50 4 72 32 98 75 27 56 74 62 77 99 21 3 13 78 76 44 53 59 69 68 14 49 93 7 61 5 60 39 89 22 41 51 47 40 37 52 87 95 25
17 86 66 27 44 23 75 63 9 91 6 18 47 5 69 45 30 94 55 11 3 49 67 21 36 79 13 37 7 1 72 22 2 54 15 38 41 92 33 76 51 59 64 96 57 87 85 39 29 56 100 40 4 31 52 78 50 84 88 71 25 93 53 19 48 32 77 95 83 98 20 42 24 34 99 97 65 74 80 90 89 35 70 14 28 82 26 81 60 10 43 62 12 68 61 58 73 8 16 46
45 14 94 55 72 51 3 91 37 19 34 46 75 33 97 73 58 22 83 39 31 77 95 49 64 7 41 65 35 29 60 50 30 82 43 66 69 20 61 4 79 87 92 40 85 15 13 67 57 84 28 68 32 59 80 6 78 12 16 99 53 21 81 47 24 76 5 23 11 26 48 70 52 62 27 25 93 2 8 18 17 63 98 42 56 10 54 9 88 38 71 90 100 96 89 86 1 36 44 74
78 47 27 88 5 84 36 24 70 52 67 79 8 66 30 6 91 55 16 72 64 10 28 82 97 40 74 98 68 62 93 83 63 15 76 99 2 53 94 37 12 20 25 73 18 48 46 100 90 17 61 1 65 92 13 39 11 45 49 32 86 54 14 80 57 9 38 56 44 59 81 3 85 95 60 58 26 35 41 51 50 96 31 75 89 43 87 42 21 71 4 23 33 29 22 19 34 69 77 7
38 7 87 48 65 44 96 84 30 12 27 39 68 26 90 66 51 15 76 32 24 70 88 42 57 100 34 58 28 22 53 43 23 75 36 59 62 13 54 97 72 80 85 33 78 8 6 60 50 77 21 61 25 52 73 99 71 5 9 92 46 14 74 40 17 69 98 16 4 19 41 63 45 55 20 18 86 95 1 11 10 56 91 35 49 3 47 2 81 31 64 83 93 89 82 79 94 29 37 67
37 6 86 47 64 43 95 83 29 11 26 38 67 25 89 65 50 14 75 31 23 69 87 41 56 99 33 57 27 21 52 42 22 74 35 58 61 12 53 96 71 79 84 32 77 7 5 59 49 76 20 60 24 51 72 98 70 4 8 91 45 13 73 39 16 68 97 15 3 18 40 62 44 54 19 17 85 94 100 10 9 55 90 34 48 2 46 1 80 30 63 82 92 88 81 78 93 28 36 66
77 46 26 87 56 83 35 23 69 51 66 78 7 65 29 5 90 54 15 71 63 9 27 81 96 39 73 97 67 61 92 82 62 14 75 98 1 52 93 36 11 19 24 72 17 47 45 99 89 16 60 100 64 91 12 38 10 44 48 31 85 53 13 79 80 8 37 55 43 58 4 2 84 94 59 57 25 34 40 50 49 95 30 74 88 42 86 41 20 70 3 22 32 28 21 18 33 68 76 6
31 100 80 41 58 37 89 77 23 5 20 32 61 19 83 59 44 8 69 25 17 63 81 35 50 93 27 51 21 15 46 36 16 68 29 52 55 6 47 90 65 73 78 26 71 1 99 53 43 70 14 54 18 45 66 92 64 98 2 85 39 7 67 33 10 62 91 9 97 12 34 56 38 48 13 11 79 88 94 4 3 49 84 28 42 96 40 95 74 24 57 76 86 82 75 72 87 22 30 60
93 62 42 3 20 99 51 39 85 67 82 94 23 81 45 21 6 70 31 87 79 25 43 97 12 55 89 13 83 77 8 98 78 30 91 14 17 68 9 52 27 35 40 88 33 63 61 15 5 32 76 16 80 7 28 54 26 60 64 47 1 69 29 95 72 24 53 71 59 74 96 18 100 10 75 73 41 50 56 66 65 11 46 90 4 58 2 57 36 86 19 38 48 44 37 34 49 84 92 22
85 54 34 95 12 91 43 31 77 59 74 86 15 73 37 13 98 62 23 79 71 17 35 89 92 47 81 5 75 69 100 90 70 22 83 6 9 4 1 44 19 27 32 80 25 55 53 7 97 60 68 8 72 99 24 46 18 52 56 39 93 61 21 87 64 20 45 63 51 66 88 10 16 2 67 65 33 42 48 58 57 3 38 82 96 50 94 49 28 78 11 30 40 36 29 26 41 76 84 14
8 77 57 18 35 14 66 54 100 82 97 9 38 96 60 36 21 85 46 2 94 40 58 12 27 70 4 28 98 92 23 13 93 45 6 29 32 83 24 67 42 50 55 3 48 78 76 30 20 47 91 31 95 22 43 69 41 75 79 62 16 84 44 10 87 39 68 86 74 89 11 33 15 25 90 88 56 65 71 81 80 26 61 5 19 73 17 72 51 1 34 53 63 59 52 49 64 99 7 37
4 73 53 14 31 10 62 50 96 78 93 5 34 92 56 32 17 81 42 98 90 36 54 8 23 66 100 24 94 88 19 9 89 41 2 25 28 79 20 63 38 46 51 99 44 74 72 26 16 43 87 27 91 18 39 65 37 71 75 58 12 80 40 6 83 35 64 82 70 85 7 29 11 21 86 84 52 61 67 77 76 22 57 1 15 69 13 68 47 97 30 49 59 55 48 45 60 95 3 33
70 39 19 42 97 76 28 16 62 44 59 71 100 58 22 98 83 47 8 64 56 2 20 74 89 32 66 90 60 54 85 75 55 7 68 91 94 45 86 29 4 12 17 65 10 40 38 92 82 9 53 93 57 84 5 31 3 37 41 24 78 46 6 72 49 1 30 48 36 51 73 95 77 87 52 50 18 27 33 43 42 88 23 67 81 35 79 34 13 63 96 15 25 21 14 11 26 61 69 99
20 89 69 30 47 26 78 66 12 94 9 21 50 8 72 48 33 97 58 14 6 52 70 24 39 82 16 40 10 4 35 25 5 57 18 41 44 95 36 79 54 62 67 15 60 90 88 42 32 59 3 43 7 34 55 81 53 87 91 74 28 96 56 22 99 51 80 98 86 1 23 45 27 37 2 100 68 77 83 93 92 38 73 17 31 85 29 84 63 13 46 65 75 71 64 61 76 11 19 49
61 30 10 71 4 67 19 7 53 35 50 62 91 49 13 89 74 38 99 55 47 93 11 65 80 23 57 81 51 45 32 66 46 98 59 82 85 36 77 20 95 3 8 56 1 31 29 83 73 88 44 92 48 75 96 22 94 28 76 15 69 37 97 63 12 84 21 39 27 42 52 86 68 78 43 41 9 18 24 34 33 79 14 58 64 26 70 25 100 54 87 6 16 40 5 2 17 72 60 90
30 99 79 40 57 36 88 76 22 4 19 31 60 18 82 58 43 7 68 24 16 62 80 34 49 92 26 50 20 14 45 35 15 67 28 51 54 5 46 89 64 72 77 25 70 100 98 52 42 69 13 53 17 44 65 91 63 97 1 84 38 6 66 32 9 61 90 8 96 11 33 55 37 47 12 10 78 87 93 3 2 48 83 27 41 95 39 94 73 23 56 75 85 81 74 71 86 21 29 59
6 75 55 16 33 12 64 52 98 80 95 7 36 94 58 34 19 83 44 100 92 38 56 10 25 68 2 26 96 90 21 11 91 43 4 27 30 81 22 65 40 48 53 1 46 76 74 28 18 45 89 29 93 20 41 67 39 73 77 60 14 82 42 8 85 37 66 84 72 87 9 31 13 23 88 86 54 63 69 79 78 24 59 3 17 71 15 70 49 99 32 51 61 57 50 47 62 97 5 35
24 93 73 34 51 30 82 70 16 98 13 25 54 12 76 52 37 1 62 18 10 56 74 28 43 86 20 44 14 8 39 29 9 61 22 45 48 99 40 83 58 66 71 19 64 94 92 46 36 63 7 47 11 38 59 85 57 91 95 78 32 100 60 26 3 55 84 2 90 5 27 49 31 41 6 4 72 81 87 97 96 42 77 21 35 89 33 88 67 17 50 69 79 75 68 65 80 15 23 53
66 35 15 76 93 72 24 12 58 40 55 67 96 54 18 94 79 43 4 60 52 98 16 70 85 28 62 86 56 50 81 71 51 3 64 87 90 41 82 25 100 8 13 61 6 36 34 88 78 5 49 89 53 80 1 27 99 33 37 20 74 42 2 68 45 97 26 44 32 47 69 91 73 83 48 46 14 23 29 39 38 84 19 63 77 31 75 30 9 59 92 11 21 17 10 7 22 57 65 95
41 10 90 51 68 47 99 87 33 15 30 42 71 29 93 69 54 18 79 35 27 73 91 45 60 3 37 61 31 25 56 46 26 78 39 62 65 16 57 100 75 83 88 36 81 11 9 63 53 80 24 64 28 55 76 2 74 8 12 95 49 17 77 43 20 72 1 19 7 22 44 66 48 58 23 21 89 98 4 14 13 59 94 38 52 6 50 5 84 34 67 86 96 92 85 82 97 32 40 70
9 78 58 19 36 15 67 55 1 83 98 10 39 97 61 37 22 86 47 3 95 41 59 13 28 71 5 29 99 93 24 14 94 46 7 30 33 84 25 68 43 51 56 4 49 79 77 31 21 48 92 32 96 23 44 70 42 16 80 63 17 85 45 11 88 40 69 87 75 90 12 34 76 26 91 89 57 66 72 82 81 27 62 6 20 74 18 73 52 2 35 54 64 60 53 50 65 100 8 38
94 63 43 4 21 100 52 40 86 68 83 95 24 82 46 22 7 71 32 88 80 26 44 98 13 56 90 14 84 78 9 99 79 31 92 15 18 69 10 53 28 36 41 89 34 64 62 16 6 33 77 17 81 8 29 55 27 61 65 48 2 70 30 96 73 25 54 72 60 75 97 19 1 11 76 74 42 51 57 67 66 12 47 91 5 59 3 58 37 87 20 39 49 45 38 35 50 85 93 23
13 82 62 23 40 19 71 59 5 87 2 14 43 1 65 41 26 90 51 7 99 45 63 17 32 75 9 33 3 97 28 18 98 50 11 34 37 88 29 72 47 55 60 8 53 83 81 35 25 52 96 36 100 27 48 74 46 80 84 67 21 89 49 15 92 44 73 91 79 94 16 38 20 30 95 93 61 70 76 86 85 31 66 10 24 78 22 77 56 6 39 58 68 64 57 54 69 4 12 42
81 50 30 91 8 87 39 27 73 55 70 82 11 69 33 9 94 58 19 75 67 13 31 85 100 43 77 1 71 65 96 86 66 18 79 2 5 56 97 40 15 23 28 76 21 51 49 3 93 20 64 84 68 95 16 42 14 48 32 35 89 57 17 83 60 4 41 59 47 62 36 6 88 98 63 61 29 38 44 54 53 99 34 78 92 46 90 45 12 74 7 26 24 72 25 22 37 52 80 10
34 3 83 44 61 40 92 80 26 8 23 35 64 22 86 62 47 11 72 28 20 66 84 38 53 96 30 54 24 18 49 39 19 71 32 55 58 9 50 93 68 76 81 29 74 4 2 56 46 73 17 57 21 48 69 95 67 1 5 88 42 10 70 36 13 65 94 12 100 15 37 59 41 51 16 14 82 91 97 7 6 52 87 31 45 99 43 98 77 27 60 79 89 85 78 75 90 25 33 63
88 57 37 98 15 94 46 34 80 62 77 89 18 76 40 16 1 65 26 82 74 20 38 92 7 50 84 8 78 72 3 93 73 25 86 9 12 63 4 47 22 30 35 83 28 58 56 10 100 27 71 11 75 2 23 49 21 55 59 42 96 64 24 90 67 19 48 66 54 69 91 13 95 5 70 68 36 45 51 61 60 6 41 85 99 53 97 52 31 81 14 33 43 39 32 29 44 79 87 17
44 13 93 54 71 50 2 90 36 18 33 45 74 32 96 72 57 21 82 38 30 76 94 48 63 6 40 64 34 28 59 49 29 81 42 65 68 19 60 3 78 86 91 39 84 14 12 66 56 83 27 67 31 58 79 5 77 11 15 98 52 20 80 46 23 75 4 22 10 25 47 69 51 61 26 24 92 1 7 17 16 62 97 41 55 9 53 8 87 37 70 89 99 95 88 85 100 35 43 73
83 52 32 93 10 89 41 29 75 57 72 84 13 71 35 11 96 60 21 77 69 15 33 87 2 45 79 3 73 67 98 88 68 20 81 4 7 58 99 42 17 25 30 78 23 53 51 5 95 22 66 6 70 97 18 44 16 50 54 37 91 59 19 85 62 14 43 61 49 64 86 8 90 100 65 63 31 40 46 56 55 1 36 80 94 48 92 47 26 76 9 28 38 34 27 24 39 74 82 12
23 92 72 33 50 29 81 69 15 97 12 24 53 11 75 51 36 100 61 17 9 55 73 27 42 85 19 43 13 7 38 28 8 60 21 44 47 98 39 82 57 65 70 18 63 93 91 45 35 62 6 46 10 37 58 84 56 90 94 77 31 99 59 25 2 54 83 1 89 4 26 48 30 40 5 3 71 80 86 96 95 41 76 20 34 88 32 87 66 16 49 68 78 74 67 64 79 14 22 52
91 60 40 1 18 97 49 37 83 65 80 92 21 79 43 19 4 68 29 85 77 23 41 95 10 53 87 11 81 75 6 96 76 28 89 12 15 66 7 50 25 33 38 86 31 61 59 13 3 30 74 14 78 5 26 52 24 58 62 45 99 67 27 93 70 22 51 69 57 72 94 16 98 8 73 71 39 48 54 64 63 9 44 88 2 56 100 55 34 84 17 36 46 42 35 32 47 82 90 20
53 22 2 63 80 59 11 99 45 27 42 54 83 41 5 81 66 30 91 47 39 85 3 57 72 15 49 73 43 37 84 58 38 90 51 74 77 28 69 12 87 95 96 48 93 23 21 75 65 92 36 76 40 67 88 14 86 20 24 7 61 29 89 55 32 100 13 31 19 34 56 78 60 70 35 33 1 10 64 26 25 71 6 50 68 18 62 17 16 46 79 98 8 4 97 94 9 44 52 82
63 32 12 73 90 69 21 9 55 37 52 64 93 51 15 91 76 40 1 57 49 95 13 67 82 25 59 83 53 47 78 68 48 100 61 84 87 38 79 22 97 5 10 58 3 33 31 85 75 2 46 86 50 77 98 24 96 30 34 17 71 39 99 65 42 94 23 41 29 44 66 88 70 80 45 43 11 20 26 36 35 81 16 60 74 28 72 27 6 56 89 8 18 14 7 4 19 54 62 92
99 68 48 9 26 5 57 45 91 73 88 100 29 87 51 27 12 76 37 93 85 31 49 3 18 61 95 19 89 83 14 4 84 36 97 20 23 74 15 58 33 41 46 94 39 69 67 21 11 38 82 22 86 13 34 60 32 66 70 53 7 75 35 1 78 30 59 77 65 80 2 24 6 16 81 79 47 56 62 72 71 17 52 96 10 64 8 63 42 92 25 44 54 50 43 40 55 90 98 28
64 33 13 74 91 70 22 10 56 38 53 65 94 52 16 92 77 41 2 58 50 96 14 68 83 26 60 84 54 48 79 69 49 1 62 85 88 39 80 23 98 6 11 59 4 34 32 86 76 3 47 87 51 78 99 25 97 31 35 18 72 40 100 66 43 95 24 42 30 45 67 89 71 81 46 44 12 21 27 37 36 82 17 61 75 29 73 28 7 57 90 9 19 15 8 5 20 55 63 93
35 4 84 45 62 41 93 81 27 9 24 36 65 23 87 63 48 12 73 29 21 67 85 39 54 97 31 55 25 19 50 40 20 72 33 56 59 10 51 94 69 77 82 30 75 5 3 57 47 74 18 58 22 49 70 96 68 2 6 89 43 11 71 37 14 66 95 13 1 16 38 60 42 52 17 15 83 92 98 8 7 53 88 32 46 100 44 99 78 28 61 80 90 86 79 76 91 26 34 64
3 72 52 13 30 9 61 49 95 77 92 4 33 91 55 31 16 80 41 97 89 35 53 7 22 65 99 23 93 87 18 8 88 40 1 24 27 78 19 62 37 45 50 98 43 73 71 25 15 42 86 26 90 17 38 64 36 70 74 57 11 79 39 5 82 34 63 81 69 84 6 28 10 20 85 83 51 60 66 76 75 21 56 100 14 68 12 67 46 96 29 48 58 54 47 44 59 94 2 32
26 95 75 36 53 32 84 72 18 100 15 27 56 14 78 54 39 3 64 20 12 58 76 30 45 88 22 46 16 10 41 31 11 63 24 47 50 1 42 85 60 68 73 21 66 96 94 48 38 65 9 49 13 40 61 87 59 93 97 80 34 2 62 28 5 57 86 4 92 7 29 51 33 43 8 6 74 83 89 99 98 44 79 23 37 91 35 90 69 19 52 71 81 77 70 67 82 17 25 55
67 36 16 77 94 73 25 13 59 41 56 68 97 55 19 95 80 44 5 61 53 99 17 71 86 29 63 87 57 51 82 72 52 4 65 88 91 42 83 26 1 9 14 62 7 37 35 89 79 6 50 90 54 81 2 28 100 34 38 21 75 43 3 69 46 98 27 45 33 48 70 92 74 84 49 47 15 24 30 40 39 85 20 64 78 32 76 31 10 60 93 12 22 18 11 8 23 58 66 96
25 94 74 35 52 31 83 71 17 99 14 26 55 13 77 53 38 2 63 19 11 57 75 29 44 87 21 45 15 9 40 30 10 62 23 46 49 100 41 84 59 67 72 20 65 95 93 47 37 64 8 48 12 39 60 86 58 92 96 79 33 1 61 27 4 56 85 3 91 6 28 50 32 42 7 5 73 82 88 98 97 43 78 22 36 90 34 89 68 18 51 70 80 76 69 66 81 16 24 54
60 29 9 70 87 66 18 6 52 34 49 61 90 48 12 88 73 37 98 54 46 92 10 64 79 22 56 80 50 44 75 65 45 97 58 81 84 35 76 19 94 2 7 55 100 30 28 82 72 99 43 83 47 74 95 21 93 27 31 14 68 36 96 62 39 91 20 38 26 41 63 85 67 77 42 40 8 17 23 33 32 78 13 57 71 25 69 24 3 53 86 5 15 11 4 1 16 51 59 89
72 41 21 82 99 78 30 18 64 46 61 73 2 60 24 100 85 49 10 66 58 4 22 76 91 34 68 92 62 56 87 77 57 26 70 93 96 47 88 31 6 14 19 67 12 42 40 94 84 11 55 95 59 86 7 33 5 39 43 9 80 48 8 74 51 3 32 50 38 53 75 97 79 89 54 52 20 29 35 45 44 90 25 69 83 37 81 36 15 65 98 17 27 23 16 13 28 63 71 1
76 45 25 86 3 82 34 22 68 50 65 77 6 64 28 4 89 53 14 70 62 8 26 80 95 38 72 96 66 60 91 81 61 13 74 97 100 51 92 35 10 18 23 71 16 46 44 98 88 15 59 99 63 90 11 37 9 43 47 30 84 52 12 78 55 7 36 54 42 57 79 1 83 93 58 56 24 33 39 49 48 94 29 73 87 41 85 40 19 69 2 21 31 27 20 17 32 67 75 5
100 69 49 10 27 6 58 46 92 74 89 1 30 88 52 28 13 77 38 94 86 32 50 4 19 62 96 20 90 84 15 5 85 37 98 21 24 75 16 59 34 42 47 95 40 70 68 22 12 39 83 23 87 14 35 61 33 67 71 54 8 76 36 2 79 31 60 78 66 81 3 25 7 17 82 80 48 57 63 73 72 18 53 97 11 65 9 64 43 93 26 45 55 51 44 41 56 91 99 29
90 59 39 100 17 96 48 36 82 64 79 91 20 78 42 18 3 67 28 84 76 22 40 94 9 52 86 10 80 74 5 95 75 27 88 11 14 65 6 49 24 32 37 85 30 60 58 12 2 29 73 13 77 4 25 51 23 57 61 44 98 66 26 92 69 21 50 68 56 71 93 15 97 7 72 70 38 47 53 63 62 8 43 87 1 55 99 54 33 83 16 35 45 41 34 31 46 81 89 19
98 67 47 8 25 4 56 44 90 72 87 99 28 86 50 26 11 75 36 92 84 30 48 2 17 60 94 18 88 82 13 3 83 35 96 19 22 73 14 57 32 40 45 93 38 68 66 20 10 37 81 21 85 12 33 59 31 65 69 52 6 74 34 100 77 29 58 76 64 79 1 23 5 15 80 78 46 55 61 71 70 16 51 95 9 63 7 62 41 91 24 43 53 49 42 39 54 89 97 27
22 91 71 32 49 28 80 68 14 96 11 23 52 10 74 50 35 99 60 16 8 54 72 26 41 84 18 42 12 6 37 27 7 59 20 43 46 97 38 81 56 64 69 17 62 92 90 44 34 61 5 45 9 36 57 83 55 89 93 76 30 98 58 24 1 53 82 100 88 3 25 47 29 39 4 2 70 79 85 95 94 40 75 19 33 87 31 86 65 15 48 67 77 73 66 63 78 13 21 51
15 84 64 25 42 21 73 61 7 89 4 16 45 3 67 43 28 92 53 9 1 47 65 19 34 77 11 35 5 99 30 20 100 52 13 36 39 90 31 74 49 57 62 10 55 85 83 37 27 54 98 38 2 29 50 76 48 82 86 69 23 91 51 17 94 46 75 93 81 96 18 40 22 32 97 95 63 72 78 88 87 33 68 12 26 80 24 79 58 8 41 60 70 66 59 56 71 6 14 44
87 56 36 97 14 93 45 33 79 61 76 88 17 75 39 15 100 64 25 81 73 19 37 91 6 49 83 7 77 71 2 92 72 24 85 8 11 62 3 46 21 29 34 82 27 57 55 9 99 26 70 10 74 1 22 48 20 54 58 41 95 63 23 89 66 18 47 65 53 68 90 12 94 4 69 67 35 44 50 60 59 5 40 84 98 52 96 51 30 80 13 32 42 38 31 28 43 78 86 16
95 64 44 5 22 1 53 41 87 69 84 96 25 83 47 23 8 72 33 89 81 27 45 99 14 57 91 15 85 79 10 100 80 32 93 16 19 70 11 54 29 37 42 90 35 65 63 17 7 34 78 18 82 9 30 56 28 62 66 49 3 71 31 97 74 26 55 73 61 76 98 20 2 12 77 75 43 52 58 68 67 13 48 92 6 60 4 59 38 88 21 40 50 46 39 36 51 86 94 24
75 44 24 85 2 81 33 21 67 49 64 76 5 63 27 3 88 52 13 69 61 7 25 79 94 37 71 95 65 59 90 80 60 12 73 96 99 50 91 34 9 17 22 70 15 45 43 97 87 14 58 98 62 89 10 36 8 42 46 29 83 51 11 77 54 6 35 53 41 56 78 100 82 92 57 55 23 32 38 48 47 93 28 72 86 40 84 39 18 68 1 20 30 26 19 16 31 66 74 4
48 17 97 58 75 54 6 94 40 22 37 49 78 36 100 76 61 25 86 42 34 80 98 52 67 10 44 68 38 32 63 53 33 85 46 69 72 23 64 7 82 90 95 43 88 18 16 70 60 87 31 71 35 62 83 9 81 15 19 2 56 24 84 50 27 79 8 26 14 29 51 73 55 65 30 28 96 5 11 21 20 66 1 45 59 13 57 12 91 41 74 93 3 99 92 89 4 39 47 77
84 53 33 94 11 90 42 30 76 58 73 85 14 72 36 12 97 61 22 78 70 16 34 88 3 46 80 4 74 68 99 89 69 21 82 5 8 59 100 43 18 26 31 79 24 54 52 6 96 23 67 7 71 98 19 45 17 51 55 38 92 60 20 86 63 15 44 62 50 65 87 9 91 1 66 64 32 41 47 57 56 2 37 81 95 49 93 48 27 77 10 29 39 35 28 25 40 75 83 13
65 34 14 75 96 71 23 11 57 39 54 66 95 53 17 93 78 42 3 59 51 97 15 69 84 27 61 85 55 49 80 70 50 2 63 86 89 40 81 24 99 7 12 60 5 35 33 87 77 4 52 88 92 79 100 26 98 32 36 19 73 41 1 67 44 48 25 43 31 46 68 90 72 82 47 45 13 22 28 38 37 83 18 62 76 30 74 29 8 58 91 10 20 16 9 6 21 56 64 94
92 61 41 2 19 98 50 38 84 66 81 93 22 80 44 20 5 69 30 86 78 24 42 96 11 54 88 12 82 76 7 97 77 29 90 13 16 67 8 51 26 34 39 87 32 62 60 14 4 31 75 15 79 6 27 53 25 59 63 46 100 68 28 94 71 23 52 70 58 73 95 17 99 9 74 72 40 49 55 65 64 10 45 89 3 57 1 56 35 85 18 37 47 43 36 33 48 83 91 21
80 49 29 90 7 86 38 26 72 54 69 81 10 68 32 8 93 57 18 74 66 12 30 84 99 42 76 100 70 64 95 85 65 17 78 1 4 55 96 39 14 22 27 75 20 50 48 2 92 19 63 3 67 94 15 41 13 47 51 34 88 56 16 82 59 11 40 58 46 61 83 5 87 97 62 60 28 37 43 53 52 98 33 77 91 45 89 44 23 73 6 25 35 31 24 21 36 71 79 9
51 20 100 61 78 57 9 97 43 25 40 52 81 39 3 79 64 28 89 45 37 83 1 55 70 13 47 71 41 35 66 56 36 88 49 72 75 26 67 10 85 93 98 46 91 21 19 73 63 90 34 74 38 65 86 12 84 18 22 5 59 27 87 53 30 82 11 29 17 32 54 76 58 68 33 31 99 8 14 24 23 69 4 48 62 16 60 15 94 44 77 96 6 2 95 92 7 42 50 80
5 74 54 15 32 11 63 51 97 79 94 6 35 93 57 33 18 82 43 99 91 37 55 9 24 67 1 25 95 89 20 10 90 42 3 26 29 80 21 64 39 47 76 100 45 75 73 27 17 44 88 28 36 19 40 66 38 72 52 59 13 81 41 7 68 92 65 83 71 86 8 30 12 22 87 85 53 62 84 78 77 23 58 2 16 70 14 69 48 98 31 50 60 56 49 46 61 96 4 34
46 15 95 56 73 52 4 92 38 20 35 47 76 34 98 74 59 23 84 40 32 78 96 50 65 8 42 66 36 30 61 51 31 83 44 67 70 21 62 5 80 88 93 41 86 16 14 68 58 85 29 69 33 60 81 7 79 13 17 100 54 22 82 48 25 77 6 24 12 27 49 71 53 63 28 26 94 3 9 19 18 64 99 43 57 11 55 10 89 39 72 91 1 97 90 87 2 37 45 75
69 38 18 79 92 75 27 15 61 43 58 70 99 57 21 97 82 46 7 63 55 1 19 73 88 31 65 89 59 53 16 74 54 6 67 90 93 44 85 28 3 11 100 64 9 39 37 91 81 8 48 52 56 83 4 30 2 76 40 23 77 45 5 71 96 12 29 47 35 50 84 94 36 86 51 49 17 26 20 42 41 87 22 66 80 34 78 33 24 62 95 14 72 32 13 10 25 60 68 98
49 18 98 59 88 55 7 95 41 23 38 50 79 37 1 77 62 26 87 43 35 81 99 53 68 11 45 69 39 33 76 54 34 86 47 70 73 24 65 8 83 91 52 44 89 19 17 71 61 96 32 72 16 63 84 10 82 36 20 3 57 25 85 51 28 80 9 27 15 30 64 74 92 66 31 29 97 6 12 22 21 67 2 46 60 14 58 13 4 42 75 94 56 100 93 90 5 40 48 78
16 85 65 26 43 22 74 62 8 90 5 17 46 4 68 44 29 93 54 10 2 48 66 20 35 78 12 36 6 100 31 21 1 53 14 37 40 91 32 75 50 58 63 11 56 86 84 38 28 55 99 39 3 30 51 77 49 83 87 70 24 92 52 18 95 47 76 94 82 97 19 41 23 33 98 96 64 73 79 89 88 34 69 13 27 81 25 80 59 9 42 61 71 67 60 57 72 7 15 45
47 16 96 57 74 53 5 93 39 21 36 48 77 35 99 75 60 24 85 41 33 79 97 51 66 9 43 67 37 31 62 52 32 84 45 68 71 22 63 6 81 89 94 42 87 17 15 69 59 86 30 70 34 61 82 8 80 14 18 1 55 23 83 49 26 78 7 25 13 28 50 72 54 64 29 27 95 4 10 20 19 65 100 44 58 12 56 11 90 40 73 92 2 98 91 88 3 38 46 76
7 76 56 17 34 13 65 53 99 81 96 8 37 95 59 35 20 84 45 1 93 39 57 11 26 69 3 27 97 91 22 12 92 44 5 28 31 82 23 66 41 49 54 2 47 77 75 29 19 46 90 30 94 21 42 68 40 74 78 61 15 83 43 9 86 38 67 85 73 88 10 32 14 24 89 87 55 64 70 80 79 25 60 4 18 72 16 71 50 100 33 52 62 58 51 48 63 98 6 36
11 80 60 21 38 17 69 57 3 85 100 12 41 99 63 39 24 88 49 5 97 43 61 15 30 73 7 31 1 95 26 16 96 48 9 32 35 86 27 70 45 53 58 6 51 81 79 33 23 50 94 34 98 25 46 72 44 78 82 65 19 87 47 13 90 42 71 89 77 92 14 36 18 28 93 91 59 68 74 84 83 29 64 8 22 76 20 75 54 4 37 56 66 62 55 52 67 2 10 40
54 23 3 64 81 60 12 100 46 28 43 55 84 42 6 82 67 31 92 48 40 86 4 58 73 16 50 74 44 38 69 59 39 91 52 75 78 29 70 13 88 96 1 49 94 24 22 76 66 93 37 77 41 68 89 15 87 21 25 8 62 30 90 56 33 85 14 32 20 35 57 79 61 71 36 34 2 11 17 27 26 72 7 51 65 19 63 18 97 47 80 99 9 5 98 95 10 45 53 83
14 83 63 24 41 20 72 60 6 88 3 15 44 2 66 42 27 91 52 8 100 46 64 18 33 76 10 34 4 98 29 19 99 51 12 35 38 89 30 73 48 56 61 9 54 84 82 36 26 53 97 37 1 28 49 75 47 81 85 68 22 90 50 16 93 45 74 92 80 95 17 39 21 31 96 94 62 71 77 87 86 32 67 11 25 79 23 78 57 7 40 59 69 65 58 55 70 5 13 43
73 42 22 83 100 79 31 19 65 47 62 74 3 61 25 1 86 50 11 67 59 5 23 77 4 35 69 93 63 57 88 78 58 10 71 94 97 48 89 32 7 15 20 68 13 43 41 95 85 12 56 96 60 87 8 34 6 40 44 27 81 49 9 75 52 16 33 51 39 54 76 98 80 90 55 53 21 30 36 46 45 91 26 70 84 38 82 37 92 66 99 18 28 24 17 14 29 64 72 2
42 11 91 52 69 48 100 88 34 16 31 43 72 30 94 70 55 19 80 36 28 74 92 46 61 4 38 62 32 26 57 47 27 79 40 63 66 17 58 1 76 84 89 37 82 12 10 64 54 81 25 65 29 56 77 3 75 9 13 96 50 18 78 44 21 73 2 20 8 23 45 67 49 59 24 22 90 99 5 15 14 60 95 39 53 7 51 6 85 35 68 87 97 93 86 83 98 33 41 71
68 37 17 78 95 74 26 14 60 42 57 69 98 56 20 96 81 45 6 62 54 100 18 72 87 30 64 88 58 52 83 73 53 5 66 89 92 43 84 27 2 10 15 63 8 38 36 90 80 7 51 91 55 82 3 29 1 35 39 22 76 44 4 70 47 99 28 46 34 49 71 93 75 85 50 48 16 25 31 41 40 86 21 65 79 33 77 32 11 61 94 13 23 19 12 9 24 59 67 97
2 71 51 12 29 8 60 48 94 76 91 3 32 90 54 30 15 79 40 96 88 34 52 6 21 64 98 22 92 86 17 7 87 39 100 23 26 77 18 61 36 44 49 97 42 72 70 24 14 41 85 25 89 16 37 63 35 69 73 56 10 78 38 4 81 33 62 80 68 83 5 27 9 19 84 82 50 59 65 75 74 20 55 99 13 67 11 66 45 95 28 47 57 53 46 43 58 93 1 31
39 8 88 49 66 45 97 85 31 13 28 40 69 27 91 67 52 16 77 33 25 71 89 43 58 1 35 59 29 23 54 44 24 76 37 60 63 14 55 98 73 81 86 34 79 9 7 61 51 78 22 62 26 53 74 100 72 6 10 93 47 15 75 41 18 70 99 17 5 20 42 64 46 56 21 19 87 96 2 12 11 57 92 36 50 4 48 3 82 32 65 84 94 90 83 80 95 30 38 68
52 21 1 62 79 58 10 98 44 26 41 53 82 40 4 80 65 29 90 46 38 84 2 56 71 14 48 72 42 36 67 57 37 89 50 73 76 27 68 11 86 94 99 47 92 22 20 74 64 91 35 75 39 66 87 13 85 19 23 6 60 28 88 54 31 83 12 30 18 33 55 77 59 69 34 32 100 9 15 25 24 70 5 49 63 17 61 16 95 45 78 97 7 3 96 93 8 43 51 81
19 88 68 29 46 25 77 65 11 93 8 20 49 7 71 47 32 96 57 13 5 51 69 23 38 81 15 39 9 3 34 24 4 56 17 40 43 94 35 78 53 61 66 14 59 89 87 41 31 58 2 42 6 33 54 80 52 86 90 73 27 95 55 21 98 50 79 97 85 100 22 44 26 36 1 99 67 76 82 92 91 37 72 16 30 84 28 83 62 12 45 64 74 70 63 60 75 10 18 48
