1
100
58 15 25 91 4 60 64 44 8 28 50 16 29 46 45 41 79 9 6 75 83 40 98 70 53 71 2 1 74 54 100 23 27 22 52 55 20 84 10 43 19 47 65 13 37 72 57 51 92 7 80 24 95 96 14 67 33 38 73 63 36 34 56 48 76 85 32 62 78 90 31 93 68 97 49 35 5 26 89 61 17 59 66 99 81 12 21 82 42 94 18 87 77 3 39 86 88 30 11 69
58 15 25 91 4 60 64 44 8 28 50 16 29 46 45 41 79 9 6 75 83 40 98 70 53 71 2 1 74 54 100 23 27 22 52 55 16 84 10 43 19 47 65 13 37 72 57 51 92 7 80 24 95 96 14 67 33 38 73 63 36 34 56 48 76 85 32 62 78 90 31 93 68 97 49 35 5 26 89 61 17 59 66 99 81 12 21 82 42 94 18 87 77 3 39 86 88 30 11 69
58 15 25 91 4 60 64 44 8 28 50 16 29 46 45 41 79 9 6 75 83 40 98 70 53 71 2 1 74 54 100 23 27 22 52 55 20 84 10 43 19 47 65 13 37 72 57 51 92 7 80 24 95 96 14 67 33 38 73 63 36 34 56 48 76 85 32 62 78 90 31 93 68 97 49 35 5 26 89 61 17 59 66 99 81 12 21 82 42 94 18 87 77 3 39 86 88 30 11 69
58 15 25 91 4 60 64 44 8 28 50 16 29 46 45 41 79 9 6 75 83 40 98 70 53 71 2 1 74 54 100 23 27 22 52 55 20 84 10 43 19 47 65 13 37 72 57 51 92 7 80 24 95 96 14 67 33 38 73 63 36 34 56 48 76 85 32 62 78 90 31 93 68 97 49 35 5 26 89 61 17 59 66 99 81 12 21 82 42 94 18 87 77 3 39 86 88 30 11 69
58 15 25 91 4 60 64 44 8 28 50 16 29 46 45 41 79 9 6 75 83 40 98 70 53 71 2 1 74 54 100 23 27 22 52 55 20 84 10 43 19 47 65 13 37 72 57 51 92 7 80 24 95 96 14 67 33 38 73 63 36 34 56 48 76 85 32 62 78 90 31 93 68 63 49 35 5 26 89 61 17 59 66 99 81 12 21 82 42 94 18 87 77 3 39 86 88 30 11 69
58 15 25 91 4 60 64 44 8 28 50 16 29 46 45 41 79 9 6 75 83 40 98 70 53 71 2 1 74 54 100 23 27 22 52 55 20 84 10 43 19 47 65 13 37 72 57 51 92 7 80 24 95 96 14 67 33 38 73 63 36 34 56 48 76 85 32 62 78 90 31 93 68 97 49 35 5 26 89 61 17 59 66 99 81 12 21 82 42 94 18 87 77 3 39 86 88 30 11 69
58 15 25 91 4 60 64 44 8 28 50 16 29 7 45 41 79 9 6 75 83 40 98 70 53 71 2 1 74 54 100 23 27 22 52 55 20 84 10 43 19 47 65 13 37 72 57 51 92 7 80 24 95 96 14 67 33 38 73 63 36 34 56 48 76 85 32 62 78 90 31 93 68 97 49 35 5 26 89 61 17 59 66 99 81 12 21 82 42 94 18 87 77 3 39 86 88 30 11 69
58 15 25 91 4 60 64 44 8 28 50 16 29 46 45 41 79 9 6 75 83 40 98 70 53 71 2 1 74 54 100 23 27 22 52 55 20 84 10 43 19 47 65 13 37 72 57 51 92 7 80 24 95 96 14 67 33 38 73 63 36 34 56 48 76 85 32 62 78 90 31 93 68 97 49 35 5 26 89 61 17 59 66 99 81 12 21 82 42 94 18 87 77 3 39 86 88 30 11 69
58 15 25 91 4 60 64 44 8 28 50 16 29 46 45 41 79 9 6 75 83 40 98 70 53 71 2 1 74 54 100 23 27 22 52 55 20 84 10 43 19 47 65 13 37 72 57 51 92 7 80 24 95 96 14 67 33 38 73 63 36 34 56 48 76 85 32 62 78 90 31 93 68 97 49 35 5 26 89 61 17 59 66 99 81 12 21 82 42 94 18 87 77 3 39 86 88 30 11 69
58 15 25 91 4 60 64 44 8 28 50 16 29 46 45 41 79 9 6 75 83 40 98 70 53 71 2 1 74 54 100 23 27 22 52 55 20 84 10 43 19 47 65 13 37 72 57 51 92 7 80 24 95 96 14 67 33 38 73 63 36 34 56 48 76 85 32 62 78 90 31 93 68 97 49 35 5 26 89 61 17 59 66 99 81 12 21 82 42 94 18 87 77 3 39 86 88 30 11 69
58 15 25 91 4 60 64 44 8 28 50 16 29 46 45 41 79 9 6 75 83 40 98 70 53 71 2 1 74 54 100 23 27 22 52 55 20 84 10 43 19 47 65 13 37 72 57 51 92 7 80 24 95 96 14 67 33 38 73 63 36 34 56 48 76 85 32 62 78 90 31 93 68 97 49 35 5 26 89 61 17 59 66 99 81 12 21 82 42 94 18 87 77 3 39 86 88 30 11 69
58 15 25 91 4 60 64 44 8 28 50 16 29 46 45 41 79 9 6 75 83 40 98 70 53 71 2 1 74 54 100 23 27 22 52 55 20 84 10 43 19 47 65 13 37 72 57 51 92 7 80 24 95 96 14 67 33 38 73 63 36 34 56 48 76 85 32 62 78 90 31 93 68 97 49 35 5 26 89 61 17 59 66 99 81 12 21 82 42 94 18 87 77 3 39 86 88 30 11 69
58 15 25 91 4 60 64 44 8 28 50 16 29 46 45 33 79 9 6 75 83 40 98 70 53 71 2 1 74 54 100 23 27 22 52 55 20 84 10 43 19 47 65 13 37 72 57 51 92 7 80 24 95 96 14 67 33 38 73 63 36 34 56 48 76 85 32 62 78 90 31 93 68 97 49 35 5 26 89 61 17 59 66 99 81 12 21 82 42 94 18 87 77 3 39 86 88 30 11 69
58 15 25 91 4 60 64 44 8 28 50 16 29 46 45 41 79 9 6 75 83 40 98 70 53 71 2 1 74 54 100 23 27 22 52 55 20 84 10 43 19 47 65 13 37 72 57 51 92 7 80 24 95 96 14 67 33 38 73 63 36 34 56 48 76 85 32 62 78 90 31 93 68 97 49 35 5 26 89 61 17 59 66 99 81 12 21 82 42 94 18 87 77 3 39 86 88 30 11 69
58 15 25 91 4 60 64 44 8 28 50 16 29 46 45 41 79 9 6 75 83 40 98 70 53 71 2 1 74 54 100 23 27 22 52 55 20 84 10 43 19 47 65 13 37 72 57 51 92 7 80 24 95 96 14 67 33 38 73 63 36 34 56 48 76 85 32 62 78 90 31 93 68 97 49 35 5 26 89 61 17 59 66 99 81 12 21 82 42 94 18 87 77 3 39 86 88 30 11 69
58 15 25 91 4 60 64 44 8 28 50 16 29 46 45 41 79 9 6 75 83 40 98 70 53 71 2 1 74 54 100 23 27 22 52 55 20 84 10 43 19 47 65 13 37 72 57 51 92 7 80 24 95 96 14 67 33 38 73 63 36 34 56 48 76 85 32 62 78 90 31 93 68 97 49 35 5 26 89 61 17 59 66 99 81 12 21 82 42 94 18 87 77 3 39 86 88 30 11 69
58 15 25 91 4 60 64 44 8 28 50 16 29 46 45 41 79 9 6 75 83 40 98 70 53 71 2 1 74 54 100 23 27 22 52 55 20 84 10 43 19 47 65 13 37 72 57 51 92 7 80 24 95 96 14 67 33 38 73 63 36 34 56 48 76 85 32 62 78 90 31 93 68 97 49 35 5 26 89 61 17 59 66 99 81 12 21 82 42 94 18 87 77 3 39 86 88 30 11 69
58 15 25 91 4 60 64 44 8 28 50 16 29 46 45 41 79 9 6 75 83 40 98 70 53 71 2 1 74 54 100 23 27 22 52 55 20 84 10 43 19 47 65 13 37 72 57 51 92 7 80 24 95 96 14 67 33 38 73 63 36 34 56 48 76 85 32 62 78 90 31 93 68 97 49 35 5 26 89 61 17 59 66 99 81 12 21 82 42 94 18 87 77 3 39 86 88 30 11 69
58 15 25 91 4 60 64 44 8 28 50 16 29 46 45 41 79 9 6 75 83 40 98 70 53 71 2 1 74 10 100 23 27 22 52 55 20 84 10 43 19 47 65 13 37 72 57 51 92 7 80 24 95 96 14 67 33 38 73 63 36 34 56 48 76 85 32 62 78 90 31 93 68 97 49 35 5 26 89 61 17 59 66 99 81 12 21 82 42 94 18 87 77 3 39 86 88 30 11 69
58 15 25 91 4 60 64 44 8 28 50 16 29 46 45 41 79 9 6 75 83 40 98 70 53 71 2 1 74 54 100 23 27 22 52 55 20 84 10 43 19 47 65 13 37 72 57 51 92 7 80 24 95 96 14 67 33 38 73 63 36 34 56 48 76 85 32 62 78 90 31 93 68 97 49 35 5 26 89 61 17 59 66 99 81 12 21 82 42 94 18 87 77 3 39 86 88 30 11 69
58 15 25 91 4 60 64 44 8 28 50 16 29 46 45 41 79 9 6 75 83 40 98 70 53 71 2 1 74 54 100 23 27 22 52 55 20 84 10 43 19 47 65 13 37 72 57 51 92 7 80 24 95 96 14 67 33 38 73 63 36 34 56 48 76 85 32 62 78 90 31 93 68 97 49 35 5 26 89 61 17 59 66 99 81 12 21 82 42 94 18 87 77 3 39 86 88 30 11 69
58 15 25 91 4 60 64 44 8 28 50 16 29 46 45 41 79 9 6 75 83 40 98 70 53 71 2 1 74 54 100 23 27 22 52 55 20 84 10 43 19 47 65 13 37 72 57 51 92 7 80 24 95 96 14 67 33 38 73 63 36 34 56 48 76 85 32 62 78 90 31 93 68 97 49 35 5 26 89 61 17 59 66 99 81 12 21 82 42 94 18 87 77 3 39 86 88 30 11 69
58 15 25 91 4 60 64 44 8 28 50 16 29 46 45 41 79 9 6 75 83 40 98 70 53 71 2 1 74 54 100 23 27 22 52 55 20 84 10 43 19 47 65 13 37 72 57 51 92 7 80 24 95 96 14 67 33 38 73 63 36 34 56 48 76 85 32 62 78 90 31 93 68 97 49 35 5 26 89 61 17 59 66 99 81 12 21 82 42 94 18 87 77 3 39 86 88 30 11 69
58 15 25 91 4 60 64 44 8 28 50 16 29 46 45 41 79 9 6 75 83 40 98 70 53 71 2 1 74 54 100 23 27 22 52 55 20 84 10 43 19 47 65 13 37 72 57 51 92 7 80 24 95 96 81 67 33 38 73 63 36 34 56 48 76 85 32 62 78 90 31 93 68 97 49 35 5 26 89 61 17 59 30 99 81 12 21 82 42 94 18 87 77 3 39 86 88 30 11 69
58 15 25 91 4 60 64 44 8 28 50 16 29 46 45 41 79 9 6 75 83 40 98 70 53 71 2 1 74 54 100 23 27 22 52 55 20 84 10 43 19 47 65 13 37 72 57 51 92 7 80 24 95 96 14 67 33 38 73 63 36 34 56 48 76 85 32 62 78 90 48 93 68 97 49 35 5 26 89 61 17 59 66 99 81 12 21 82 42 94 18 87 77 3 39 86 88 30 11 69
58 15 25 91 4 60 64 44 8 28 50 16 29 46 45 41 79 9 6 75 83 40 98 70 53 71 2 1 74 54 100 23 27 22 52 55 20 84 10 43 19 47 65 13 37 72 57 51 92 7 80 24 95 96 14 67 33 38 73 63 36 34 56 48 76 85 32 62 78 90 31 93 68 97 49 35 5 26 89 61 17 59 66 99 81 12 21 82 42 94 18 87 77 3 39 86 88 30 11 69
58 15 25 91 4 60 64 44 8 28 50 16 29 46 45 41 79 9 6 75 83 40 98 70 53 71 2 1 74 54 100 23 27 22 52 55 20 84 10 43 19 47 65 13 37 72 57 51 92 7 80 24 95 96 14 67 33 38 73 63 36 34 56 48 76 85 32 62 78 90 31 93 68 97 49 35 5 26 89 61 17 59 66 99 81 12 21 82 42 94 18 87 77 3 39 86 88 30 11 69
58 15 25 91 4 60 64 44 8 28 50 16 29 46 45 41 79 9 6 75 83 40 98 70 53 71 2 1 74 54 100 23 27 22 52 55 20 84 10 43 19 47 65 13 37 72 57 51 92 7 80 24 95 96 14 67 33 38 73 63 36 34 56 48 76 85 32 62 78 90 31 93 68 97 49 35 5 26 89 61 17 59 66 99 81 12 21 82 42 94 18 87 77 3 39 86 88 30 11 69
58 15 25 91 4 60 64 44 8 28 50 16 29 46 45 41 79 9 6 75 83 40 98 70 53 71 2 1 74 54 100 23 27 22 52 55 20 84 10 43 19 47 65 13 37 72 57 51 92 7 80 24 95 96 14 67 33 38 73 63 36 34 56 48 76 85 32 62 78 90 31 93 68 97 49 35 5 26 89 61 17 59 66 99 81 12 21 82 42 94 18 87 77 3 39 86 88 30 11 69
58 15 25 91 4 60 64 44 8 28 50 16 29 46 45 41 79 9 6 75 83 40 98 70 53 71 2 1 74 54 100 23 27 22 52 55 20 84 10 43 19 47 65 13 37 72 57 51 92 7 80 24 95 96 14 67 33 38 73 63 36 34 56 48 76 85 32 62 78 90 31 93 68 97 49 35 5 26 89 61 17 59 66 99 81 12 21 82 42 94 18 87 77 3 39 86 88 30 11 69
58 15 25 91 4 60 64 44 8 28 50 16 29 46 45 41 79 9 6 75 83 40 98 70 53 71 2 1 74 54 100 23 27 22 52 55 20 84 10 43 19 47 65 13 37 72 57 51 92 7 80 24 95 96 14 67 33 38 73 63 36 34 56 48 76 85 32 62 78 90 31 93 68 97 49 35 5 26 89 61 17 59 66 99 81 12 21 82 42 94 18 87 77 3 39 86 88 30 11 69
58 15 25 91 4 60 64 44 8 28 50 16 29 46 45 41 79 9 6 75 83 40 98 70 53 71 2 1 74 54 100 23 27 22 52 55 20 84 10 43 19 47 65 13 37 72 57 51 92 7 80 24 95 96 14 67 33 38 73 63 36 34 56 48 76 85 32 62 78 90 31 93 68 97 49 35 5 26 89 61 17 59 66 99 81 12 21 82 42 94 18 87 77 3 39 86 88 30 11 69
58 15 25 91 4 60 64 44 8 28 50 16 29 46 45 41 79 9 6 75 83 40 98 70 53 71 2 1 74 54 100 23 27 22 52 55 20 84 10 43 19 47 65 13 37 72 57 51 92 7 80 24 95 96 14 67 33 38 73 63 36 34 56 48 76 85 32 62 78 90 31 93 68 97 49 35 5 26 89 61 17 59 66 99 81 12 21 82 42 94 18 87 77 3 39 86 88 30 11 69
58 15 25 91 4 60 64 44 8 28 50 16 29 46 45 41 79 9 6 75 83 40 98 70 53 71 2 1 74 54 100 23 27 22 52 55 20 84 10 43 19 47 65 13 37 72 57 51 92 7 80 24 95 96 14 67 33 38 73 63 36 34 56 48 76 85 32 62 78 90 31 93 68 97 49 35 5 26 89 61 17 59 66 99 81 12 21 82 42 94 18 87 77 3 39 86 88 30 11 69
58 15 25 91 4 60 64 44 8 28 50 16 29 46 45 41 79 9 6 75 83 40 98 70 53 71 2 1 74 54 100 23 27 22 52 55 20 84 10 43 19 47 65 13 37 72 57 51 92 7 80 24 95 96 14 67 33 38 73 63 36 34 56 48 76 85 32 62 78 90 31 93 68 97 49 35 5 26 89 61 17 59 66 99 81 12 21 82 42 94 18 87 77 3 39 86 88 30 11 69
58 15 25 91 4 60 64 44 8 28 50 16 29 46 45 41 79 9 6 75 83 40 98 70 53 71 2 1 74 54 100 23 27 22 52 55 20 84 10 43 19 47 65 13 37 72 57 51 92 7 80 24 95 96 14 67 33 38 73 63 36 34 56 48 76 85 32 62 78 90 31 93 68 97 49 35 5 26 89 61 17 59 66 99 81 12 21 82 42 94 18 87 77 3 39 86 88 30 11 69
58 15 25 91 4 60 64 99 8 28 50 16 29 46 45 41 79 9 6 75 83 40 98 70 53 71 2 1 74 54 100 23 27 22 52 55 20 84 10 43 19 47 65 13 37 72 57 51 92 7 80 24 95 96 14 67 33 38 73 63 36 34 56 48 76 85 32 62 78 90 31 93 68 97 49 35 5 26 89 61 17 59 66 99 81 12 21 82 42 94 18 87 77 3 39 86 88 30 11 69
58 15 25 91 4 60 64 44 8 28 50 16 29 46 45 41 79 9 6 75 83 40 98 70 53 71 2 1 74 54 100 23 27 22 52 55 20 84 10 43 19 47 65 13 37 72 57 51 92 7 80 24 95 96 14 67 33 38 73 63 36 34 56 48 76 85 32 62 78 90 31 93 68 97 49 35 5 26 89 61 17 59 66 99 81 12 21 82 42 94 18 87 77 3 39 86 88 30 11 69
58 15 25 91 4 60 64 44 8 28 50 16 29 46 45 41 79 9 6 75 83 40 98 70 53 71 2 1 74 54 100 23 27 22 52 55 20 84 10 43 19 47 65 13 37 72 57 51 92 7 80 24 95 96 14 67 33 38 73 63 36 34 56 48 76 85 32 62 78 90 31 93 68 97 49 35 5 26 89 61 17 59 66 99 81 12 21 82 42 94 18 87 77 3 39 86 88 30 11 69
58 15 25 91 4 60 64 44 8 28 50 16 29 46 45 41 79 9 6 75 83 40 98 70 53 71 2 1 74 54 100 23 27 22 52 55 20 84 10 43 19 47 65 13 37 72 57 51 92 7 80 24 95 96 14 67 33 38 73 63 36 34 56 48 76 85 32 62 78 90 31 93 68 97 49 35 5 26 89 61 17 59 66 99 81 12 21 82 42 94 18 87 77 3 39 86 88 30 11 69
58 15 25 91 4 60 64 44 8 28 50 16 29 46 45 41 79 9 6 75 83 40 98 70 53 71 2 1 74 54 100 23 27 22 52 55 20 84 10 43 19 47 65 13 37 72 57 51 92 7 80 24 95 96 14 67 33 38 73 63 36 34 56 48 76 85 32 62 78 90 31 93 68 97 49 35 5 26 89 61 17 59 66 99 81 12 21 82 42 94 18 87 77 3 39 86 88 30 11 69
58 15 25 91 4 60 64 44 8 28 50 16 29 46 45 41 79 9 6 75 83 40 98 70 53 71 2 1 74 54 100 23 27 22 52 55 20 84 10 43 19 47 65 13 37 72 57 51 92 7 80 24 95 96 14 67 33 38 73 63 36 34 56 48 76 85 32 62 78 90 31 93 68 97 49 35 5 26 89 61 17 59 66 99 81 12 21 82 42 94 18 87 77 3 39 86 88 30 11 69
58 15 25 91 4 60 64 44 8 28 50 16 29 46 45 41 79 9 6 75 83 40 98 70 53 71 2 1 74 54 100 23 27 22 52 55 20 84 10 43 19 47 65 13 37 72 57 51 92 7 80 24 95 96 14 67 33 38 73 63 36 34 56 48 76 85 32 62 78 90 31 93 68 97 49 35 5 26 89 61 17 59 66 99 81 12 21 82 42 94 18 87 77 3 39 86 88 30 11 69
58 15 25 91 4 60 64 44 8 28 50 16 29 46 45 41 79 9 6 75 83 40 98 70 53 71 2 1 74 54 100 23 27 22 52 55 20 84 10 43 19 47 65 13 37 72 57 51 92 7 80 24 95 96 14 67 33 38 73 63 36 34 56 48 76 85 32 62 78 90 31 93 68 97 49 35 5 26 89 61 17 59 66 99 81 12 21 82 42 94 18 87 77 3 39 86 88 30 11 69
58 15 25 91 4 60 64 44 8 28 50 16 29 46 45 41 79 9 6 75 83 40 98 70 53 71 2 1 74 54 100 23 27 22 52 55 20 84 10 43 19 47 65 13 37 72 57 51 92 7 80 24 95 96 14 67 33 38 73 63 36 34 56 48 76 85 32 62 78 90 31 93 68 97 49 35 5 26 89 61 17 59 66 99 81 12 21 82 42 94 18 87 77 3 39 86 88 30 11 69
58 15 25 91 4 60 64 44 8 28 50 16 29 46 45 41 79 9 6 75 83 40 98 70 53 71 2 1 74 54 100 23 27 22 52 55 20 84 10 43 19 47 65 13 37 72 57 51 92 7 80 24 95 96 14 67 33 38 73 63 36 34 56 48 76 85 32 62 78 90 31 93 68 97 49 35 5 26 89 61 17 59 66 99 81 12 21 82 42 94 18 87 77 3 39 86 88 30 11 69
58 15 25 91 4 60 64 44 8 28 50 16 29 46 45 41 79 9 6 75 83 40 98 70 53 71 2 1 74 54 100 23 27 22 52 55 20 84 10 43 19 47 65 13 37 72 57 51 92 7 80 24 95 96 14 67 33 38 73 63 36 34 56 48 76 85 32 62 78 90 31 93 68 97 49 35 5 26 89 61 17 59 66 99 81 12 21 82 42 94 18 87 77 3 39 86 88 30 11 69
58 15 25 91 4 60 64 44 8 28 50 16 29 46 45 41 79 9 6 75 83 40 98 70 53 71 2 1 74 54 100 23 27 22 52 55 20 84 10 43 19 47 43 13 37 72 57 51 92 7 80 24 95 96 14 67 33 38 73 63 36 34 56 48 76 85 32 62 78 90 31 93 68 97 49 35 5 26 89 61 17 59 66 99 81 12 21 82 42 94 18 87 77 3 39 86 88 30 11 69
58 15 25 91 4 60 64 44 8 28 50 16 29 46 45 41 79 9 6 75 83 40 98 70 53 71 2 1 74 57 100 23 27 22 52 55 20 84 10 43 19 47 65 13 37 72 57 51 92 7 80 24 95 96 14 67 33 38 73 63 36 34 56 48 76 85 32 62 78 90 31 93 68 97 49 35 5 26 89 61 17 59 66 99 81 12 21 82 42 94 18 87 77 3 39 86 88 30 11 69
58 15 25 91 4 60 64 44 8 28 50 16 29 46 45 41 79 9 6 75 83 40 98 70 53 71 2 1 74 54 100 23 27 22 52 55 20 84 10 43 19 47 65 13 37 72 57 51 92 7 80 24 95 96 14 67 33 38 73 63 36 34 56 48 76 85 32 62 78 90 31 93 68 97 49 35 5 26 89 61 17 59 66 99 81 12 21 82 42 94 18 87 77 3 39 86 88 30 11 69
58 15 25 91 4 60 64 44 8 28 50 16 29 46 45 41 79 9 6 75 83 40 98 70 53 71 2 1 74 54 100 23 27 22 52 55 20 84 10 43 19 47 65 13 37 72 57 51 92 7 80 24 95 96 14 67 33 38 73 63 36 34 56 48 76 85 32 62 78 90 31 93 68 97 49 35 5 26 89 61 17 59 66 99 81 12 21 82 42 94 18 35 77 3 39 86 88 30 11 69
58 15 25 91 4 60 64 44 8 28 50 16 29 46 45 41 79 9 6 75 83 40 98 70 53 71 2 1 74 54 100 23 27 22 52 55 20 84 10 43 19 47 65 13 37 72 57 51 92 7 80 24 95 96 14 67 33 38 73 63 36 34 56 48 76 85 32 62 78 90 31 93 68 97 49 35 5 26 89 61 17 59 66 99 81 12 21 82 42 94 18 87 77 3 39 86 88 30 11 69
58 15 25 91 4 60 64 44 8 28 50 16 29 46 45 41 79 9 6 75 83 40 98 70 53 71 2 1 74 54 100 23 27 22 52 55 20 84 10 43 19 47 65 13 37 72 57 51 92 7 80 24 95 96 14 67 33 38 73 63 36 34 56 48 76 85 32 62 78 90 31 93 68 97 49 35 5 26 89 61 17 59 66 99 81 12 21 82 42 94 18 87 77 3 39 86 88 30 11 69
58 15 25 91 4 60 64 44 8 28 50 16 29 46 45 41 79 9 6 75 83 40 98 70 53 71 2 1 74 54 100 23 27 22 52 55 20 84 10 43 19 47 65 13 37 72 57 51 92 7 80 24 95 96 14 67 33 38 73 63 36 34 56 48 76 85 32 62 78 90 31 93 68 97 49 35 5 26 89 61 17 59 66 99 81 12 21 82 42 94 18 87 77 3 39 86 88 30 11 69
58 15 25 91 4 60 64 44 8 28 50 16 29 46 45 41 79 9 6 75 83 40 98 70 53 71 2 1 74 54 100 23 27 22 52 55 20 84 10 43 19 47 65 13 37 72 57 51 92 7 80 24 95 96 14 67 33 38 73 63 36 34 56 48 76 85 32 62 78 90 31 93 68 97 49 35 5 26 89 61 17 59 66 99 81 12 21 82 42 94 18 87 77 3 39 86 88 30 11 69
58 15 25 91 4 60 64 44 8 28 50 16 29 46 45 41 79 9 6 75 83 40 98 70 53 71 2 1 74 54 100 23 27 22 52 55 20 84 10 43 19 47 65 13 37 72 57 51 92 7 80 24 95 96 14 67 33 38 73 63 36 34 56 48 76 85 32 62 78 90 31 93 68 97 49 35 5 26 89 61 17 59 66 99 81 12 21 82 42 94 18 87 77 3 39 86 88 30 11 69
58 15 25 91 4 60 64 44 8 28 50 16 29 46 45 41 79 9 6 75 83 40 98 70 53 71 2 1 74 54 100 23 27 22 52 55 20 84 10 43 19 47 65 13 37 72 57 51 92 7 80 24 95 96 14 67 33 38 73 63 36 34 56 48 76 85 32 62 78 90 31 93 68 97 49 35 5 26 89 61 17 59 66 99 81 12 21 82 42 94 18 87 77 3 39 86 88 30 11 69
58 15 25 91 4 60 64 44 8 28 50 16 29 46 45 41 79 9 6 75 83 40 98 70 53 71 2 1 74 54 100 23 27 22 52 55 20 84 10 43 19 47 65 13 37 72 57 51 92 7 80 24 95 96 14 67 33 38 73 63 36 34 56 48 76 85 32 62 78 90 31 93 68 97 49 35 5 26 89 61 17 59 66 99 81 12 21 82 42 94 18 87 77 3 39 86 88 30 11 69
58 15 25 91 4 60 64 44 8 28 50 16 29 46 45 41 79 9 6 75 83 40 98 70 53 71 2 1 74 54 100 23 27 22 52 55 20 84 10 43 19 47 65 13 37 72 57 51 92 7 80 24 95 96 14 67 33 38 73 63 36 34 56 48 76 85 32 62 78 90 31 93 68 97 49 35 5 26 89 61 17 59 66 99 81 12 21 82 42 94 18 87 77 3 39 86 88 30 11 69
58 15 25 91 4 60 64 44 8 28 50 16 29 46 45 41 79 9 6 75 83 40 98 70 53 71 2 1 74 54 100 23 27 22 52 55 20 84 10 43 19 47 65 13 37 72 57 51 92 7 80 24 95 96 14 67 33 38 73 63 36 34 56 48 76 85 32 62 78 90 31 93 68 97 49 35 5 26 89 61 17 59 66 99 81 12 21 82 42 94 18 87 77 3 39 86 88 30 11 69
73 15 25 91 4 60 64 44 8 28 50 16 29 46 45 41 79 9 6 75 83 40 98 70 53 71 2 1 74 54 100 23 27 22 52 55 20 84 10 43 19 47 65 13 37 72 57 51 92 7 80 24 95 96 14 67 33 38 73 63 36 34 56 48 76 85 32 62 78 90 31 93 68 97 49 35 5 26 89 61 17 59 66 99 81 12 21 82 42 94 18 87 77 3 39 86 88 30 11 69
58 15 25 91 4 60 64 44 8 28 50 16 29 46 45 41 79 9 6 75 83 40 98 70 53 71 2 1 74 54 100 23 27 22 52 55 20 84 10 43 19 47 65 13 37 72 57 51 92 7 80 24 95 96 14 67 33 38 73 63 36 34 56 48 76 85 32 62 78 90 31 93 68 97 49 35 5 26 89 61 17 59 66 99 81 12 21 82 42 94 18 87 77 3 39 86 88 30 11 69
58 15 25 91 4 60 64 44 8 28 50 16 29 46 45 41 79 9 6 75 83 40 98 70 53 71 2 1 74 54 100 23 27 22 52 55 20 84 10 43 19 47 65 13 37 72 57 51 92 7 80 24 95 96 14 67 33 38 73 63 36 34 56 48 76 85 32 62 78 90 31 93 68 97 49 35 5 26 89 61 17 59 66 99 81 12 21 82 42 94 18 87 77 3 39 86 88 30 11 69
58 15 25 91 4 60 64 44 8 28 50 16 29 46 45 41 79 9 6 75 83 40 98 70 53 71 2 1 74 54 100 23 27 22 52 55 20 84 10 43 19 47 65 13 37 72 57 51 92 7 80 24 95 96 14 67 33 38 73 63 36 34 56 48 76 85 32 62 78 90 31 93 68 97 49 35 5 26 89 61 17 59 66 99 81 12 21 82 42 94 18 87 77 3 39 86 88 30 11 69
58 15 25 91 4 60 64 44 8 28 50 16 29 46 45 41 79 9 6 75 83 40 98 70 53 71 2 1 74 54 100 23 27 22 52 55 20 84 10 43 19 47 65 13 37 72 57 51 92 7 80 24 95 96 14 67 33 38 73 63 36 34 56 48 76 85 32 62 78 90 31 93 68 97 49 35 5 26 89 61 17 59 66 99 81 12 21 82 42 94 18 87 77 3 39 86 88 30 11 69
58 15 25 91 4 60 64 44 8 28 50 16 29 46 45 41 79 9 6 75 83 40 98 70 53 71 2 1 74 54 100 23 27 22 52 55 20 84 10 43 19 47 65 13 37 72 57 51 92 7 80 24 95 96 14 67 33 38 73 63 36 34 56 48 76 85 32 62 78 90 31 93 68 97 49 35 5 26 89 61 17 59 66 99 81 12 21 82 42 94 18 87 77 3 39 86 88 30 11 69
58 15 25 91 4 60 64 44 8 28 50 16 29 46 45 41 79 9 6 75 83 40 98 70 53 71 2 1 74 54 100 23 27 22 52 55 20 84 10 43 19 47 65 13 37 72 57 51 92 7 80 24 95 96 14 67 33 38 73 63 36 34 56 48 76 85 32 62 78 90 31 93 68 97 49 35 5 26 89 61 17 59 66 99 81 12 21 82 42 94 18 87 77 3 39 86 88 30 11 69
58 15 25 91 4 60 64 44 8 28 50 16 29 46 45 41 79 9 6 75 83 40 98 70 53 71 2 1 74 54 100 23 27 22 52 55 20 84 10 43 19 47 65 13 37 72 57 51 92 7 80 24 95 96 14 67 33 38 73 63 36 34 56 48 76 85 32 62 78 90 31 93 68 97 49 35 5 26 89 61 17 59 66 99 81 12 21 82 42 94 18 87 77 3 39 86 88 30 11 69
58 15 25 91 4 60 64 44 8 28 50 16 29 46 45 41 79 9 6 75 83 40 98 70 53 71 2 1 74 54 100 23 27 22 52 55 20 84 10 43 19 47 65 13 37 72 57 51 92 7 80 24 95 96 14 67 33 38 73 63 36 34 56 48 76 85 32 62 78 90 31 93 68 97 49 35 5 26 89 61 17 59 66 99 81 12 21 82 42 94 18 87 77 3 39 86 88 30 11 69
58 15 25 91 4 60 64 44 8 28 50 16 29 46 45 41 79 9 6 75 83 40 98 70 53 71 2 1 74 54 100 23 27 22 52 55 20 84 10 43 19 47 65 13 37 72 57 51 92 7 80 24 95 96 14 67 33 38 73 63 36 34 56 48 76 85 32 62 78 90 31 93 68 97 49 35 5 26 89 61 17 59 66 99 81 12 21 82 42 94 18 87 77 3 39 86 88 30 11 69
58 15 25 91 4 60 64 44 8 28 50 16 29 46 45 41 79 9 6 75 83 40 98 70 53 71 2 1 74 54 100 23 27 22 52 55 20 84 10 43 19 47 65 13 37 72 57 51 92 7 80 24 95 96 14 67 33 38 73 63 36 34 56 48 76 85 32 62 78 90 31 93 68 97 49 35 5 26 89 61 17 59 66 99 81 12 21 82 42 94 18 87 77 3 39 86 88 30 11 69
58 15 25 91 4 60 64 44 8 28 50 16 29 46 45 41 79 9 6 75 83 40 98 70 53 71 2 1 74 54 100 23 27 22 52 55 20 84 10 43 19 47 65 13 37 72 57 51 92 7 80 24 95 96 14 67 33 38 73 63 36 34 56 48 76 85 32 62 78 90 31 93 68 97 49 35 5 26 89 61 17 59 66 99 81 12 21 82 42 94 18 87 77 3 39 86 88 30 11 69
58 15 25 91 4 60 64 70 8 28 50 16 29 46 45 41 79 9 6 75 83 40 98 70 53 71 2 1 74 54 100 23 27 22 52 55 20 84 10 43 19 47 65 13 37 72 57 51 92 7 80 24 95 96 14 67 33 38 73 63 36 34 56 48 76 85 32 62 78 90 31 93 68 97 49 35 5 26 89 61 17 59 66 99 81 12 21 82 42 94 18 87 77 3 39 86 88 30 11 69
58 15 25 91 4 60 64 44 8 28 50 16 29 46 45 41 79 9 6 75 83 40 98 70 53 71 2 1 74 54 100 23 27 22 52 55 20 84 10 43 19 47 65 13 37 72 57 51 92 7 80 24 95 96 14 67 33 38 73 63 36 34 56 48 76 85 32 62 78 90 31 93 68 97 49 35 5 26 89 61 17 59 66 99 81 12 21 82 42 94 18 87 77 3 39 86 88 30 11 69
58 15 25 91 4 60 64 44 8 28 50 16 29 46 45 41 79 9 6 75 83 40 98 70 53 71 2 1 74 54 100 23 27 22 52 55 20 84 10 43 19 47 65 13 37 72 57 51 92 7 80 24 95 96 14 67 33 38 73 63 36 34 56 48 76 85 32 62 78 90 31 93 68 97 49 35 5 26 89 61 17 59 66 99 81 12 21 82 42 94 18 87 77 3 39 86 88 30 11 69
58 15 25 91 4 60 64 44 8 28 50 16 29 46 45 41 79 9 6 75 83 40 98 70 53 71 2 1 74 54 100 23 27 22 52 55 20 84 10 43 19 47 65 13 37 72 57 51 92 7 80 24 95 96 14 67 33 38 73 63 36 34 56 48 76 85 32 62 78 90 31 93 68 97 49 35 5 26 89 61 17 59 66 99 81 12 21 82 42 94 18 87 77 3 39 86 88 30 11 69
58 15 25 91 4 60 64 44 8 28 50 16 29 46 45 41 79 9 6 75 83 40 98 70 53 71 2 1 74 54 100 23 27 22 52 55 20 84 10 43 19 47 65 13 37 72 57 51 92 7 80 24 95 96 14 67 33 38 73 63 36 34 56 48 76 85 32 62 78 90 31 93 68 97 49 35 5 26 89 61 17 59 66 99 81 12 21 82 42 94 18 87 77 3 39 86 88 30 11 69
58 15 25 91 4 60 64 44 8 28 50 16 29 46 45 41 79 9 6 75 83 40 98 70 53 71 2 1 74 54 100 23 27 22 52 55 20 84 10 43 19 47 65 13 37 72 57 51 92 7 80 24 95 96 14 67 33 38 73 63 36 34 56 48 76 85 32 62 78 90 31 93 68 97 49 35 5 26 89 61 17 59 66 99 81 12 21 82 42 94 18 87 77 3 39 86 88 30 11 69
58 15 25 91 4 60 64 44 8 28 50 16 29 46 45 41 79 9 6 75 83 40 98 70 53 71 2 1 74 54 100 23 27 22 52 55 20 84 10 43 19 47 65 13 37 72 57 51 92 7 80 24 95 96 14 67 33 38 73 63 36 34 56 48 76 85 32 62 78 90 31 93 68 97 49 35 5 26 89 61 17 59 66 99 81 12 21 82 42 94 18 87 77 3 39 86 88 30 11 69
58 15 25 91 4 60 64 44 8 28 50 16 29 46 45 41 79 9 6 75 83 40 98 70 53 71 2 1 74 54 100 23 27 22 52 55 20 84 10 43 19 47 65 13 37 72 57 51 92 7 80 24 95 96 14 67 33 38 73 63 36 34 56 48 76 85 32 62 78 90 31 93 68 97 49 35 5 26 89 61 17 59 66 99 81 12 21 82 42 94 18 87 77 3 39 86 88 30 11 69
58 15 25 91 4 60 64 44 8 28 50 16 29 46 45 41 79 9 6 75 83 40 98 70 53 71 2 1 74 54 100 23 27 22 52 55 20 84 10 43 19 47 65 13 37 72 57 51 92 7 80 24 95 96 14 67 33 38 73 63 36 34 56 48 76 85 32 62 78 90 31 93 68 97 49 35 5 26 89 61 17 59 66 99 81 12 21 82 42 94 18 87 77 3 39 86 88 30 11 69
58 15 25 91 4 60 64 44 8 28 50 16 29 46 45 41 79 9 6 75 83 40 98 70 53 71 2 1 74 54 100 23 27 22 52 55 20 84 10 43 19 47 65 13 37 72 57 51 92 7 80 24 95 96 14 67 33 38 73 63 36 34 56 48 76 85 32 62 78 90 31 93 68 97 49 35 5 26 89 61 17 59 66 99 81 12 21 82 42 94 18 87 77 3 39 86 88 30 11 69
58 15 25 91 4 60 64 44 8 28 50 16 29 46 45 41 79 9 6 75 83 40 98 70 53 71 2 1 74 54 100 23 27 22 52 55 20 84 10 43 19 47 65 13 37 72 57 51 92 7 80 24 95 96 14 67 33 38 73 63 36 34 56 48 76 85 32 62 78 90 31 93 68 97 49 35 5 26 89 61 17 59 66 99 81 12 21 82 42 94 18 87 77 3 39 86 88 30 11 69
58 15 25 91 4 60 64 44 8 28 50 16 29 46 45 41 79 9 6 75 83 40 98 70 53 71 2 1 74 54 100 23 27 22 52 55 20 84 10 43 19 47 65 13 37 72 57 51 92 7 80 24 95 96 14 67 33 38 73 63 36 34 56 48 76 85 32 62 78 90 31 93 68 97 49 35 5 26 89 61 17 59 66 99 81 12 21 82 42 94 18 87 77 3 39 86 88 30 11 69
58 15 25 91 4 60 64 44 8 28 50 16 29 46 45 41 79 9 6 75 83 40 98 70 53 71 2 1 74 54 100 23 27 22 52 55 20 84 10 43 19 47 65 13 37 72 57 51 92 7 80 24 95 96 14 67 33 38 73 63 36 34 56 48 76 85 32 62 78 90 31 93 68 97 49 35 5 26 89 61 17 59 66 99 81 12 21 82 42 94 18 87 77 3 39 86 88 30 11 69
58 15 25 91 4 60 64 44 8 28 50 16 29 46 45 41 79 9 6 75 83 40 98 70 53 71 2 1 74 54 100 23 27 22 52 55 20 84 10 43 19 47 65 13 37 72 57 51 92 7 80 24 95 96 14 67 33 38 73 63 36 34 56 48 76 85 32 62 78 90 31 93 68 97 49 35 5 26 89 61 17 59 66 99 81 12 21 82 42 94 18 87 77 3 39 86 88 30 11 69
58 15 25 91 4 60 64 44 8 28 50 16 29 46 45 41 79 9 6 75 83 40 98 70 53 71 2 1 74 54 100 23 27 22 52 55 20 84 10 43 19 47 65 13 37 72 57 51 92 7 80 24 95 96 14 67 33 38 73 63 36 34 56 48 76 85 32 62 78 90 31 93 68 97 49 35 5 26 89 61 17 59 66 99 81 12 21 82 42 94 18 87 77 3 39 86 88 30 11 69
58 22 25 91 4 60 64 44 8 28 50 16 29 46 45 41 79 9 6 75 83 40 98 70 53 71 2 1 74 54 100 23 27 22 52 55 20 84 10 43 19 47 65 13 37 72 57 51 92 7 80 24 95 96 14 67 33 38 73 63 36 34 56 48 76 85 32 62 78 90 31 93 68 97 49 35 5 26 89 61 17 59 66 99 81 12 21 82 42 94 18 87 77 3 39 86 88 30 11 69
58 15 25 91 4 60 64 44 8 28 50 16 29 46 45 41 79 9 6 75 83 40 98 70 53 71 2 1 74 54 100 23 27 22 52 55 20 84 10 43 19 47 65 13 37 72 57 51 92 7 80 24 95 96 14 67 33 38 73 63 36 34 56 48 76 85 32 62 78 90 31 93 68 97 49 35 5 26 89 61 17 59 66 99 81 12 21 82 42 94 18 87 77 3 39 86 88 30 11 69
58 15 25 91 4 60 64 44 8 28 50 16 29 46 45 41 79 9 6 75 83 40 98 70 53 71 2 1 74 54 100 23 27 22 52 55 20 84 10 43 19 47 65 13 37 72 57 51 92 7 80 24 95 96 14 67 33 38 73 63 36 34 56 48 76 85 32 62 78 90 31 93 68 97 49 35 5 26 89 61 17 59 66 99 81 12 21 82 42 94 18 87 77 3 39 86 88 30 11 69
58 15 25 91 4 60 64 44 8 28 50 16 29 46 45 41 79 9 6 75 83 40 98 70 53 71 2 1 74 54 100 23 27 22 52 55 20 84 10 43 19 47 65 13 37 72 57 51 92 7 80 24 95 96 14 67 33 38 73 63 36 34 56 48 76 85 32 62 78 90 31 93 68 97 49 35 5 26 89 61 17 59 66 99 81 12 21 82 42 94 18 87 77 3 39 86 88 30 11 69
58 15 25 91 4 60 64 44 8 28 50 16 29 46 45 41 79 9 6 75 83 40 98 70 53 71 2 1 74 54 100 23 27 22 52 55 20 84 10 43 19 47 65 13 37 72 57 51 92 7 80 24 95 96 14 67 33 38 73 63 36 34 56 48 76 85 32 62 78 90 31 93 68 97 49 35 5 26 89 61 17 59 66 99 81 12 21 82 42 94 18 87 77 3 96 86 88 30 11 69
58 15 25 91 4 60 64 44 8 28 50 16 29 46 45 41 79 9 6 75 83 40 98 70 53 71 2 1 74 54 100 23 27 22 52 55 20 84 10 43 19 47 65 13 37 72 57 51 92 7 80 24 95 96 14 67 33 38 73 63 36 34 56 48 76 85 32 62 78 90 31 93 68 97 49 35 5 26 89 61 17 59 66 99 81 12 21 82 42 94 18 87 77 3 39 86 88 30 11 69
58 15 25 91 4 60 64 44 8 28 50 16 29 46 45 41 79 9 6 75 83 40 98 70 53 71 2 1 74 54 100 23 27 22 52 55 20 84 10 43 19 47 65 13 37 72 57 51 92 7 80 24 95 96 14 67 33 38 73 63 36 34 56 48 76 85 32 62 78 90 31 93 68 97 49 35 5 26 89 61 17 59 66 99 81 12 21 82 42 94 18 87 77 3 39 86 88 30 11 69
58 15 25 91 4 60 64 44 8 28 50 16 29 46 45 41 79 9 6 75 83 40 98 70 53 71 2 1 74 54 100 23 27 22 52 55 20 84 10 43 19 47 65 13 37 72 57 51 92 7 80 24 95 96 14 67 33 38 73 63 36 34 56 48 76 85 32 62 78 90 31 93 68 97 49 35 5 26 89 61 17 59 66 99 81 12 21 82 42 94 18 87 77 3 39 86 88 30 11 69
58 15 25 91 4 60 64 44 8 28 50 16 29 46 45 41 79 9 6 75 83 40 98 70 53 71 2 1 74 54 100 23 27 22 52 55 20 84 10 43 19 47 65 13 37 72 57 51 92 7 80 24 95 96 14 67 33 38 73 63 36 34 56 48 76 85 32 62 78 90 31 93 68 97 49 35 5 26 89 61 17 59 66 99 81 12 21 82 42 94 18 87 77 3 39 86 88 30 11 69
58 15 25 91 4 60 64 44 8 28 50 16 29 46 45 41 79 9 6 75 83 40 98 70 53 71 2 1 74 54 100 23 27 22 52 55 20 84 10 43 19 47 65 13 37 72 57 51 92 7 80 24 95 96 14 67 33 38 73 63 36 34 56 48 76 85 32 62 78 90 31 93 68 97 49 35 5 26 89 61 17 59 66 99 81 12 21 82 42 94 18 87 77 3 39 86 88 30 11 69
58 15 25 91 4 60 64 44 8 28 50 16 29 46 45 41 79 9 6 75 83 40 98 70 53 71 2 1 74 54 100 23 27 22 52 55 20 84 10 43 19 47 65 13 37 72 57 51 92 7 80 24 95 96 14 67 33 38 73 63 36 34 56 48 76 85 32 62 78 90 31 93 68 97 49 35 5 26 89 61 17 59 66 99 81 12 21 82 42 94 18 87 77 3 39 86 88 30 11 69
58 15 25 91 4 60 64 44 8 28 50 16 29 46 45 41 79 9 6 75 100 40 98 70 53 71 2 1 74 54 100 23 27 22 52 55 20 84 10 43 19 47 65 13 37 72 57 51 92 48 80 24 95 96 14 67 33 38 73 63 36 34 56 48 76 85 32 62 78 90 31 93 68 97 66 35 5 26 89 61 17 59 66 99 81 12 21 82 42 94 18 87 77 3 39 86 88 30 11 69
58 15 25 91 4 60 64 44 8 28 50 16 29 46 45 41 79 9 6 75 83 40 98 70 53 71 2 1 74 54 100 23 27 22 52 55 20 84 10 43 19 47 65 13 37 72 57 51 92 7 80 24 95 96 14 67 33 38 73 63 36 34 56 48 76 85 32 62 78 90 31 93 68 97 49 35 5 26 89 61 17 59 66 99 81 12 21 82 73 94 18 87 77 3 39 86 88 30 11 69
