5327916
21581976
15622083
20912508
10655561
19305451
24756321
15227458
7856250
25059130
5237526
22843745
20700602
18146588
21919966
19685642
25804715
1896478
296
1715722
15221438
12333311
10655625
10441505
20113645
4063673
25229197
10384687
4154043
8939986
10375284
3341178
14941505
4876355
26400100
4424764
1444915
26626153
5508596
17951538
26776956
20543478
3792733
7224285
8759231
1083883
7208729
9572012
11089866
26708929
22936472
1354768
17428134
10814147
13899130
12913049
23626053
17040100
15795150
25004648
26669197
7851973
9662338
7224170
451677
24738862
13364584
11161806
24013143
14357894
3160581
17214381
20408039
4244187
4876404
19207625
23321739
22437993
9481709
23792809
13537324
7404737
2077164
26711036
19922809
24324381
26093678
16073699
15485418
15875518
361432
10185050
23002374
3341298
24608227
16772508
19143868
11457993
16434816
9205585
25313177
7856281
17879664
7224225
14086354
9030154
16615396
1445004
3160629
25916390
10565256
25176822
18925284
1715826
11976622
7675798
18491538
3973480
7224239
25342976
20450468
9933158
17932274
21722809
16976602
18841304
25677391
21311076
1174057
7043681
9282341
903053
15531798
7224226
16328528
18327792
14883411
21130443
13635597
22509331
16886379
3431526
6321232
39
632347
14719072
24520635
25133177
4599632
15128428
21943164
22575255
11468359
18852742
3341302
9030278
21430535
10023463
17311906
20588635
3431670
15622086
23822307
13242642
3251042
5508461
10820769
8488296
17412140
7495024
4153936
7495158
10985719
5950234
24250635
6311137
18559565
18421469
9210862
21672273
11644013
14267582
25668963
14150769
12642263
12726722
8120769
26530133
24019464
24315652
24940836
15868595
6230996
6583846
361486
17969983
25366755
22556287
12278528
3973388
6140575
23153177
20227438
1535208
12551844
25013383
2700903
20274381
25725551
21891973
13906450
23553511
18591772
2528603
18925284
20107324
21073545
2528686
26367894
25158762
15858662
13418127
14267572
17837157
21474180
8127184
9561070
10926468
16976686
22989431
18602034
19368060
14222107
7836622
19053514
11648975
13454946
993368
9468060
20046875
18125217
5418194
19642876
361365
17055752
6862953
19756053
15080287
4966694
16878762
2889684
7650903
19505056
26465117
23771438
5689038
4515248
451634
11102508
22088829
20580200
451728
6674448
20285518
10023580
24639531
19473411
8398001
26512976
19004749
12631906
13175819
22574949
16073594
3882994
24163043
9481711
13602943
5850903
2167250
24211204
5418241
22755868
14954147
7401070
19395451
3431662
4334609
21164749
3702422
9114080
8398063
14899731
1351204
14776856
19941170
1264270
18372943
4334553
16344548
2618838
24036020
1896387
993458
361497
2618908
8669086
10551371
22614080
26540066
9752614
2438335
9662337
4876266
24731036
19823478
1264473
15222642
26524715
1444837
18782689
12695719
12086488
2347908
17151772
722419
13509331
8127106
12281056
22285083
11016815
23778662
4424899
14448169
19143835
8759352
21257759
14766321
23887324
5508549
7675788
23817491
18963246
26385953
6300903
7585300
14427993
12822898
7585319
9030160
13969565
1264437
14056254
1986786
14448202
11284916
23763311
14357994
9030158
6140606
5948127
1083675
23927959
5327945
22521070
22472909
11378052
4876408
19923712
13711605
10475079
11829468
14943311
11107087
5508542
1444906
13996713
12100473
25212040
9468662
7404750
19956522
542020
20282508
10204193
25425150
10204191
4867224
5779314
4876304
1896362
7043567
4605408
16615436
14041204
23421672
6321204
11829513
4605518
9481653
18749799
15169364
22279364
17103010
23266956
16073640
7043695
5237626
19845150
12280946
6772598
24042642
3870000
11825217
3062709
11720468
6321214
25099163
17841371
25435384
13801605
14313612
25180434
18872917
361297
10294399
24897792
15893059
15787926
8565652
22571939
11909197
13362140
13725843
17776655
8939867
5763311
13996775
14606488
5689066
11790903
3250836
1445006
25749331
4506020
2528540
90471
3883061
25284295
90370
24832790
12190721
14852709
17969598
12807993
16597324
15531773
10023570
19775981
11468305
17969941
271013
451781
18692399
2528440
9301062
14538542
13093692
14347926
5869582
4966759
12424515
10896020
17122575
23530334
7741204
20817391
9301167
4965050
7133877
23598662
361439
25524180
4876285
361423
3883113
19685691
7856262
25552173
12913177
25484749
18511766
2980177
21220779
17475050
19394247
10745928
10204017
11468360
24309933
13725761
23341605
26219197
3973479
13454247
11731906
11287696
4140602
12246622
26640903
22122541
9998729
11252709
26186688
21852870
17698093
4334694
12190727
15441494
12281067
26370602
3521988
6953178
9662316
11107188
3521853
19579364
23887023
8373612
23249799
15393913
18150538
15439063
4424865
16702374
23544782
3070359
4424866
20588634
19676588
19022207
7404806
16782140
13635478
17157243
6050236
8485585
11558564
6216321
22214076
14950836
19621806
3521810
24098327
7748729
9481716
9301145
21911538
10836277
9030124
2077125
903286
19775947
21385986
18692362
6772734
16886331
18150570
22959933
6050373
21943154
22261906
11829536
11739293
17965986
4424992
4512642
5147316
9298896
6759632
17969984
541826
25445016
14357983
6050392
20498328
21581981
8939881
4154061
18680267
7570836
12451605
16680100
15849331
14267635
4695733
4957224
15712406
7034147
14267658
24445685
5869657
17600568
22500602
11710535
541860
22822976
7495187
14086956
9120502
5598891
12461676
12451605
3160672
15300301
8748361
11433612
16689732
7585420
14443344
9842979
14809417
15170638
10294345
25679498
90561
24362608
21943143
24104046
19866271
18963222
8127252
13816126
8398043
21761939
100
19311471
10204088
26593344
26377525
1896528
24186521
19744615
22348896
3242709
14672107
20727993
24005016
6140584
19011371
10649498
2167472
4603846
7495175
23112842
12070234
18484013
3431608
11648984
16434849
11197483
6953188
4695824
17518493
9571906
25355919
7133796
16218963
4695750
5327953
8659565
12010130
16163952
8127197
12360702
451584
270301
24784615
2257752
16525111
23658885
7043623
23745250
19304548
23387974
11739171
17513879
13996667
8036903
25035953
1625425
14857826
26477458
5689023
9662376
24771672
25300535
12616555
8849566
25394147
19677190
24985384
13725883
16976616
24560066
4053010
16039565
9752536
10204197
7675795
9391461
2438225
1715811
2980063
23698896
17518453
22288996
4244326
901505
18331188
25801404
23565852
10923110
17969900
17218294
20821605
12551977
17969902
12822804
22484958
23440334
3521878
6494147
2889866
3250992
8488318
26864849
8658361
451520
15134448
7946644
12280970
5327761
24332508
19085719
16434800
7856233
21617157
14448211
8668980
21525652
12100494
7133988
16251471
11355050
24124816
8488300
5863846
11648871
4785978
5053545
13003494
3521808
12271906
20227443
4786111
180615
15226856
23962575
13543946
14809408
19535418
12720401
23311806
5056862
9481666
23780468
18421445
4416622
9662312
12903411
8204147
25357123
3518729
24644347
17066917
3243311
24041739
8939914
17879655
18056588
18421431
7133808
10745931
9812107
21707458
8307746
3339030
17754080
13631538
13364621
7946696
23559531
3702463
5237573
3702367
22304355
17153277
5147362
180851
22123781
4966797
20538060
1174107
17016622
19956539
8307861
14409331
16576254
17696588
13878361
24589866
1715903
24952575
1444978
9301042
6321150
2438343
13906477
12153311
6940535
14859632
1354685
10732876
3070296
5689015
23071605
8127212
8307771
21943159
26731505
25667759
13157157
19137792
18772976
20348428
12913181
19407792
6050335
11643712
13265819
26612909
8217523
20678931
17854314
8036856
6571505
9015953
17428141
17672207
20300267
26355852
7482642
25283979
14809496
22687525
8578625
26724280
6214816
15441528
5769632
9842934
26297759
14051438
7585296
6140473
1625545
16136187
112
9030256
3521968
9652876
18407558
20340602
26460301
10744916
12796856
16143110
4153876
16859498
14431304
4966760
10471906
21981371
3425117
5779418
22232408
26791103
14050535
13274343
23297690
9210889
11377954
21117190
16344526
5598819
14317525
4966638
24034816
24630200
9280234
6487525
15595585
16073590
20485384
15706053
8121371
19672073
15169063
6862954
7675767
267
10017692
6049565
23505953
9297993
26777558
5598679
2980035
15883344
10475043
23403612
25110903
9752570
21842909
11901672
21603913
20761103
5779380
16796075
16424849
9933131
3160535
16491672
13597224
18060273
3431506
11468393
17596053
1445040
25507625
3160722
8398124
20588682
23946622
11016880
3341163
14768729
10454147
25897123
19308762
17789371
16563913
19381304
10440602
26726387
8127092
20255418
632351
10096555
25578662
12280987
21660200
4515198
3612271
21027190
21216822
15943846
26310702
19350602
25471505
8668935
24950167
22009063
23421973
541910
7123545
2976321
7766002
226
23718461
12157826
21095819
26036488
21078060
17879640
812989
20896555
24286755
8759252
