300 1000
0 1 2 3 4 5 6 7 8 9 10 11 12 13 14 15 16 17 18 19 20 21 22 23 24 25 26 27 28 29 30 31 32 33 34 35 36 37 38 39 40 41 42 43 44 45 46 47 48 49 50 51 52 53 54 55 56 57 58 59 60 61 62 63 64 65 66 67 68 69 70 71 72 73 74 75 76 77 78 79 80 81 82 83 84 85 86 87 88 89 90 91 92 93 94 95 96 97 98 99 100 101 102 103 104 105 106 107 108 109 110 111 112 113 114 115 116 117 118 119 120 121 122 123 124 125 126 127 128 129 130 131 132 133 134 135 136 137 138 139 140 141 142 143 144 145 146 147 148 149 150 151 152 153 154 155 156 157 158 159 160 161 162 163 164 165 166 167 168 169 170 171 172 173 174 175 176 177 178 179 180 181 182 183 184 185 186 187 188 189 190 191 192 193 194 195 196 197 198 199 200 201 202 203 204 205 206 207 208 209 210 211 212 213 214 215 216 217 218 219 220 221 222 223 224 225 226 227 228 229 230 231 232 233 234 235 236 237 238 239 240 241 242 243 244 245 246 247 248 249 250 251 252 253 254 255 256 257 258 259 260 261 262 263 264 265 266 267 268 269 270 271 272 273 274 275 276 277 278 279 280 281 282 283 284 285 286 287 288 289 290 291 292 293 294 295 296 297 298 299
17917
71977
52084
69709
35562
64352
82522
50759
26251
83531
17527
76146
69003
60489
73067
65643
86016
6479
297
5723
50739
41112
35626
34806
67046
13674
84098
34688
14044
29987
34585
11179
49806
16356
88001
14765
4916
88754
18597
59839
89257
68479
12734
24286
29232
3884
24030
32013
36967
89030
76473
4769
58135
36048
46331
43050
78754
56801
52651
83349
88898
26174
32339
24171
1678
82463
44585
37207
80044
47895
10582
57382
68040
14188
16405
64026
77740
74794
31710
79310
45125
24738
7165
89037
66410
81082
86979
53700
51619
52919
1433
33951
76675
11299
82028
55909
63869
38194
54817
30686
84378
26282
59665
24226
46955
30155
55397
5005
10630
86391
35257
83923
63085
5827
39923
25799
61639
13481
24240
84477
68169
33159
59775
72410
56603
62805
85592
71077
4058
23682
30942
3054
51799
24227
54429
61093
49612
70444
45598
75032
56380
11527
21233
40
2348
49073
81736
83778
15333
50429
73165
75256
38360
62843
11303
30279
71436
33464
57707
68636
11671
52087
79408
44143
11043
18462
36070
28297
58041
25025
13937
25159
36620
19835
80836
21038
61866
61470
30863
72274
38814
47583
85564
47170
42264
42423
27070
88434
80065
81053
83137
52896
20997
21947
1487
59984
84556
75188
40929
13389
20576
77178
67439
5209
41845
83384
9004
67582
85752
72974
46451
78512
61973
8604
63085
67025
70246
8687
87895
83863
52863
44728
47573
59458
71581
27185
31871
36469
56687
76632
62035
64561
47408
26123
63515
38976
44947
3369
31561
66876
60418
18195
65477
1366
56853
22954
65854
50288
16695
56263
9685
25504
65057
88218
79239
19039
15249
1635
37009
73630
68601
1729
22249
67619
33581
82132
64912
28002
88377
63350
42107
43920
75250
53595
12995
80544
31712
45344
19504
7251
80705
18242
75869
49848
24671
64652
11663
14610
70550
12423
30381
28064
49732
4505
49257
66471
4271
61244
14554
54549
8839
80121
6388
3459
1498
8909
29087
35172
75381
88467
32615
8336
32338
16267
82437
66079
4474
50743
88416
4838
62690
42320
40289
7909
57173
2420
45032
27107
41057
74284
36816
79263
14900
48170
63836
29353
70860
49222
79625
18550
25789
79392
63247
87954
21004
25301
48094
42899
25320
30161
46566
4438
46855
6787
48203
37617
79212
47995
30159
20607
19828
3676
79760
17946
75071
74910
38053
16409
66413
45706
35080
39469
49812
37088
18543
4907
46714
40474
84041
31563
24751
66523
2021
67609
34194
84751
34192
16225
19315
16305
6363
23568
15409
55437
46805
78073
21205
39514
15519
31654
62500
50565
74265
57011
77557
53641
23696
17627
66151
40947
22599
80143
12901
39418
10210
39069
21215
83664
59472
84785
46006
47713
83935
62918
1298
34400
82993
53060
52627
28553
75240
39698
44541
45844
59256
29868
19212
46776
48689
19067
39304
10837
5007
85832
15021
8541
472
13062
84296
371
82791
40722
49510
59899
42694
55325
51774
33571
65982
38306
59942
1014
1782
62400
8441
31063
48543
43693
47827
19583
16760
41416
36321
57076
78435
25805
69392
31168
16551
23878
78663
1440
85081
16286
1424
13114
65692
26263
85174
43178
84950
61767
10178
70780
58251
64648
35929
34018
38361
81034
45762
77806
87398
13480
44848
39107
37697
13803
40823
88804
73742
33330
37510
87289
72871
58994
14695
40728
51495
41068
87903
11989
23179
32317
37189
11854
65265
79624
27913
77500
51314
60539
51464
14866
55675
78483
10360
14867
68635
65589
63408
24807
55941
45479
57244
20237
28286
38565
20722
74077
49837
65407
11811
80328
25830
31717
31146
73039
36278
30125
7126
3287
65948
71287
62363
22735
56332
60571
76534
20374
73155
74207
39537
39294
59887
14993
15043
17317
30997
22533
59985
1827
84817
47984
20393
68329
71982
29882
14062
62268
25237
41506
55601
52832
47636
15734
16525
52407
23448
47659
81486
19658
58669
75003
39036
1861
76077
25188
46957
30503
18892
41677
41506
10673
51002
29162
38113
55633
25421
48145
32980
49418
50639
34346
85599
562
81209
73144
80347
66272
63223
27253
46127
28044
72540
101
64372
34089
88645
87926
6529
80622
65816
74497
10810
48908
69094
80017
20585
63372
35499
7473
15347
25176
77043
40235
61614
11609
38985
54850
37484
23189
15825
58494
31907
84520
23797
54064
15751
17954
28866
40131
53953
27198
41203
1585
902
82616
7753
55112
78886
23624
79151
64349
77975
39172
58380
46668
26904
83454
5426
49527
88259
19024
32377
82573
84336
42056
29567
84648
65591
83285
45884
56617
81867
13511
53466
32537
34198
25796
31462
8226
5812
10064
78997
58454
74297
14327
3006
61189
86005
78553
36411
59901
57395
69406
41978
59903
42805
74959
78135
11879
21648
9867
10993
28319
89550
28862
1521
50449
26645
40971
17762
81109
63620
54801
26234
72058
48212
28981
71753
40495
23989
54172
37851
80417
28301
19547
38872
15979
16846
43495
11809
40907
67444
16112
616
50757
79876
45147
49409
65119
42402
77707
16863
31667
79269
61446
14723
32313
43012
27348
84524
11730
82148
56918
10812
80140
29915
59656
60189
61432
23809
35932
32708
72359
27747
11131
59181
45439
44622
26697
78532
12464
17574
12368
74356
57178
17363
852
73782
16798
68461
4108
56723
66540
27862
48032
55255
58989
46262
81967
5904
83176
4979
31043
21151
8344
46478
40512
23136
49533
4686
35777
10297
19016
76906
27213
27772
73160
89106
85560
43858
63793
62577
67829
43182
64693
20336
38813
44220
88710
27524
68932
59515
26857
21906
30054
58142
58908
67668
87853
24943
84280
49497
75626
28626
89081
20717
51529
19233
32935
87660
46839
25297
20474
5546
53788
113
30257
11969
32177
61359
67803
88202
35817
42657
53811
13877
56199
48105
16761
34907
73272
11418
19419
74109
89304
46836
44344
77691
30890
37955
70391
54527
18820
47726
16639
80117
82101
30935
21626
51986
53591
68285
52354
27072
65574
50564
22955
25768
268
33393
20166
78354
30994
89259
18680
10036
52945
35044
78013
83704
32571
72810
39673
72014
69204
19381
56076
54750
33132
10536
54973
45325
60274
11507
38394
58654
5041
85026
10723
28125
68683
79823
36881
11164
49230
34848
86324
64363
59372
55214
64605
34803
89088
27093
67519
2352
33656
85263
40988
72201
15199
12272
70091
70723
53147
87703
64503
84906
28936
83168
73364
78074
1911
23746
9922
26003
227
79062
40527
70320
86789
70261
59641
2990
69656
80956
29253
