0
90000
180000
270602
360903
450301
541505
631204
721806
811806
900301
990903
1083010
1172408
1261806
1351806
1444515
1534214
1620000
1715117
1804816
1895117
1983913
2074515
2163612
2253311
2342408
2432709
2527826
2613010
2702408
2799331
2880903
2973311
3064515
3157224
3245719
3330903
3426923
3515719
3601806
3694515
3783010
3874515
3961806
4052408
4151739
4243846
4326321
4422040
4507224
4597525
4688729
4770000
4860000
4955418
5050836
5143846
5222709
5318127
5417759
5492408
5587826
5670301
5772040
5868963
5954147
6030602
6138662
6228361
6307224
6407157
6480602
6583846
6677157
6772575
6859866
6943545
7042876
7122943
7212341
7300535
7397157
7491672
7572642
7652408
7743612
7842040
7924515
8025652
8109331
8198428
8299264
8370602
8470234
8566555
8645117
8758294
8833545
8929866
9004515
9096020
9192040
9297391
9370234
9461137
9559264
9652274
9747692
9827157
9907826
9999933
10090836
10202207
10293712
10379799
10454147
10539632
10624515
10716020
10815652
10893612
11005585
11092876
11174749
11258127
11357759
11449264
11533244
11631070
11729799
11793612
11903177
12003411
12099431
12165351
12257759
12367926
12425719
12523846
12607525
12723411
12810100
12899799
12966020
13079799
13154448
13248963
13333846
13431070
13536722
13608361
13716722
13792575
13864816
13961137
14064983
14140234
14265150
14319331
14413244
14530936
14605886
14688361
14799431
14898762
14964983
15040535
15141672
15234983
15311137
15408963
15511906
15596789
15673545
15789431
15859264
15937525
16026923
16145217
16238829
16321906
16429063
16490769
16567525
16690033
16753244
16839632
16960334
17062374
17147859
17247190
17309799
17424180
17503344
17556622
17656856
17742040
17835050
17953645
18026187
18131237
18203177
18293478
18367525
18499063
18565886
18647458
18733545
18855451
18922876
19016789
19081505
19198896
19278060
19396053
19457759
19565819
19657926
19737090
19836120
19945986
20033578
20073612
20177157
20309598
20365886
20488394
20561839
20638896
20748160
20856822
20891137
20996789
21113578
21178595
21247826
21383879
21448595
21553946
21615953
21741772
21828160
21936822
21994013
22077692
22171304
22304347
22379598
22482541
22549364
22637257
22683612
22817859
22934347
23015618
23106521
23180568
23285919
23385551
23411137
23508060
23582107
23681137
23839464
23919832
24001404
24069431
24191337
24233177
24373444
24455618
24560668
24616655
24688896
24770167
24877023
24968528
25084414
25132274
25252976
25293913
25421538
25489264
25645183
25707491
25805618
25884481
25965451
26025050
26155986
26209565
26360367
26439832
26472040
26583411
26695986
26737224
26853712
26974113
19267525
14267257
360602
3872107
360000
19228996
3335719
11103411
17841371
25168093
5952943
6302709
22051505
21401337
9107458
10653712
361204
18663110
9118294
13144816
7299030
11269866
8923846
3250234
13427458
12280635
14327157
10715418
3788428
7481739
900000
22374180
9001204
18288060
2164816
24148595
16581672
10175719
3603913
12962408
5147157
23041505
10742207
24979063
8755886
15613344
18474080
26045819
25889297
11821304
5317826
16768294
20443244
540602
9022876
7209632
26041003
12704147
15048963
13175518
18198361
26219197
6220535
19225384
15522441
24107658
3521137
11076923
18390702
5582408
18213712
2162709
5236254
26079531
6309331
1080602
4775117
17590033
1081806
26747759
20307491
2074515
10716622
1892408
10182943
15930903
21738461
14868361
12067525
13144816
14159197
18006622
6856254
17149364
14977023
22795886
5680836
17835953
1622709
6840903
1621505
11167224
16407391
19678394
13709197
26871772
9205284
10650702
22505117
15796956
18631505
8838662
7484147
1261204
20031170
18381973
17775150
6131137
24350267
23721170
12990100
3962408
19224782
19470401
2792709
3333612
14228729
19045986
24957692
5492709
1444515
25981705
1800301
7395351
21386287
21914849
21549732
4422341
22333846
23471337
10461672
15350267
24048662
9842207
17294147
13241137
15404749
17422675
5052341
24520033
3788127
14084247
23544481
8113846
7392341
990301
2523612
12453712
6674147
22243846
17872976
3611137
12991605
10830100
6666923
26014515
540903
23988762
4962341
8024147
12782408
15138963
8666789
8285719
6136856
14585719
21829966
7303545
19951103
1715418
11358662
19665451
9901806
2251806
8488294
19843645
8664381
992408
7032040
361204
16497090
3693311
16704782
12904615
21435351
2520000
16024214
360301
20659364
8558127
14619130
13695953
14400602
1261505
8283612
9278729
26394983
2888127
7489565
22411204
19833712
12788428
16852274
23443946
9466555
2346622
23717558
26871772
13681204
18225150
10554381
12085886
3067224
13509632
13001839
18481304
24604013
21876923
6214816
23998093
10203712
26894648
5765719
24845418
15323177
24641638
1351204
19473110
23517692
9836789
3690000
8749565
12614448
25404983
21107257
10366555
15158829
17292341
5508361
25950100
13702876
19583578
19934849
11703913
13440401
22416622
19657023
5410535
14238361
14413244
5582709
21890769
10351204
25796287
990903
14952642
3063612
8200234
14266956
6572107
18145384
5495418
14622441
15876722
8015418
25386321
17669799
12882943
17473846
11167826
11633779
12546722
12783612
17779966
4604147
1532408
16504013
13243846
7031438
14524013
11735819
26587926
22866321
9297391
2974515
4241438
19456254
7657525
24455317
10095351
16760769
25547959
17219197
9096321
11549197
11537759
16758662
13453946
1262408
14973411
16049498
2613612
17139130
9091806
24058595
26902173
24172675
7380301
26554515
8485585
722107
9190836
10907759
270301
18138762
16664749
22351003
6487224
4146321
7848361
11884214
1623612
22479531
12340836
4237826
21702040
16330635
13345585
360000
17576789
17019030
9552040
16571137
22632742
16973578
11256321
12522040
6408963
7390836
18113177
23050234
4331739
15513110
18301304
24248528
5310301
24666622
9298595
24806287
20404414
6574214
11975117
26030769
10538428
10718127
14784080
20129899
22783545
14310602
1713612
25933244
22432575
5950535
6765652
5764816
1353311
5492408
11263846
7020602
2881505
11812876
2434816
12351371
21004916
24252742
11540468
19734682
2341505
20580501
24109163
7307157
6679866
24378862
14052341
8820903
8292642
24864381
12530167
5400602
26235752
9654682
17116254
26091270
16755050
17748662
15133545
23206755
17575284
16786354
7311070
20886321
26512976
7112709
11804147
15306923
21702040
13061137
24523043
24200668
18020167
16240635
24033612
13231806
8374515
19940568
10203110
7669866
8379632
22074983
25813444
7666254
8208060
7931137
1804214
21926287
2708729
15751806
1170301
16650301
21649063
11801739
21890468
26308294
22726053
25684615
4239632
6040836
25341170
26754080
24183511
20387859
1623010
18686889
12964515
23762709
20363779
22009364
25354715
4152040
18746488
22606254
13053010
2435719
20739130
8382040
11704214
26830234
12713177
17043110
19188361
18900301
7830903
19308762
6306622
11630769
23706120
3069632
2793311
13527993
1800602
3427525
9818729
8199030
4241739
10022809
7563913
9390401
10542341
811806
20472441
16336354
16566020
3159632
8211070
13157157
24062809
14986655
270000
15042341
25664448
7834214
10984816
11377023
24553444
20718361
11526321
8488294
23977625
24147993
10020702
11645518
8758294
24465852
22336254
21969331
3246020
21515117
20807458
2076622
16153043
20567859
7221973
18943043
21037725
14861137
12262575
15314448
6138361
6399933
4323913
15230468
1892408
21928996
5227826
1715719
22542742
13078896
18099632
2253913
12365217
21872408
10281070
15950468
23081538
13795886
18121003
23898461
9733846
9540301
21609331
16148528
12182207
26010000
23589030
6126321
26692073
16676488
23877993
21750802
13524682
9648060
25784849
15516722
2978729
10461371
15841806
6314147
24143177
16840535
24898093
1081204
19664247
11619632
15615451
3160234
25054013
721806
2346321
2880000
18322675
23641404
22505719
9106856
13687224
23466521
10626321
19654314
17230635
21852240
15878829
26786588
3520234
9379264
9378963
8286321
3879331
26989464
10084816
10364147
24182909
12420903
3871505
10174816
24957391
2073010
15515819
11829431
9094515
12150903
20828528
8486789
26651438
7929331
12188227
2615418
6770769
0
17676722
10440903
8202943
13692943
12185217
24635016
4781739
1260602
17379030
14232943
6487525
23080936
8380535
5220903
17142441
21751103
17862140
25610568
540000
10924013
11269565
24352675
5137224
17058160
26953946
19204314
10202809
180000
18330501
2886321
6500769
4234816
2524515
21666822
3332408
24223545
26193010
5412943
450903
17861538
18668829
10191672
14316622
10278662
16228294
2073311
4958729
4594214
3604816
14062876
19998361
12351672
11718060
20723779
4058127
21422408
17021438
12266187
7848060
17493110
5857224
90301
8206254
12440769
17654749
23360869
1800903
23285919
6482408
5224816
15961906
13260702
25770401
16684314
3150301
12064214
3431137
5940602
13259799
22415418
23461103
20355050
3870000
