300 1000
0 1 2 3 4 5 6 7 8 9 10 11 12 13 14 15 16 17 18 19 20 21 22 23 24 25 26 27 28 29 30 31 32 33 34 35 36 37 38 39 40 41 42 43 44 45 46 47 48 49 50 51 52 53 54 55 56 57 58 59 60 61 62 63 64 65 66 67 68 69 70 71 72 73 74 75 76 77 78 79 80 81 82 83 84 85 86 87 88 89 90 91 92 93 94 95 96 97 98 99 100 101 102 103 104 105 106 107 108 109 110 111 112 113 114 115 116 117 118 119 120 121 122 123 124 125 126 127 128 129 130 131 132 133 134 135 136 137 138 139 140 141 142 143 144 145 146 147 148 149 150 151 152 153 154 155 156 157 158 159 160 161 162 163 164 165 166 167 168 169 170 171 172 173 174 175 176 177 178 179 180 181 182 183 184 185 186 187 188 189 190 191 192 193 194 195 196 197 198 199 200 201 202 203 204 205 206 207 208 209 210 211 212 213 214 215 216 217 218 219 220 221 222 223 224 225 226 227 228 229 230 231 232 233 234 235 236 237 238 239 240 241 242 243 244 245 246 247 248 249 250 251 252 253 254 255 256 257 258 259 260 261 262 263 264 265 266 267 268 269 270 271 272 273 274 275 276 277 278 279 280 281 282 283 284 285 286 287 288 289 290 291 292 293 294 295 296 297 298 299
1
301
601
903
1204
1502
1806
2105
2407
2707
3002
3304
3611
3909
4207
4507
4816
5115
5401
5718
6017
6318
6614
6916
7213
7512
7809
8110
8427
8711
9009
9332
9604
9912
10216
10525
10820
11104
11424
11720
12007
12316
12611
12916
13207
13509
13840
14147
14422
14741
15025
15326
15630
15901
16201
16519
16837
17147
17410
17728
18060
18309
18627
18902
19241
19564
19848
20103
20463
20762
21025
21358
21603
21947
22258
22576
22867
23146
23477
23744
24042
24336
24658
24973
25243
25509
25813
26141
26416
26753
27032
27329
27665
27903
28235
28556
28818
29195
29446
29767
30016
30321
30641
30992
31235
31538
31865
32175
32493
32758
33027
33334
33637
34008
34313
34600
34848
35133
35416
35721
36053
36313
36686
36977
37250
37528
37860
38165
38445
38771
39100
39313
39678
40012
40332
40552
40860
41227
41420
41747
42026
42412
42701
43000
43221
43600
43849
44164
44447
44771
45123
45362
45723
45976
46217
46538
46884
47135
47551
47732
48045
48437
48687
48962
49332
49663
49884
50136
50473
50784
51038
51364
51707
51990
52246
52632
52865
53126
53424
53818
54130
54407
54764
54970
55226
55634
55845
56133
56535
56875
57160
57491
57700
58081
58345
58523
58857
59141
59451
59846
60088
60438
60678
60979
61226
61664
61887
62159
62446
62852
63077
63390
63606
63997
64261
64654
64860
65220
65527
65791
66121
66487
66779
66913
67258
67699
67887
68295
68540
68797
69161
69523
69638
69990
70379
70596
70827
71280
71496
71847
72054
72473
72761
73123
73314
73593
73905
74348
74599
74942
75165
75458
75613
76060
76448
76719
77022
77269
77620
77952
78038
78361
78608
78938
79465
79733
80005
80232
80638
80778
81245
81519
81869
82056
82297
82568
82924
83229
83615
83775
84177
84314
84739
84965
85484
85692
86019
86282
86552
86751
87187
87366
87868
88133
88241
88612
88987
89125
89513
89914
64226
47558
1203
12908
1201
64097
11120
37012
59472
83894
19844
21010
73506
71338
30359
35513
1205
62211
30395
43817
24331
37567
29747
10835
44759
40936
47758
35719
12629
24940
3001
74581
30005
60961
7217
80496
55273
33920
12014
43209
17158
76806
35808
83264
29187
52045
61581
86820
86298
39405
17727
55895
68145
1803
30077
24033
86804
42348
50164
43919
60662
87398
20736
64085
51742
80359
11738
36924
61303
18609
60713
7210
17455
86932
21032
3603
15918
58634
3607
89160
67692
6916
35723
6309
33944
53104
72462
49562
40226
43817
47198
60023
22855
57165
49924
75987
18937
59454
5410
22804
5406
37225
54692
65595
45698
89573
30685
35503
75018
52657
62106
29463
24948
4205
66771
61274
59251
20438
81168
79071
43301
13209
64083
64902
9310
11113
47430
63487
83193
18310
4816
86606
6002
24652
71288
73050
71833
14742
74447
78238
34873
51168
80163
32808
57648
44138
51350
58076
16842
81734
12628
46948
78482
27047
24642
3302
8413
41513
22248
74147
59577
12038
43306
36101
22224
86716
1804
79963
16542
26748
42609
50464
28890
27620
20457
48620
72767
24346
66504
5719
37863
65552
33007
7507
28295
66146
28882
3309
23441
1205
54991
12312
55683
43016
71452
8401
53415
1202
68865
28528
48731
45654
48003
4206
27613
30930
87984
9628
24966
74705
66113
42629
56175
78147
31556
7823
79059
89573
45605
60751
35182
40287
10225
45033
43340
61605
82014
72924
20717
79994
34013
89649
19220
82819
51078
82139
4505
64911
78393
32790
12301
29166
42049
84684
70358
34556
50530
57642
18362
86501
45677
65279
66450
39014
44802
74723
65524
18036
47462
48045
18610
72970
34505
85988
3304
49843
10213
27335
47557
21908
60485
18319
48742
52923
26719
84622
58900
42944
58247
37227
38780
41823
42613
59267
15348
5109
55014
44147
23439
48414
39120
88627
76222
30992
9916
14139
64855
25526
81518
33652
55870
85160
57398
30322
38498
38460
55863
44847
4209
49912
53499
8713
57131
30307
80196
89674
80576
24602
88516
28286
2408
30637
36360
902
60463
55550
74504
21625
13822
26162
39615
5413
74932
41137
14127
72341
54436
44486
1201
58590
56731
31841
55238
75443
56579
37522
41741
21364
24637
60378
76835
14440
51711
61005
80829
17702
82223
30996
82688
68015
21915
39918
86770
35129
35728
49281
67100
75946
47703
5713
86445
74776
19836
22553
19217
4512
18309
37547
23403
9606
39377
8117
41172
70017
80843
38469
65783
7806
68602
80364
24358
22267
81263
46842
29404
27643
82882
41768
18003
87453
32183
57055
86971
55851
59163
50446
77356
58585
55955
24371
69622
88377
23710
39348
51024
72341
43538
81744
80669
60068
54136
80113
44107
27916
66469
34011
25567
27933
73584
86045
25555
27361
26438
6015
73088
9030
52507
3902
55502
72164
39340
72969
87695
75754
85616
14133
20137
84471
89181
80612
67960
5411
62290
43216
79210
67880
73365
84516
13841
62489
75355
43511
8120
69131
27941
39015
89435
42378
56811
63962
63002
26104
64363
21023
38770
79021
10233
9312
45094
6003
11426
32730
27331
14140
33410
25214
31302
35142
2707
68242
54455
55221
10533
27371
43858
80210
49956
901
50142
85549
26115
36617
37924
81845
69062
38422
28295
79926
80494
33403
38819
29195
81553
74455
73232
10821
71718
69359
6923
53844
68560
24074
63144
70126
49538
40876
51049
20462
21334
14414
50769
6309
73097
17427
5720
75143
43597
60333
7514
41218
72909
34271
53169
76939
45987
60404
79662
32447
31802
72032
53829
40608
86701
78631
20422
88974
55589
79594
72503
45083
32161
85950
51723
9930
34872
52807
21048
80478
56136
82994
3605
65548
38733
52052
10535
83514
2407
7822
9601
61076
78805
75020
30357
45625
78222
35422
65515
57436
72841
52930
89289
11735
31265
31264
27622
12932
89965
33617
34548
80610
41404
12906
33917
83192
6911
51720
39432
30316
40504
69429
28290
88839
26432
40628
8719
22570
1
58923
34804
27344
45644
40618
82117
15940
4203
57931
47444
21626
76937
27936
17404
57142
72504
59541
85369
1801
36414
37566
81176
17125
56861
89847
64015
34010
601
61102
9622
21670
14117
8416
72223
11109
80746
87311
18044
1504
59539
62230
33973
47723
34263
54095
6912
16530
15315
12017
46877
66662
41173
39061
69080
13528
71409
56739
40888
26161
58311
19525
302
27355
41470
58850
77870
6004
77620
21609
17417
53207
44203
85902
55615
10502
40215
11438
19803
44200
74719
78204
67851
12901
