-1
-1
-1
-1
-1
-1
-1
-1
-1
-1
-1
-1
-1
-1
8589934591
12884901887
15032385535
16106127359
16642998271
16911433727
17045651455
17112760319
17146314751
17163091967
17171480575
17175674879
17177772031
17178820607
17179344895
17179607039
17179738111
17179803647
17179836415
17179852799
17179860991
17179865087
17179867135
17179868159
17179868671
17179868927
17179869055
17179869119
17179869151
17179869167
17179869175
17179869179
17179869181
17179869182
-1
-1
-1
-1
-1
-1
-1
-1
-1
-1
-1
-1
-1
-1
-1
-1
-1
-1
-1
-1
-1
-1
-1
-1
-1
-1
-1
17179869183
25769803775
30064771071
32212254719
33285996543
33822867455
34091302911
34225520639
34292629503
34326183935
34342961151
34351349759
34355544063
34357641215
34358689791
34359214079
34359476223
34359607295
34359672831
34359705599
34359721983
34359730175
34359734271
34359736319
34359737343
34359737855
34359738111
34359738239
34359738303
34359738335
34359738351
34359738359
34359738363
34359738365
34359738366
-1
-1
-1
-1
-1
-1
-1
-1
-1
-1
-1
-1
-1
-1
-1
-1
-1
-1
-1
-1
-1
-1
-1
-1
-1
-1
34359738367
51539607551
60129542143
64424509439
66571993087
67645734911
68182605823
68451041279
68585259007
68652367871
68685922303
68702699519
68711088127
68715282431
68717379583
68718428159
68718952447
68719214591
68719345663
68719411199
68719443967
68719460351
68719468543
68719472639
68719474687
68719475711
68719476223
68719476479
68719476607
68719476671
68719476703
68719476719
68719476727
68719476731
68719476733
68719476734
-1
-1
-1
-1
-1
-1
-1
-1
-1
-1
-1
-1
-1
-1
-1
-1
-1
-1
-1
-1
-1
-1
-1
-1
-1
68719476735
103079215103
120259084287
128849018879
133143986175
135291469823
136365211647
136902082559
137170518015
137304735743
137371844607
137405399039
137422176255
137430564863
137434759167
137436856319
137437904895
137438429183
137438691327
137438822399
137438887935
137438920703
137438937087
137438945279
137438949375
137438951423
137438952447
137438952959
137438953215
137438953343
137438953407
137438953439
137438953455
137438953463
137438953467
137438953469
137438953470
-1
-1
-1
-1
-1
-1
-1
-1
-1
-1
-1
-1
-1
-1
-1
-1
-1
-1
-1
-1
-1
-1
-1
-1
137438953471
206158430207
240518168575
257698037759
266287972351
270582939647
272730423295
273804165119
274341036031
274609471487
274743689215
274810798079
274844352511
274861129727
274869518335
274873712639
274875809791
274876858367
274877382655
274877644799
274877775871
274877841407
274877874175
274877890559
274877898751
274877902847
274877904895
274877905919
274877906431
274877906687
274877906815
274877906879
274877906911
274877906927
274877906935
274877906939
274877906941
274877906942
-1
-1
-1
-1
-1
-1
-1
-1
-1
-1
-1
-1
-1
-1
-1
-1
-1
-1
-1
-1
-1
-1
-1
274877906943
412316860415
481036337151
515396075519
532575944703
541165879295
545460846591
547608330239
548682072063
549218942975
549487378431
549621596159
549688705023
549722259455
549739036671
549747425279
549751619583
549753716735
549754765311
549755289599
549755551743
549755682815
549755748351
549755781119
549755797503
549755805695
549755809791
549755811839
549755812863
549755813375
549755813631
549755813759
549755813823
549755813855
549755813871
549755813879
549755813883
549755813885
549755813886
-1
-1
-1
-1
-1
-1
-1
-1
-1
-1
-1
-1
-1
-1
-1
-1
-1
-1
-1
-1
-1
-1
549755813887
824633720831
962072674303
1030792151039
1065151889407
1082331758591
1090921693183
1095216660479
1097364144127
1098437885951
1098974756863
1099243192319
1099377410047
1099444518911
1099478073343
1099494850559
1099503239167
1099507433471
1099509530623
1099510579199
1099511103487
1099511365631
1099511496703
1099511562239
1099511595007
1099511611391
1099511619583
1099511623679
1099511625727
1099511626751
1099511627263
1099511627519
1099511627647
1099511627711
1099511627743
1099511627759
1099511627767
1099511627771
1099511627773
1099511627774
-1
-1
-1
-1
-1
-1
-1
-1
-1
-1
-1
-1
-1
-1
-1
-1
-1
-1
-1
-1
-1
1099511627775
1649267441663
1924145348607
2061584302079
2130303778815
2164663517183
2181843386367
2190433320959
2194728288255
2196875771903
2197949513727
2198486384639
2198754820095
2198889037823
2198956146687
2198989701119
2199006478335
2199014866943
2199019061247
2199021158399
2199022206975
2199022731263
2199022993407
2199023124479
2199023190015
2199023222783
2199023239167
2199023247359
2199023251455
2199023253503
2199023254527
2199023255039
2199023255295
2199023255423
2199023255487
2199023255519
2199023255535
2199023255543
2199023255547
2199023255549
2199023255550
-1
-1
-1
-1
-1
-1
-1
-1
-1
-1
-1
-1
-1
-1
-1
-1
-1
-1
-1
-1
2199023255551
3298534883327
3848290697215
4123168604159
4260607557631
4329327034367
4363686772735
4380866641919
4389456576511
4393751543807
4395899027455
4396972769279
4397509640191
4397778075647
4397912293375
4397979402239
4398012956671
4398029733887
4398038122495
4398042316799
4398044413951
4398045462527
4398045986815
4398046248959
4398046380031
4398046445567
4398046478335
4398046494719
4398046502911
4398046507007
4398046509055
4398046510079
4398046510591
4398046510847
4398046510975
4398046511039
4398046511071
4398046511087
4398046511095
4398046511099
4398046511101
4398046511102
-1
-1
-1
-1
-1
-1
-1
-1
-1
-1
-1
-1
-1
-1
-1
-1
-1
-1
-1
4398046511103
6597069766655
7696581394431
8246337208319
8521215115263
8658654068735
8727373545471
8761733283839
8778913153023
8787503087615
8791798054911
8793945538559
8795019280383
8795556151295
8795824586751
8795958804479
8796025913343
8796059467775
8796076244991
8796084633599
8796088827903
8796090925055
8796091973631
8796092497919
8796092760063
8796092891135
8796092956671
8796092989439
8796093005823
8796093014015
8796093018111
8796093020159
8796093021183
8796093021695
8796093021951
8796093022079
8796093022143
8796093022175
8796093022191
8796093022199
8796093022203
8796093022205
8796093022206
-1
-1
-1
-1
-1
-1
-1
-1
-1
-1
-1
-1
-1
-1
-1
-1
-1
-1
8796093022207
13194139533311
15393162788863
16492674416639
17042430230527
17317308137471
17454747090943
17523466567679
17557826306047
17575006175231
17583596109823
17587891077119
17590038560767
17591112302591
17591649173503
17591917608959
17592051826687
17592118935551
17592152489983
17592169267199
17592177655807
17592181850111
17592183947263
17592184995839
17592185520127
17592185782271
17592185913343
17592185978879
17592186011647
17592186028031
17592186036223
17592186040319
17592186042367
17592186043391
17592186043903
17592186044159
17592186044287
17592186044351
17592186044383
17592186044399
17592186044407
17592186044411
17592186044413
17592186044414
-1
-1
-1
-1
-1
-1
-1
-1
-1
-1
-1
-1
-1
-1
-1
-1
-1
17592186044415
26388279066623
30786325577727
32985348833279
34084860461055
34634616274943
34909494181887
35046933135359
35115652612095
35150012350463
35167192219647
35175782154239
35180077121535
35182224605183
35183298347007
35183835217919
35184103653375
35184237871103
35184304979967
35184338534399
35184355311615
35184363700223
35184367894527
35184369991679
35184371040255
35184371564543
35184371826687
35184371957759
35184372023295
35184372056063
35184372072447
35184372080639
35184372084735
35184372086783
35184372087807
35184372088319
35184372088575
35184372088703
35184372088767
35184372088799
35184372088815
35184372088823
35184372088827
35184372088829
35184372088830
-1
-1
-1
-1
-1
-1
-1
-1
-1
-1
-1
-1
-1
-1
-1
-1
35184372088831
52776558133247
61572651155455
65970697666559
68169720922111
69269232549887
69818988363775
70093866270719
70231305224191
70300024700927
70334384439295
70351564308479
70360154243071
70364449210367
70366596694015
70367670435839
70368207306751
70368475742207
70368609959935
70368677068799
70368710623231
70368727400447
70368735789055
70368739983359
70368742080511
70368743129087
70368743653375
70368743915519
70368744046591
70368744112127
70368744144895
70368744161279
70368744169471
70368744173567
70368744175615
70368744176639
70368744177151
70368744177407
70368744177535
70368744177599
70368744177631
70368744177647
70368744177655
70368744177659
70368744177661
70368744177662
-1
-1
-1
-1
-1
-1
-1
-1
-1
-1
-1
-1
-1
-1
-1
70368744177663
105553116266495
123145302310911
131941395333119
136339441844223
138538465099775
139637976727551
140187732541439
140462610448383
140600049401855
140668768878591
140703128616959
140720308486143
140728898420735
140733193388031
140735340871679
140736414613503
140736951484415
140737219919871
140737354137599
140737421246463
140737454800895
140737471578111
140737479966719
140737484161023
140737486258175
140737487306751
140737487831039
140737488093183
140737488224255
140737488289791
140737488322559
140737488338943
140737488347135
140737488351231
140737488353279
140737488354303
140737488354815
140737488355071
140737488355199
140737488355263
140737488355295
140737488355311
140737488355319
140737488355323
140737488355325
140737488355326
-1
-1
-1
-1
-1
-1
-1
-1
-1
-1
-1
-1
-1
-1
140737488355327
211106232532991
246290604621823
263882790666239
272678883688447
277076930199551
279275953455103
280375465082879
280925220896767
281200098803711
281337537757183
281406257233919
281440616972287
281457796841471
281466386776063
281470681743359
281472829227007
281473902968831
281474439839743
281474708275199
281474842492927
281474909601791
281474943156223
281474959933439
281474968322047
281474972516351
281474974613503
281474975662079
281474976186367
281474976448511
281474976579583
281474976645119
281474976677887
281474976694271
281474976702463
281474976706559
281474976708607
281474976709631
281474976710143
281474976710399
281474976710527
281474976710591
281474976710623
281474976710639
281474976710647
281474976710651
281474976710653
281474976710654
-1
-1
-1
-1
-1
-1
-1
-1
-1
-1
-1
-1
-1
281474976710655
422212465065983
492581209243647
527765581332479
545357767376895
554153860399103
558551906910207
560750930165759
561850441793535
562400197607423
562675075514367
562812514467839
562881233944575
562915593682943
562932773552127
562941363486719
562945658454015
562947805937663
562948879679487
562949416550399
562949684985855
562949819203583
562949886312447
562949919866879
562949936644095
562949945032703
562949949227007
562949951324159
562949952372735
562949952897023
562949953159167
562949953290239
562949953355775
562949953388543
562949953404927
562949953413119
562949953417215
562949953419263
562949953420287
562949953420799
562949953421055
562949953421183
562949953421247
562949953421279
562949953421295
562949953421303
562949953421307
562949953421309
562949953421310
-1
-1
-1
-1
-1
-1
-1
-1
-1
-1
-1
-1
562949953421311
844424930131967
985162418487295
1055531162664959
1090715534753791
1108307720798207
1117103813820415
1121501860331519
1123700883587071
1124800395214847
