1125350151028735
1125625028935679
1125762467889151
1125831187365887
1125865547104255
1125882726973439
1125891316908031
1125895611875327
1125897759358975
1125898833100799
1125899369971711
1125899638407167
1125899772624895
1125899839733759
1125899873288191
1125899890065407
1125899898454015
1125899902648319
1125899904745471
1125899905794047
1125899906318335
1125899906580479
1125899906711551
1125899906777087
1125899906809855
1125899906826239
1125899906834431
1125899906838527
1125899906840575
1125899906841599
1125899906842111
1125899906842367
1125899906842495
1125899906842559
1125899906842591
1125899906842607
1125899906842615
1125899906842619
1125899906842621
1125899906842622
-1
-1
-1
-1
-1
-1
-1
-1
-1
-1
-1
1125899906842623
1688849860263935
1970324836974591
2111062325329919
2181431069507583
2216615441596415
2234207627640831
2243003720663039
2247401767174143
2249600790429695
2250700302057471
2251250057871359
2251524935778303
2251662374731775
2251731094208511
2251765453946879
2251782633816063
2251791223750655
2251795518717951
2251797666201599
2251798739943423
2251799276814335
2251799545249791
2251799679467519
2251799746576383
2251799780130815
2251799796908031
2251799805296639
2251799809490943
2251799811588095
2251799812636671
2251799813160959
2251799813423103
2251799813554175
2251799813619711
2251799813652479
2251799813668863
2251799813677055
2251799813681151
2251799813683199
2251799813684223
2251799813684735
2251799813684991
2251799813685119
2251799813685183
2251799813685215
2251799813685231
2251799813685239
2251799813685243
2251799813685245
2251799813685246
-1
-1
-1
-1
-1
-1
-1
-1
-1
-1
2251799813685247
3377699720527871
3940649673949183
4222124650659839
4362862139015167
4433230883192831
4468415255281663
4486007441326079
4494803534348287
4499201580859391
4501400604114943
4502500115742719
4503049871556607
4503324749463551
4503462188417023
4503530907893759
4503565267632127
4503582447501311
4503591037435903
4503595332403199
4503597479886847
4503598553628671
4503599090499583
4503599358935039
4503599493152767
4503599560261631
4503599593816063
4503599610593279
4503599618981887
4503599623176191
4503599625273343
4503599626321919
4503599626846207
4503599627108351
4503599627239423
4503599627304959
4503599627337727
4503599627354111
4503599627362303
4503599627366399
4503599627368447
4503599627369471
4503599627369983
4503599627370239
4503599627370367
4503599627370431
4503599627370463
4503599627370479
4503599627370487
4503599627370491
4503599627370493
4503599627370494
-1
-1
-1
-1
-1
-1
-1
-1
-1
4503599627370495
6755399441055743
7881299347898367
8444249301319679
8725724278030335
8866461766385663
8936830510563327
8972014882652159
8989607068696575
8998403161718783
9002801208229887
9005000231485439
9006099743113215
9006649498927103
9006924376834047
9007061815787519
9007130535264255
9007164895002623
9007182074871807
9007190664806399
9007194959773695
9007197107257343
9007198180999167
9007198717870079
9007198986305535
9007199120523263
9007199187632127
9007199221186559
9007199237963775
9007199246352383
9007199250546687
9007199252643839
9007199253692415
9007199254216703
9007199254478847
9007199254609919
9007199254675455
9007199254708223
9007199254724607
9007199254732799
9007199254736895
9007199254738943
9007199254739967
9007199254740479
9007199254740735
9007199254740863
9007199254740927
9007199254740959
9007199254740975
9007199254740983
9007199254740987
9007199254740989
9007199254740990
-1
-1
-1
-1
-1
-1
-1
-1
9007199254740991
13510798882111487
15762598695796735
16888498602639359
17451448556060671
17732923532771327
17873661021126655
17944029765304319
17979214137393151
17996806323437567
18005602416459775
18010000462970879
18012199486226431
18013298997854207
18013848753668095
18014123631575039
18014261070528511
18014329790005247
18014364149743615
18014381329612799
18014389919547391
18014394214514687
18014396361998335
18014397435740159
18014397972611071
18014398241046527
18014398375264255
18014398442373119
18014398475927551
18014398492704767
18014398501093375
18014398505287679
18014398507384831
18014398508433407
18014398508957695
18014398509219839
18014398509350911
18014398509416447
18014398509449215
18014398509465599
18014398509473791
18014398509477887
18014398509479935
18014398509480959
18014398509481471
18014398509481727
18014398509481855
18014398509481919
18014398509481951
18014398509481967
18014398509481975
18014398509481979
18014398509481981
18014398509481982
-1
-1
-1
-1
-1
-1
-1
18014398509481983
27021597764222975
31525197391593471
33776997205278719
34902897112121343
35465847065542655
35747322042253311
35888059530608639
35958428274786303
35993612646875135
36011204832919551
36020000925941759
36024398972452863
36026597995708415
36027697507336191
36028247263150079
36028522141057023
36028659580010495
36028728299487231
36028762659225599
36028779839094783
36028788429029375
36028792723996671
36028794871480319
36028795945222143
36028796482093055
36028796750528511
36028796884746239
36028796951855103
36028796985409535
36028797002186751
36028797010575359
36028797014769663
36028797016866815
36028797017915391
36028797018439679
36028797018701823
36028797018832895
36028797018898431
36028797018931199
36028797018947583
36028797018955775
36028797018959871
36028797018961919
36028797018962943
36028797018963455
36028797018963711
36028797018963839
36028797018963903
36028797018963935
36028797018963951
36028797018963959
36028797018963963
36028797018963965
36028797018963966
-1
-1
-1
-1
-1
-1
36028797018963967
54043195528445951
63050394783186943
67553994410557439
69805794224242687
70931694131085311
71494644084506623
71776119061217279
71916856549572607
71987225293750271
72022409665839103
72040001851883519
72048797944905727
72053195991416831
72055395014672383
72056494526300159
72057044282114047
72057319160020991
72057456598974463
72057525318451199
72057559678189567
72057576858058751
72057585447993343
72057589742960639
72057591890444287
72057592964186111
72057593501057023
72057593769492479
72057593903710207
72057593970819071
72057594004373503
72057594021150719
72057594029539327
72057594033733631
72057594035830783
72057594036879359
72057594037403647
72057594037665791
72057594037796863
72057594037862399
72057594037895167
72057594037911551
72057594037919743
72057594037923839
72057594037925887
72057594037926911
72057594037927423
72057594037927679
72057594037927807
72057594037927871
72057594037927903
72057594037927919
72057594037927927
72057594037927931
72057594037927933
72057594037927934
-1
-1
-1
-1
-1
72057594037927935
108086391056891903
126100789566373887
135107988821114879
139611588448485375
141863388262170623
142989288169013247
143552238122434559
143833713099145215
143974450587500543
144044819331678207
144080003703767039
144097595889811455
144106391982833663
144110790029344767
144112989052600319
144114088564228095
144114638320041983
144114913197948927
144115050636902399
144115119356379135
144115153716117503
144115170895986687
144115179485921279
144115183780888575
144115185928372223
144115187002114047
144115187538984959
144115187807420415
144115187941638143
144115188008747007
144115188042301439
144115188059078655
144115188067467263
144115188071661567
144115188073758719
144115188074807295
144115188075331583
144115188075593727
144115188075724799
144115188075790335
144115188075823103
144115188075839487
144115188075847679
144115188075851775
144115188075853823
144115188075854847
144115188075855359
144115188075855615
144115188075855743
144115188075855807
144115188075855839
144115188075855855
144115188075855863
144115188075855867
144115188075855869
144115188075855870
-1
-1
-1
-1
144115188075855871
216172782113783807
252201579132747775
270215977642229759
279223176896970751
283726776524341247
285978576338026495
287104476244869119
287667426198290431
287948901175001087
288089638663356415
288160007407534079
288195191779622911
288212783965667327
288221580058689535
288225978105200639
288228177128456191
288229276640083967
288229826395897855
288230101273804799
288230238712758271
288230307432235007
288230341791973375
288230358971842559
288230367561777151
288230371856744447
288230374004228095
288230375077969919
288230375614840831
288230375883276287
288230376017494015
288230376084602879
288230376118157311
288230376134934527
288230376143323135
288230376147517439
288230376149614591
288230376150663167
288230376151187455
288230376151449599
288230376151580671
288230376151646207
288230376151678975
288230376151695359
288230376151703551
288230376151707647
288230376151709695
288230376151710719
288230376151711231
288230376151711487
288230376151711615
288230376151711679
288230376151711711
288230376151711727
288230376151711735
288230376151711739
288230376151711741
288230376151711742
-1
-1
-1
288230376151711743
432345564227567615
504403158265495551
540431955284459519
558446353793941503
567453553048682495
571957152676052991
574208952489738239
575334852396580863
575897802350002175
576179277326712831
576320014815068159
576390383559245823
576425567931334655
576443160117379071
576451956210401279
576456354256912383
576458553280167935
576459652791795711
576460202547609599
576460477425516543
576460614864470015
576460683583946751
576460717943685119
576460735123554303
576460743713488895
576460748008456191
576460750155939839
576460751229681663
576460751766552575
576460752034988031
576460752169205759
576460752236314623
576460752269869055
576460752286646271
576460752295034879
576460752299229183
576460752301326335
576460752302374911
576460752302899199
576460752303161343
576460752303292415
576460752303357951
576460752303390719
576460752303407103
576460752303415295
576460752303419391
576460752303421439
576460752303422463
576460752303422975
576460752303423231
576460752303423359
576460752303423423
576460752303423455
576460752303423471
576460752303423479
576460752303423483
576460752303423485
576460752303423486
-1
-1
576460752303423487
864691128455135231
1008806316530991103
1080863910568919039
1116892707587883007
1134907106097364991
1143914305352105983
1148417904979476479
1150669704793161727
1151795604700004351
1152358554653425663
1152640029630136319
1152780767118491647
1152851135862669311
1152886320234758143
1152903912420802559
1152912708513824767
1152917106560335871
1152919305583591423
1152920405095219199
1152920954851033087
1152921229728940031
1152921367167893503
1152921435887370239
1152921470247108607
1152921487426977791
1152921496016912383
1152921500311879679
1152921502459363327
1152921503533105151
1152921504069976063
1152921504338411519
1152921504472629247
1152921504539738111
1152921504573292543
1152921504590069759
1152921504598458367
1152921504602652671
1152921504604749823
1152921504605798399
1152921504606322687
1152921504606584831
1152921504606715903
1152921504606781439
1152921504606814207
1152921504606830591
1152921504606838783
1152921504606842879
1152921504606844927
1152921504606845951
1152921504606846463
1152921504606846719
1152921504606846847
1152921504606846911
1152921504606846943
1152921504606846959
1152921504606846967
1152921504606846971
1152921504606846973
1152921504606846974
-1
1152921504606846975
1729382256910270463
2017612633061982207
2161727821137838079
2233785415175766015
2269814212194729983
2287828610704211967
2296835809958952959
2301339409586323455
2303591209400008703
2304717109306851327
2305280059260272639
2305561534236983295
2305702271725338623
2305772640469516287
2305807824841605119
2305825417027649535
2305834213120671743
2305838611167182847
2305840810190438399
2305841909702066175
2305842459457880063
2305842734335787007
2305842871774740479
2305842940494217215
2305842974853955583
2305842992033824767
2305843000623759359
2305843004918726655
2305843007066210303
2305843008139952127
2305843008676823039
2305843008945258495
2305843009079476223
2305843009146585087
2305843009180139519
2305843009196916735
2305843009205305343
2305843009209499647
2305843009211596799
2305843009212645375
2305843009213169663
2305843009213431807
2305843009213562879
2305843009213628415
2305843009213661183
2305843009213677567
2305843009213685759
2305843009213689855
2305843009213691903
2305843009213692927
2305843009213693439
2305843009213693695
2305843009213693823
2305843009213693887
2305843009213693919
2305843009213693935
2305843009213693943
2305843009213693947
2305843009213693949
