2199023255398
8589934480
137438953385
137438953360
17179869123
68719476679
34359738218
34359738229
2147483515
137438953362
8589934537
34359738262
8589934516
8589934460
68719476565
68719475666
137438953411
4294967245
68719476597
8589934490
1073741764
8589934539
8589934497
4294967130
2199023255404
2147483582
2147483557
549755813370
33554372
536870860
8589934538
16777042
274877906860
4294966998
8589934535
4294967245
68719476625
8589934415
4294967031
68719476586
4294967127
2199023255397
34359738258
8589934531
17179868635
8589934431
68719476661
2147483565
536870830
4294967204
8589934538
137438953393
1073741722
17179869014
137438953341
1099511627679
34359738212
4294967192
68719476681
549755813752
8589934537
4294967161
68719476219
4294966767
274877906886
2147483365
34359738276
2147483572
137438953208
17179869103
4294967183
4294967199
34359738207
68719476676
137438952437
67108694
549755811830
8589934524
8589934494
34359738231
17179868905
2147483595
34359737305
274877906671
68719476674
17179869121
4294967137
137438953295
137438951390
68719476639
17179869017
17179869121
536870811
68719476571
2147483519
137438953330
1073741760
137438953365
2199023255498
4294967159
34359738071
2147483579
549755813720
137438953383
1073741748
17179869126
2147483595
4294967228
549755813604
8589934515
1099511627683
34359738264
2147483353
274877906851
34359738098
268435284
1073741735
68719476665
4194200
1073741750
2147483474
549755813828
34359738230
2147483564
17179869104
536870741
17179869013
68719476659
8589934042
134217590
34359738312
67108801
4294967228
2147483109
4294966243
34359738309
17179868653
536870644
34359738263
17179869129
2147483598
137438951391
274877906771
8388557
268435397
2147483510
4294967199
137438951392
1073741559
549755813823
4294967159
536870859
4294967165
17179869093
67108770
549755813787
2147483553
34359738197
274877906384
137438953190
274877906877
1099511627689
137438953326
2147483548
268435169
1099511627704
268435404
274877906865
137438953419
274877902830
8589934036
549755813838
137438953200
34359738273
8589934536
8589934528
1099511627637
67108808
2147483573
8589934419
34359738280
17179869083
549755813751
8589934484
68719476632
137438953409
34359738068
34359738265
274877906839
68719476673
274877906767
68719476600
8589934486
268435347
17179868137
34359738226
8589934492
274877906835
268435379
68719476664
4294967245
137438953422
1073741659
34359737299
1099511627256
4294967222
8589930458
8589934421
4294967121
2199023255274
17179869007
137438953334
8589934487
1073741554
2147483499
536870773
274877906884
4294967237
268435388
2147483595
2199023253459
4294967198
34359738316
2147483579
17179869089
2147483388
137438953176
4294966991
137438953178
17179869134
1073741739
17179869128
137438953406
137438953320
536870848
17179869076
4294966774
134217676
549755813823
137438953373
8589934481
16777126
268435182
8589934538
268435287
68719476643
1073741728
274877906868
1073741711
274877906844
68719476665
17179869043
2199023255268
137438953373
274877906880
68719476629
17179868656
4294967236
2147483592
17179868628
8589934513
17179869100
134217553
4294967234
1073741768
4294967033
34359738296
137438953379
8589934311
4294967184
4294967222
8589934528
34359738216
68719476220
1073741764
17179869080
34359738310
17179869029
274877906882
34359738080
274877906833
8589934442
34359738293
549755813832
268435384
268435285
8589934449
8589934536
17179868891
68719476632
4398046510993
8589934415
2147483588
68719476679
268435386
68719476586
2199023255488
2147483597
274877906887
8589934527
274877906800
34359738270
8589934531
536870738
134217667
8589934417
1099511627670
17179868661
4294967233
68719476667
1073741764
2147483478
67108689
8796092989429
17179869098
134217670
2147483596
274877906840
137438953416
134217618
16777158
68719476462
536870816
17179869020
17179869078
4294967017
1099511627692
1073740765
17179869100
274877906811
4294966779
2147483596
4294967128
4294967012
8589933553
274877906415
536870752
2147483472
274877906884
274877906882
34359738314
8589934454
8589934320
1073741766
2147483562
2147483556
8388442
134217586
268435402
4398046510586
137438953359
274877906815
137438953396
1073741725
68719476645
34359738282
536870849
8589934494
1099511627709
34359738309
2147483546
68719476647
2199023255481
68719476653
4294967035
34359738237
8589934529
268435169
1099511627688
4294967241
8589934510
536870805
34359738285
1099511627725
8589934448
1073741773
4294966756
4294967216
34359738301
68719476466
1073741718
549755813805
268435380
8589934328
274877906862
68719476439
17179865044
8589934521
1073741755
34359738303
17179869124
536870774
1099511627668
34359738204
4294967236
4294967241
68719476653
536870857
17179869020
8796093022143
17179869022
137438953200
17179869130
549755813756
17179869114
68719476636
274877906871
8589934450
4294967210
1073741769
2147483596
34359737837
4294967231
68719476563
274877906780
33554323
137438953422
4294967225
549755813583
1099511627719
8589934076
274877906878
2147483366
4398046511040
34359738316
1073741745
17179868903
4294966250
1073741753
134217643
8589934493
34359738191
68719476633
274877905913
34359738294
274877906875
1099511627609
17179868890
34359738261
34359738310
4294967152
34359737326
2147483553
137438953370
137438953328
536870860
17179869121
536870826
4294967230
8589934531
17179869108
4294967201
68719476636
536870827
68719476630
4294967146
8589934541
1099511627231
34359738289
536870856
268435385
2147483555
1073741759
34359738271
536870380
17179869109
4398046510549
2147483568
34359738257
549755813609
17179869102
1073741769
8589934290
536870611
137438953325
17179869093
68719476682
4294967242
2147481594
8589934515
1099511627512
268435161
8589934502
4294967217
2147483594
2147483589
2147483563
274877906796
68719476676
2147483597
34359738280
274877905897
17179868920
68719476623
8589934073
4294967195
68719476573
17179868636
137438953410
17179867120
536870770
2147483578
68719476669
8589934532
68719476669
274877906673
17179869124
4294967240
68719476686
2199023255460
137438953412
17179869047
8589934458
17179869131
2147483576
137438953186
34359738277
536870833
536870861
8589934483
68719476592
68719476672
2147483586
2147483563
1099511627703
34359738199
137438953376
68719476685
2147483592
268435322
34359738299
536870743
2147483556
268435287
68719476674
274877906869
4294967243
536870818
549755813600
4294967217
1073741276
536870654
2147483110
17179869099
536870807
34359738078
17179868642
67108776
34359738316
17179869117
68719476674
2147481592
17179869100
137438953414
68719476673
536870830
274877906884
33554346
8589934500
34359738224
536870847
8589934457
268435400
8589934435
8589934463
268435290
274877906892
536870854
4398046511043
34359738313
8589934535
268435370
17179869079
68719476631
268435187
274877906861
2147483350
8589934531
8589934463
137438953384
2147483585
1099511103440
17179869103
274877906853
8589934505
8589934538
1099511627477
34359738222
4398046510957
33554363
2199023254993
34359737334
1073741712
17179868156
4294967198
8589934078
4294967242
4294967239
2147483548
137438953411
2147483559
274877906875
536870849
17179868651
137438953201
2147483543
4294967199
1073741719
8589934298
68719476659
34359738299
34359738217
8589934530
137438953421
68719476669
4294967163
549755813609
1073741746
68719476686
34359738316
268435365
16777109
2147483595
8589934517
8589934444
34359738265
274877906651
4294967193
536870833
4294959065
4294967239
137438953179
134217641
1099511627639
8589934421
1073741694
34359738105
274877906876
2199023255385
34359738305
536870752
17179869118
274877906872
549755813837
17179869087
134217658
17179869123
8589934528
1099511627246
34359738288
137438953375
1073741649
549755813829
67108789
4294967185
8589934525
536870853
549755813827
68719476436
33554328
8589934417
274877906879
2147483565
137438953332
17179869130
2147483540
268435364
17179869081
274877906891
4294967210
17179868920
68719476638
1073741746
68719476659
137438953327
68719476638
274877906802
68719476657
549755813598
1073741712
17179868132
4294967242
2147483477
1099511627723
137438953374
17179869119
536870836
34359738264
68719476672
34359738309
137438953419
274877906836
68719476681
1099511627242
2147483569
274877906867
34359738285
274877906393
268435315
137438953167
2199023255460
8589934315
17179865078
8589934429
4294967225
1073741749
17179869071
17179869108
4294967187
68719476442
137438953298
134217642
274877906891
268435396
549755813826
4294967143
34359738275
8589934323
8589934495
137438953408
17592186040302
4294967000
68719476645
137438953365
8589934528
33554340
8589934509
68719476681
68719476672
1073741737
34359738292
17179869121
2147483576
34359738289
34359738268
536870810
536870654
274877906890
1073741723
68719475688
1099511627686
17179869089
17179869133
8589934434
536870836
17179869094
68719476643
137438953410
536870392
137438953408
34359738090
2147483591
536870772
4398046510845
274877906431
137438953398
8589934496
34359738315
68719476680
34359737319
1099511627611
536870813
4294967238
134217647
1073741723
8796093022098
549755813824
17179869076
1099511627482
8589934310
4294967123
17179869084
1073741767
17179869097
67108807
4294967200
17179869086
137438953174
33554330
137438953390
549755813727
549755813829
1073741760
34359738098
8589934499
1099511627472
137438953307
68719476630
34359738065
67108800
137438953399
536870856
137438953416
34359738299
536868834
8589934486
35184372088673
4294967187
1099511627695
2147483595
274877904856
17179869089
8589934537
1073741539
68719476679
1073741733
33554332
4398046510957
2147483388
1073741677
8589934329
8589934462
134217652
4294967245
268435384
137438953311
1073741772
1073740772
274877906876
2147483351
137438953342
2147483346
17179869086
549755813750
8589934434
1099511627717
4294967246
34359738310
68719476652
8796093022039
17179869027
274877906872
17179869090
34359737847
4294967131
68719476685
17179869108
34359738104
2199023255408
137438953372
17179869111
68719476666
8589934076
68719476677
536870761
68719476652
8589934482
34359738304
2199023255408
4294967137
137438953373
536870748
8589934493
1099511627633
274877906416
17179869091
2147483551
17179869031
8589934499
68719476580
1073741741
8589934539
134217593
2147483551
67108776
8589934293
17179869134
8589934447
17179869021
1099511627684
8589934519
2147483565
8796093021168
17179869123
268435405
17179868914
8589934483
4398046510846
68719476684
1073741719
67108787
4294967185
68719476628
549755812834
68719476635
1073741768
549755813375
34359738308
4294967141
1099511627691
4294967021
4294967200
4294967245
2147483539
8589934296
1099511627663
17179869016
2199023255278
137438953325
268435296
274877906869
34359738301
34359738318
137438952439
17179869018
137438953366
2147483596
34359738270
137438953185
17179869105
1099511627609
536870843
4294967232
17179868151
2147483518
17179869107
17179869015
8589934536
268435373
17179869124
274877906848
2147483597
137438952948
4294967146
4398046511053
17179867125
34359738075
34359738213
2147483581
137438953421
34359738309
68719476675
137438953300
68719476447
68719476638
4294967127
274877906836
2147483552
68719476680
268434920
34359738301
8589932537
34359738318
34359738225
137438953327
8589934532
268435350
536870859
4294967232
1073741757
268435402
8589934484
4294967183
274877906891
34359738193
2147483590
34359738199
268435403
4398046511054
68719476637
17179869112
268435390
17179869022
8589934512
137438953306
34359738234
8589934542
4294967206
8589934505
2147483552
2147483558
68719476660
137438953362
34359738236
17179868889
17179869014
549755813793
68719476592
17179869133
536870861
67108811
68719476445
34359738299
8589934539
34359738231
134217584
549755813340
536870835
4294965229
549755813630
17179869131
1073741739
2147483556
34359738290
274877906781
34359738312
17179836370
8589934502
17179869054
137438953310
