16
16
11
6
10
5
14
0
2
18
3
6
19
7
17
13
7
18
18
4
0
16
0
3
17
1
10
14
3
0
5
11
6
10
2
13
0
14
0
8
3
8
13
8
7
18
7
19
9
1
9
19
0
16
6
17
17
1
6
9
11
5
12
19
7
11
4
7
1
9
13
4
16
13
9
19
8
4
1
4
12
18
4
8
14
16
17
1
16
5
1
7
10
9
13
9
3
14
16
17
9
16
10
4
12
16
1
16
4
15
1
0
12
18
10
6
13
16
15
6
12
1
16
16
19
15
19
14
4
15
10
6
16
11
6
2
10
4
0
18
16
16
8
13
8
0
0
0
13
9
19
0
10
9
11
8
3
18
19
12
18
14
19
2
1
16
16
12
3
10
15
3
17
9
10
5
17
14
14
10
8
3
4
15
3
10
5
8
19
18
17
5
1
10
2
15
8
8
0
10
4
19
18
13
14
16
5
19
13
4
17
14
3
9
15
1
8
14
1
16
2
5
10
4
14
7
15
10
13
19
0
13
6
4
19
14
17
0
15
13
18
11
4
16
9
2
1
1
9
17
10
9
10
18
4
18
17
15
4
4
10
3
5
14
7
1
1
17
17
5
18
3
6
13
19
12
3
13
5
2
15
17
18
16
17
8
18
9
12
5
6
19
4
14
16
5
8
11
5
13
1
11
2
5
2
6
15
14
19
10
12
12
17
9
2
7
15
2
14
10
11
1
2
2
2
8
19
11
2
9
10
11
12
9
14
19
19
5
18
0
16
9
2
7
18
4
14
9
13
17
7
3
15
4
13
11
7
1
3
15
11
13
11
9
19
9
1
16
18
16
12
13
12
6
16
4
18
11
18
12
3
5
14
4
10
16
18
17
0
5
4
14
14
16
13
6
18
13
9
3
11
4
13
13
18
1
5
14
19
3
1
6
6
6
1
12
10
4
15
6
18
10
0
16
12
15
9
19
19
4
9
14
8
8
17
12
4
1
18
10
19
3
4
15
3
10
6
10
15
3
16
7
5
0
6
17
18
3
9
1
7
13
6
19
5
4
1
19
17
2
13
2
12
16
15
3
15
15
18
12
6
1
0
4
13
19
12
3
17
8
7
0
19
19
14
3
0
11
8
3
16
2
14
18
12
14
11
11
8
6
2
15
0
14
6
17
0
9
5
11
4
3
14
2
11
4
12
4
10
4
13
17
6
18
6
11
15
8
4
19
3
7
0
7
17
14
11
6
15
18
9
2
17
15
8
18
9
13
16
19
9
16
14
18
10
16
14
3
10
18
1
1
1
12
13
6
10
17
18
9
7
4
2
18
16
18
6
9
11
11
2
14
13
0
16
1
12
5
7
17
5
15
17
5
2
8
2
0
5
5
14
7
18
14
19
2
16
12
5
8
0
17
10
11
15
19
7
14
10
12
15
5
2
0
8
2
4
5
2
1
18
8
0
12
12
13
19
15
12
13
17
10
13
19
14
18
16
4
0
4
11
12
7
11
18
2
6
16
18
19
17
8
12
9
16
17
8
2
15
18
0
7
17
12
6
15
14
11
18
1
19
3
12
1
4
1
4
8
18
16
16
10
10
7
1
6
2
8
0
8
15
16
16
19
15
18
16
8
7
16
1
11
9
1
7
2
0
9
5
19
4
3
16
14
0
13
14
9
7
13
10
0
10
17
18
12
19
1
16
14
11
1
2
19
6
13
2
9
15
13
14
8
5
0
8
15
5
14
3
13
0
7
14
19
10
4
14
18
18
7
16
6
3
19
16
1
8
0
18
8
7
14
12
17
2
8
9
19
14
16
12
12
17
0
6
11
17
9
5
6
10
2
17
15
15
15
5
15
15
6
11
3
19
7
4
9
15
2
16
19
16
9
16
17
13
16
10
19
4
6
16
7
0
19
15
2
14
16
11
5
0
17
11
0
9
9
8
6
4
10
2
5
5
0
5
11
19
9
10
18
14
2
12
18
8
14
11
15
3
16
15
6
14
19
14
9
4
17
8
4
0
13
12
0
12
0
6
19
9
9
11
4
10
3
19
9
9
1
3
12
3
9
2
8
4
13
18
6
16
4
16
11
10
3
8
16
19
3
9
7
14
8
2
5
19
14
10
17
19
3
10
10
9
6
15
9
10
7
2
5
13
0
14
14
3
18
7
10
16
17
9
6
13
12
16
15
10
3
6
13
19
17
16
17
14
5
17
17
0
0
19
8
18
6
0
12
17
9
11
7
14
14
13
9
2
12
0
8
10
4
