72
262115
268435406
8388602
16777195
35184372088757
510
17179869143
8796093022143
69
2046
67108838
72057594037927863
65509
4294967250
268435424
75
2044
71
78
262106
155
34359738319
549755813822
144115188075855847
9007199254740945
140737488355314
576460752303423483
274877906894
131052
1022
76
2199023255495
121
35184372088774
4194239
137438953402
262077
75
34359738340
4294967247
464
8796093022187
144115188075855851
465
144115188075855816
150
2020
8589934522
2147483596
1073741770
2097082
65
33554417
155
443
34359738339
144115188075855862
2199023255527
1019
70
18014398509481958
70368744177631
268435426
1073741781
2147483626
68
992
8796093022160
562949953421252
4194230
2199023255494
68719476715
16356
8
4398046511038
8388583
576460752303423442
549755813858
179
1997
2018
536870848
34359738293
2251799813685181
36028797018963949
4073
562949953421266
472
148
137438953407
74
65478
4061
148
32724
231
8164
36028797018963936
2147483620
73
17592186044376
145
8796093022203
262133
78
148
70
17179869127
288230376151711670
77
1048545
17592186044373
70368744177596
68719476711
9007199254740964
111
486
1016
157
144115188075855845
35184372088802
32740
108
76
1073741805
76
33554390
2097135
75
8388582
72057594037927901
74
76
2097125
140737488355305
35184372088787
562949953421304
137438953448
2147483580
17592186044395
1073741791
65497
67108856
67
145
2147483616
229
4194247
281474976710637
33554389
4194226
536870880
65503
68
70368744177608
288230376151711732
36028797018963922
2029
262122
34359738343
17592186044340
149
69
134217694
144
1073741806
274877906921
1099511627748
143
145
64
134217715
9007199254740981
151
153
150
67108844
8796093022134
1099511627714
4398046511082
154
65511
72
72057594037927915
36028797018963932
144115188075855822
4503599627370466
288230376151711730
18014398509481933
72057594037927881
281474976710583
2097080
134217653
65
131015
74
67108839
562949953421256
17592186044365
2039
65
9007199254740915
38
524265
1048517
-1
146
268435427
144
4059
68
4398046511056
33554387
524225
149
76
1073741776
65
66
67108841
8388553
1125899906842604
16367
70368744177632
2199023255540
72057594037927912
32731
74
147
1099511627734
140737488355273
73
8155
157
33554411
68
17592186044364
145
2005
4398046511101
1099511627706
8126
67108833
576460752303423447
140737488355249
16353
576460752303423451
70368744177624
70
68719476690
17592186044380
76
16358
72057594037927910
2097075
36028797018963955
490
72057594037927872
33554403
8150
66
2147483621
17592186044399
150
4294967285
40
562949953421265
34359738325
134217673
8589934570
576460752303423464
268435451
8589934563
66
4
32761
16777156
59
34359738331
76
1125899906842545
8171
281474976710580
61
511
71
8589934553
274877906915
75
144115188075855850
1048549
1048512
137438953453
70368744177650
65471
72057594037927923
255
77
549755813873
72
65
78
76
20
154
35184372088804
8796093022188
17179869168
562949953421261
74
17179869106
151
33554363
4398046511033
66
9007199254740966
562949953421269
262131
29
93
576460752303423420
65531
8169
147
145
145
1125899906842595
65519
151
65508
32732
1099511627773
77
274877906919
8388548
32763
146
134217722
36028797018963951
65525
33554360
16777175
67108805
66
2147483605
549755813810
268435383
8589934566
536870834
9007199254740916
17592186044344
131038
4294967229
156
288230376151711674
148
144
9007199254740940
268435425
16777204
18014398509481981
536870902
147
144115188075855849
72057594037927896
35184372088769
274877906872
77
16323
2251799813685240
34359738333
67
2147483609
36028797018963945
131007
2147483594
68
64
157
1985
8388593
144115188075855857
18014398509481958
36028797018963947
274877906911
75
134217718
72
131001
235
957
157
281474976710614
4045
148
2009
70368744177607
8388539
8136
134217712
154
137438953469
35184372088775
78
65
71
970
18014398509481954
16777193
71
8128
147
67
36028797018963943
1073741780
88
11
4503599627370468
84
69
65
1073741751
9007199254740951
66
435
18014398509481965
32741
78
137438953397
8589934564
576460752303423468
72057594037927876
8388570
65469
8589934566
74
288230376151711709
262100
157
154
156
1073741794
9007199254740930
4398046511066
152
2199023255523
65
78
4085
8796093022201
1073741749
32751
4503599627370470
144115188075855802
2251799813685234
1125899906842570
16777199
147
4503599627370448
8388591
2147483630
4066
288230376151711676
149
4294967275
67108790
143
65526
1014
35184372088786
74
72057594037927907
8589934534
1048559
155
156
151
68719476731
33554398
65518
262085
8388582
8796093022140
1073741821
17179869124
274877906906
8388586
1125899906842577
17592186044395
73
524268
274877906925
68719476679
188
1981
150
2097110
1125899906842601
4294967241
67108787
67108823
2251799813685222
157
562949953421242
8796093022198
131051
131059
8589934583
4067
4035
281474976710586
274877906926
31
536870865
18014398509481913
134217652
4194282
17592186044353
143
152
549755813817
268435396
78
144115188075855841
144115188075855864
4020
146
68
65498
18014398509481908
262135
4039
131037
-1
8796093022146
18014398509481937
18014398509481956
288230376151711690
980
4194278
1048531
4398046511049
1048560
3
33554383
4294967276
33554358
16777191
144115188075855859
8176
18014398509481955
4398046511074
218
549755813851
134217726
191
274877906870
1073741789
4503599627370473
4503599627370419
8388603
274877906907
4194264
999
17179869152
2199023255478
8796093022150
143
262130
144115188075855829
4398046511036
67108804
8116
1073741784
262076
274877906930
201
1125899906842551
536870869
2147483586
8139
2014
562949953421311
51
2251799813685171
4294967231
16349
17592186044337
8157
73
66
1099511627717
65
562949953421281
68719476710
149
2032
65
134217699
990
77
17592186044362
66
9007199254740965
137438953445
-1
576460752303423486
4066
4398046511083
274877906922
4503599627370491
262140
144
4503599627370486
4194269
-1
157
74
2097104
68719476674
152
76
77
143
217
65468
131046
262120
140737488355271
549755813837
44
131046
4071
33554380
35184372088766
68719476686
72057594037927914
67
4398046511057
2097108
281474976710636
36028797018963914
68719476663
75
524260
262066
64
8796093022177
4503599627370445
67108818
281474976710629
8388533
148
1099511627757
153
17179869118
34359738296
4084
70368744177644
72057594037927913
961
2199023255544
4398046511097
72
143
1125899906842571
4294967293
149
2097124
65
262117
549755813884
9007199254740926
281474976710651
34359738310
232
562949953421285
4194270
72
148
76
72057594037927861
17592186044339
2147483612
4398046511074
262075
262127
35184372088763
4503599627370447
262121
2147483579
4398046511080
9007199254740972
134217700
2251799813685237
65
84
72
2147483584
262110
8388542
146
274877906927
2147483647
150
1048528
67
4398046511070
75
4194290
144115188075855793
32714
155
1125899906842602
562949953421288
156
576460752303423470
1048534
152
17592186044383
1099511627737
536870836
32735
75
32760
1977
71
8589934529
74
507
8388578
4068
72057594037927862
33554377
70368744177606
1048502
4294967253
157
131028
146
17179869108
288230376151711686
1099511627746
1018
74
156
34359738340
576460752303423462
146
143
274877906880
262109
34359738328
281474976710641
2097120
156
33554405
18014398509481961
153
147
73
65513
66
131061
67108795
181
72057594037927918
73
288230376151711668
16327
8796093022171
131047
4194298
236
72057594037927866
71
-1
70368744177651
549755813832
4398046511039
8589934524
65470
69
536870887
65
4398046511091
4503599627370441
8589934550
70368744177595
524240
134217698
4398046511076
549755813824
1099511627719
145
2097133
36028797018963927
4194275
536870835
4194303
8388583
32754
2023
16337
27
8188
274877906898
562949953421238
35184372088760
8388581
33554430
68
-1
262108
2199023255505
262123
66
154
77
78
-1
549755813870
67
64
71
281474976710612
65
576460752303423458
8589934514
477
1125899906842593
281474976710647
262074
131042
8796093022155
66
8388587
562949953421233
17179869165
148
131018
8589934575
4194294
67108838
4294967278
154
2199023255513
134217666
67108861
33554428
105
2097129
69
46
-1
77
576460752303423424
2251799813685204
76
72057594037927889
482
134217703
18014398509481964
70368744177647
562949953421293
1073741803
102
281474976710611
137438953471
144
144
70
137438953467
1048503
18014398509481924
75
8796093022180
144115188075855796
4294967249
2003
77
1015
524247
81
65482
487
36028797018963956
154
64
576460752303423449
134217654
549755813849
144
576460752303423421
4503599627370435
81
1073741764
4503599627370449
154
956
562949953421273
1073741768
2251799813685188
536870890
17592186044387
65476
2199023255526
53
4194245
242
67
281474976710577
74
147
498
146
35184372088783
154
9007199254740929
35184372088818
4398046511060
974
17179869114
274877906884
72057594037927914
262120
8388563
562949953421251
2199023255519
70368744177628
18014398509481974
4294967261
2251799813685186
148
71
268435391
4194256
148
1099511627755
140737488355301
281474976710603
99
145
562949953421243
1099511627767
268435377
145
140737488355303
69
2147483599
524258
536870850
2251799813685196
17179869131
8168
68
67108830
140737488355293
140737488355325
524264
61
1002
9007199254740976
-1
576460752303423487
562949953421264
8388597
576460752303423430
8589934567
536870888
4503599627370495
68
4398046511077
65
32712
24
262095
-1
32708
74
74
9007199254740936
35184372088768
274877906891
70
1073741808
2199023255525
144115188075855806
78
4294967258
35184372088792
-1
75
1048498
4503599627370438
17592186044386
137438953446
150
65
