75
151
4194277
8796093022151
39
4398046511099
56
1099511627742
36028797018963963
144115188075855797
72057594037927931
576460752303423456
-1
2097107
1099511627716
16777161
997
32700
2251799813685224
1125899906842599
149
9007199254740974
144115188075855815
151
153
36028797018963889
156
67108831
1125899906842562
33554414
1073741774
576460752303423454
2199023255530
131067
1125899906842579
18014398509481930
151
8589934577
146
576460752303423463
288230376151711728
154
562949953421279
262117
17592186044393
4398046511084
549755813863
144
32704
78
16777195
131011
562949953421287
68719476702
134217720
78
71
8166
4398046511065
8796093022152
151
32718
72057594037927891
2251799813685200
34359738349
70368744177654
244
155
154
536870900
146
562949953421299
562949953421255
70
33554394
155
4294967267
8388544
1125899906842552
262114
16309
67108808
147
72
16777174
140737488355300
144115188075855804
67
4194242
1099511627750
288230376151711665
144115188075855868
64
459
60
72
536870878
549755813877
70368744177629
4194244
75
131051
137438953446
4294967230
32694
68719476673
262115
143
140737488355302
288230376151711685
-1
41
33554385
100
65
137438953459
131055
281474976710635
65
67
2025
16777210
35184372088817
2199023255501
33554425
144115188075855820
90
1125899906842603
4067
9007199254740956
64
9007199254740965
17592186044396
134217672
76
4294967275
192
1125899906842569
241
33554369
549755813864
154
2097094
549755813887
18014398509481940
268435442
33554384
2147483636
134217650
153
950
524266
8181
8796093022202
281474976710632
140737488355276
274877906885
76
35184372088794
144115188075855854
34
16777181
36028797018963954
33554424
16334
70368744177637
562949953421270
144115188075855844
72
17592186044370
1125899906842608
223
281474976710619
32727
140737488355310
2199023255481
157
4294967248
72
102
536870903
8179
72057594037927882
149
281474976710594
67108835
281474976710626
137438953461
35184372088785
536870884
4294967228
34359738365
17179869154
2251799813685228
1073741803
227
8589934582
1125899906842602
1048556
2251799813685215
-1
2147483631
262102
549755813865
1001
34359738317
4194278
149
2199023255483
150
4294967277
8796093022188
17592186044369
17592186044358
66
8170
549755813876
274877906876
65516
144
288230376151711720
32713
2251799813685218
549755813816
137438953398
64
147
150
4503599627370451
155
8167
2199023255488
8796093022145
562949953421278
576460752303423438
288230376151711734
73
75
1099511627751
144115188075855842
4503599627370417
157
2097143
17592186044381
2251799813685218
1073741759
4398046511073
1073741779
251
75
536870872
8589934569
17179869125
268435428
16777163
98
36028797018963944
65506
18014398509481966
1125899906842558
9007199254740944
17179869122
262069
146
4060
16777186
2097100
17592186044356
75
1995
8796093022164
4294967291
2251799813685185
65488
-1
67108813
562949953421250
17592186044371
17179869175
32757
137438953440
131070
72
134217706
76
268435443
68
1999
281474976710598
131039
2147483646
72057594037927933
1048504
34359738291
77
72
70368744177634
144
69
4503599627370460
140737488355289
1073741815
115
274877906937
2251799813685172
536870885
9007199254740937
2007
35184372088807
281474976710604
576460752303423416
1073741795
144
1125899906842598
67108853
155
68719476721
144115188075855800
144
71
8796093022182
9007199254740968
549755813820
144
140737488355319
36
9007199254740972
157
268435407
1099511627775
536870894
140737488355312
536870864
281474976710591
549755813879
8589934580
131029
576460752303423460
17
576460752303423466
155
227
148
64
268435439
2036
524215
233
946
8177
34359738357
151
1073741818
2251799813685175
72057594037927912
17592186044375
35184372088799
70
549755813859
8388606
36028797018963906
536870886
78
16364
1125899906842609
146
35184372088810
32734
262079
576460752303423476
147
262071
153
14
4398046511037
524264
148
149
75
4194273
51
34359738354
144115188075855846
131016
1099511627705
131014
524224
2097144
34359738321
152
1125899906842556
57
68719476703
16777143
1048555
-1
74
73
154
146
4503599627370469
288230376151711675
149
117
67
65487
70368744177640
971
17592186044391
549755813815
562949953421308
65
281474976710579
4294967289
274877906901
281474976710652
70368744177598
-1
134217702
16342
66
38
69
536870904
18014398509481980
2199023255542
205
68719476726
67108857
16777153
130994
157
524263
75
32740
951
76
281474976710625
70
50
137438953395
106
2097114
73
1125899906842591
4194288
492
438
154
2015
202
140737488355268
67108840
1073741807
4194225
274877906939
73
8796093022149
2199023255533
134217696
16777205
1125899906842616
4194253
144
2147483577
-1
1099511627712
68719476695
137438953452
274877906902
72
8796093022157
144115188075855835
549755813821
35184372088825
143
281474976710633
1048525
576460752303423448
984
147
549755813819
78
562949953421280
562949953421275
2199023255524
8388590
9007199254740960
67108810
36028797018963900
2017
549755813833
4294967224
2251799813685233
149
146
152
78
549755813836
0
8146
66
1125899906842594
4037
9007199254740953
134217686
74
262114
262096
288230376151711696
72057594037927900
16326
262091
70368744177588
288230376151711678
75
2199023255528
4053
186
67108843
17592186044372
274877906933
4194258
281474976710616
536870874
70368744177621
8182
4038
150
44
288230376151711735
145
2251799813685177
96
131049
35184372088765
9007199254740987
68
130999
4503599627370467
150
43
262087
9007199254740971
77
4194287
53
145
145
4087
75
35184372088788
52
1005
68
1048523
-1
36028797018963942
35184372088811
536870846
68719476730
1048516
-1
16777201
4294967282
34359738307
64
143
248
68
1099511627752
140737488355262
524216
73
576460752303423453
281474976710617
71
489
67
469
562949953421253
64
2097084
576460752303423446
150
8796093022179
8589934569
8796093022185
152
62
65523
274877906909
36028797018963891
65491
64
536870889
36028797018963926
262124
42
4294967265
562949953421292
1073741795
146
2011
131044
562949953421267
68719476692
101
67108841
16359
145
2018
32742
4398046511043
10
34359738363
34359738338
154
2027
1048530
152
76
268435433
17592186044349
8796093022133
288230376151711680
55
8589934561
150
2147483623
996
18014398509481977
70
74
65496
274877906910
71
70368744177648
153
157
76
32765
16777212
1125899906842586
155
2097138
18014398509481948
137438953427
16777211
16777165
140737488355261
157
4398046511076
75
17592186044397
34359738344
78
8388538
549755813834
2251799813685228
71
67108854
16352
153
2097086
77
536870833
65477
144115188075855843
36028797018963904
4398046511064
492
288230376151711723
58
9007199254740967
1048521
9007199254740950
4294967288
17592186044357
16777188
8589934559
67
1125899906842578
474
69
144115188075855849
2019
157
9007199254740966
137438953451
4398046511102
151
77
549755813867
140737488355280
2097112
4194265
41
2024
66
4043
154
151
70
8388535
1099511627697
68719476667
2147483627
9007199254740934
134217700
65479
68719476671
153
1099511627751
4294967237
32698
153
2251799813685229
-1
2199023255492
8796093022142
64
18014398509481970
1099511627735
36028797018963907
144115188075855827
156
67
36028797018963941
281474976710584
8796093022184
134217704
17592186044392
536870883
131043
1989
71
262111
156
72057594037927874
72057594037927917
150
72057594037927928
150
288230376151711724
68719476713
155
68
274877906871
72057594037927932
16777186
152
157
32742
146
137438953420
66
32710
67
8388565
78
65
2016
33554367
155
78
157
576460752303423464
1048563
68
72
36028797018963961
17179869142
1125899906842582
144115188075855834
451
73
1073741767
262118
157
562949953421245
65527
17179869153
281474976710645
144115188075855813
2097083
9007199254740914
77
1099511627722
153
8796093022200
18014398509481963
36028797018963918
154
65
8589934572
8160
70368744177636
2147483627
9007199254740975
536870887
576460752303423414
149
146
144
16331
214
155
8589934533
504
281474976710606
10
69
16777166
17179869180
70368744177611
221
47
64
72
4036
75
262094
1048532
67108785
5
68719476725
144115188075855814
69
268435388
17179869139
148
148
155
8145
46
17592186044359
4294967234
9007199254740970
499
70
2001
1125899906842606
36028797018963915
151
4040
65
74
262132
1099511627743
2097101
16351
288230376151711715
281474976710640
34359738339
77
16777173
34359738315
131017
2147483604
8796093022131
562949953421301
4398046511048
17179869157
9007199254740913
34359738364
4294967271
34359738341
156
16777142
78
149
16777141
268435420
484
-1
143
145
71
36028797018963896
68719476704
36028797018963948
67
157
78
2251799813685198
137438953455
67108834
268435403
16322
-1
151
143
549755813854
1125899906842587
72057594037927903
2097131
16363
78
36028797018963919
4294967221
12
576460752303423466
524249
2002
2251799813685232
8589934591
524261
239
148
68719476685
72057594037927924
33554381
70
536870859
16777137
458
274877906905
4194299
9007199254740957
157
34359738289
576460752303423444
4398046511080
4194281
495
155
2199023255479
491
4088
72057594037927865
144
134217680
65461
147
576460752303423417
33554421
143
70368744177635
4398046511090
953
65524
18014398509481912
4194263
131019
33554357
4054
68
17179869155
268435455
17592186044368
2251799813685201
151
18014398509481952
1073741787
134217685
69
148
65460
155
151
36028797018963894
2147483576
4194284
17592186044409
212
281474976710650
140737488355267
211
281474976710646
2097111
489
11
137438953447
18014398509481949
4194228
72
4075
76
156
17592186044408
33554410
76
68719476668
131010
34
1073741796
153
4398046511078
74
8796093022183
-1
1048519
233
68719476722
83
65529
9007199254740941
67
524267
