1000
2
0 0
2
0 1
2
0 2
2
0 3
2
0 4
2
0 5
2
0 6
2
0 7
2
0 8
2
0 9
2
0 10
2
0 11
2
0 12
2
0 13
2
0 14
2
0 15
2
0 16
2
0 17
2
0 18
2
0 19
2
0 20
2
0 21
2
0 22
2
0 23
2
0 24
2
0 25
2
0 26
2
0 27
2
0 28
2
0 29
2
0 30
2
0 31
2
0 32
2
0 33
2
0 34
2
0 35
2
0 36
2
0 37
2
0 38
2
0 39
2
0 40
2
0 41
2
0 42
2
0 43
2
0 44
2
0 45
2
0 46
2
0 47
2
0 48
2
0 49
2
0 50
2
0 51
2
0 52
2
0 53
2
0 54
2
0 55
2
0 56
2
0 57
2
0 58
2
0 59
2
0 60
2
1 0
2
1 1
2
1 2
2
1 3
2
1 4
2
1 5
2
1 6
2
1 7
2
1 8
2
1 9
2
1 10
2
1 11
2
1 12
2
1 13
2
1 14
2
1 15
2
1 16
2
1 17
2
1 18
2
1 19
2
1 20
2
1 21
2
1 22
2
1 23
2
1 24
2
1 25
2
1 26
2
1 27
2
1 28
2
1 29
2
1 30
2
1 31
2
1 32
2
1 33
2
1 34
2
1 35
2
1 36
2
1 37
2
1 38
2
1 39
2
1 40
2
1 41
2
1 42
2
1 43
2
1 44
2
1 45
2
1 46
2
1 47
2
1 48
2
1 49
2
1 50
2
1 51
2
1 52
2
1 53
2
1 54
2
1 55
2
1 56
2
1 57
2
1 58
2
1 59
2
1 60
2
2 0
2
2 1
2
2 2
2
2 3
2
2 4
2
2 5
2
2 6
2
2 7
2
2 8
2
2 9
2
2 10
2
2 11
2
2 12
2
2 13
2
2 14
2
2 15
2
2 16
2
2 17
2
2 18
2
2 19
2
2 20
2
2 21
2
2 22
2
2 23
2
2 24
2
2 25
2
2 26
2
2 27
2
2 28
2
2 29
2
2 30
2
2 31
2
2 32
2
2 33
2
2 34
2
2 35
2
2 36
2
2 37
2
2 38
2
2 39
2
2 40
2
2 41
2
2 42
2
2 43
2
2 44
2
2 45
2
2 46
2
2 47
2
2 48
2
2 49
2
2 50
2
2 51
2
2 52
2
2 53
2
2 54
2
2 55
2
2 56
2
2 57
2
2 58
2
2 59
2
2 60
2
3 0
2
3 1
2
3 2
2
3 3
2
3 4
2
3 5
2
3 6
2
3 7
2
3 8
2
3 9
2
3 10
2
3 11
2
3 12
2
3 13
2
3 14
2
3 15
2
3 16
2
3 17
2
3 18
2
3 19
2
3 20
2
3 21
2
3 22
2
3 23
2
3 24
2
3 25
2
3 26
2
3 27
2
3 28
2
3 29
2
3 30
2
3 31
2
3 32
2
3 33
2
3 34
2
3 35
2
3 36
2
3 37
2
3 38
2
3 39
2
3 40
2
3 41
2
3 42
2
3 43
2
3 44
2
3 45
2
3 46
2
3 47
2
3 48
2
3 49
2
3 50
2
3 51
2
3 52
2
3 53
2
3 54
2
3 55
2
3 56
2
3 57
2
3 58
2
3 59
2
3 60
2
4 0
2
4 1
2
4 2
2
4 3
2
4 4
2
4 5
2
4 6
2
4 7
2
4 8
2
4 9
2
4 10
2
4 11
2
4 12
2
4 13
2
4 14
2
4 15
2
4 16
2
4 17
2
4 18
2
4 19
2
4 20
2
4 21
2
4 22
2
4 23
2
4 24
2
4 25
2
4 26
2
4 27
2
4 28
2
4 29
2
4 30
2
4 31
2
4 32
2
4 33
2
4 34
2
4 35
2
4 36
2
4 37
2
4 38
2
4 39
2
4 40
2
4 41
2
4 42
2
4 43
2
4 44
2
4 45
2
4 46
2
4 47
2
4 48
2
4 49
2
4 50
2
4 51
2
4 52
2
4 53
2
4 54
2
4 55
2
4 56
2
4 57
2
4 58
2
4 59
2
4 60
2
5 0
2
5 1
2
5 2
2
5 3
2
5 4
2
5 5
2
5 6
2
5 7
2
5 8
2
5 9
2
5 10
2
5 11
2
5 12
2
5 13
2
5 14
2
5 15
2
5 16
2
5 17
2
5 18
2
5 19
2
5 20
2
5 21
2
5 22
2
5 23
2
5 24
2
5 25
2
5 26
2
5 27
2
5 28
2
5 29
2
5 30
2
5 31
2
5 32
2
5 33
2
5 34
2
5 35
2
5 36
2
5 37
2
5 38
2
5 39
2
5 40
2
5 41
2
5 42
2
5 43
2
5 44
2
5 45
2
5 46
2
5 47
2
5 48
2
5 49
2
5 50
2
5 51
2
5 52
2
5 53
2
5 54
2
5 55
2
5 56
2
5 57
2
5 58
2
5 59
2
5 60
2
6 0
2
6 1
2
6 2
2
6 3
2
6 4
2
6 5
2
6 6
2
6 7
2
6 8
2
6 9
2
6 10
2
6 11
2
6 12
2
6 13
2
6 14
2
6 15
2
6 16
2
6 17
2
6 18
2
6 19
2
6 20
2
6 21
2
6 22
2
6 23
2
6 24
2
6 25
2
6 26
2
6 27
2
6 28
2
6 29
2
6 30
2
6 31
2
6 32
2
6 33
2
6 34
2
6 35
2
6 36
2
6 37
2
6 38
2
6 39
2
6 40
2
6 41
2
6 42
2
6 43
2
6 44
2
6 45
2
6 46
2
6 47
2
6 48
2
6 49
2
6 50
2
6 51
2
6 52
2
6 53
2
6 54
2
6 55
2
6 56
2
6 57
2
6 58
2
6 59
2
6 60
2
7 0
2
7 1
2
7 2
2
7 3
2
7 4
2
7 5
2
7 6
2
7 7
2
7 8
2
7 9
2
7 10
2
7 11
2
7 12
2
7 13
2
7 14
2
7 15
2
7 16
2
7 17
2
7 18
2
7 19
2
7 20
2
7 21
2
7 22
2
7 23
2
7 24
2
7 25
2
7 26
2
7 27
2
7 28
2
7 29
2
7 30
2
7 31
2
7 32
2
7 33
2
7 34
2
7 35
2
7 36
2
7 37
2
7 38
2
7 39
2
7 40
2
7 41
2
7 42
2
7 43
2
7 44
2
7 45
2
7 46
2
7 47
2
7 48
2
7 49
2
7 50
2
7 51
2
7 52
2
7 53
2
7 54
2
7 55
2
7 56
2
7 57
2
7 58
2
7 59
2
7 60
2
8 0
2
8 1
2
8 2
2
8 3
2
8 4
2
8 5
2
8 6
2
8 7
2
8 8
2
8 9
2
8 10
2
8 11
2
8 12
2
8 13
2
8 14
2
8 15
2
8 16
2
8 17
2
8 18
2
8 19
2
8 20
2
8 21
2
8 22
2
8 23
2
8 24
2
8 25
2
8 26
2
8 27
2
8 28
2
8 29
2
8 30
2
8 31
2
8 32
2
8 33
2
8 34
2
8 35
2
8 36
2
8 37
2
8 38
2
8 39
2
8 40
2
8 41
2
8 42
2
8 43
2
8 44
2
8 45
2
8 46
2
8 47
2
8 48
2
8 49
2
8 50
2
8 51
2
8 52
2
8 53
2
8 54
2
8 55
2
8 56
2
8 57
2
8 58
2
8 59
2
8 60
2
9 0
2
9 1
2
9 2
2
9 3
2
9 4
2
9 5
2
9 6
2
9 7
2
9 8
2
9 9
2
9 10
2
9 11
2
9 12
2
9 13
2
9 14
2
9 15
2
9 16
2
9 17
2
9 18
2
9 19
2
9 20
2
9 21
2
9 22
2
9 23
2
9 24
2
9 25
2
9 26
2
9 27
2
9 28
2
9 29
2
9 30
2
9 31
2
9 32
2
9 33
2
9 34
2
9 35
2
9 36
2
9 37
2
9 38
2
9 39
2
9 40
2
9 41
2
9 42
2
9 43
2
9 44
2
9 45
2
9 46
2
9 47
2
9 48
2
9 49
2
9 50
2
9 51
2
9 52
2
9 53
2
9 54
2
9 55
2
9 56
2
9 57
2
9 58
2
9 59
2
9 60
2
10 0
2
10 1
2
10 2
2
10 3
2
10 4
2
10 5
2
10 6
2
10 7
2
10 8
2
10 9
2
10 10
2
10 11
2
10 12
2
10 13
2
10 14
2
10 15
2
10 16
2
10 17
2
10 18
2
10 19
2
10 20
2
10 21
2
10 22
2
10 23
2
10 24
2
10 25
2
10 26
2
10 27
2
10 28
2
10 29
2
10 30
2
10 31
2
10 32
2
10 33
2
10 34
2
10 35
2
10 36
2
10 37
2
10 38
2
10 39
2
10 40
2
10 41
2
10 42
2
10 43
2
10 44
2
10 45
2
10 46
2
10 47
2
10 48
2
10 49
2
10 50
2
10 51
2
10 52
2
10 53
2
10 54
2
10 55
2
10 56
2
10 57
2
10 58
2
10 59
2
10 60
2
11 0
2
11 1
2
11 2
2
11 3
2
11 4
2
11 5
2
11 6
2
11 7
2
11 8
2
11 9
2
11 10
2
11 11
2
11 12
2
11 13
2
11 14
2
11 15
2
11 16
2
11 17
2
11 18
2
11 19
2
11 20
2
11 21
2
11 22
2
11 23
2
11 24
2
11 25
2
11 26
2
11 27
2
11 28
2
11 29
2
11 30
2
11 31
2
11 32
2
11 33
2
11 34
2
11 35
2
11 36
2
11 37
2
11 38
2
11 39
2
11 40
2
11 41
2
11 42
2
11 43
2
11 44
2
11 45
2
11 46
2
11 47
2
11 48
2
11 49
2
11 50
2
11 51
2
11 52
2
11 53
2
11 54
2
11 55
2
11 56
2
11 57
2
11 58
2
11 59
2
11 60
2
12 0
2
12 1
2
12 2
2
12 3
2
12 4
2
12 5
2
12 6
2
12 7
2
12 8
2
12 9
2
12 10
2
12 11
2
12 12
2
12 13
2
12 14
2
12 15
2
12 16
2
12 17
2
12 18
2
12 19
2
12 20
2
12 21
2
12 22
2
12 23
2
12 24
2
12 25
2
12 26
2
12 27
2
12 28
2
12 29
2
12 30
2
12 31
2
12 32
2
12 33
2
12 34
2
12 35
2
12 36
2
12 37
2
12 38
2
12 39
2
12 40
2
12 41
2
12 42
2
12 43
2
12 44
2
12 45
2
12 46
2
12 47
2
12 48
2
12 49
2
12 50
2
12 51
2
12 52
2
12 53
2
12 54
2
12 55
2
12 56
2
12 57
2
12 58
2
12 59
2
12 60
2
13 0
2
13 1
2
13 2
2
13 3
2
13 4
2
13 5
2
13 6
2
13 7
2
13 8
2
13 9
2
13 10
2
13 11
2
13 12
2
13 13
2
13 14
2
13 15
2
13 16
2
13 17
2
13 18
2
13 19
2
13 20
2
13 21
2
13 22
2
13 23
2
13 24
2
13 25
2
13 26
2
13 27
2
13 28
2
13 29
2
13 30
2
13 31
2
13 32
2
13 33
2
13 34
2
13 35
2
13 36
2
13 37
2
13 38
2
13 39
2
13 40
2
13 41
2
13 42
2
13 43
2
13 44
2
13 45
2
13 46
2
13 47
2
13 48
2
13 49
2
13 50
2
13 51
2
13 52
2
13 53
2
13 54
2
13 55
2
13 56
2
13 57
2
13 58
2
13 59
2
13 60
2
14 0
2
14 1
2
14 2
2
14 3
2
14 4
2
14 5
2
14 6
2
14 7
2
14 8
2
14 9
2
14 10
2
14 11
2
14 12
2
14 13
2
14 14
2
14 15
2
14 16
2
14 17
2
14 18
2
14 19
2
14 20
2
14 21
2
14 22
2
14 23
2
14 24
2
14 25
2
14 26
2
14 27
2
14 28
2
14 29
2
14 30
2
14 31
2
14 32
2
14 33
2
14 34
2
14 35
2
14 36
2
14 37
2
14 38
2
14 39
2
14 40
2
14 41
2
14 42
2
14 43
2
14 44
2
14 45
2
14 46
2
14 47
2
14 48
2
14 49
2
14 50
2
14 51
2
14 52
2
14 53
2
14 54
2
14 55
2
14 56
2
14 57
2
14 58
2
14 59
2
14 60
2
15 0
2
15 1
2
15 2
2
15 3
2
15 4
2
15 5
2
15 6
2
15 7
2
15 8
2
15 9
2
15 10
2
15 11
2
15 12
2
15 13
2
15 14
2
15 15
2
15 16
2
15 17
2
15 18
2
15 19
2
15 20
2
15 21
2
15 22
2
15 23
2
15 24
2
15 25
2
15 26
2
15 27
2
15 28
2
15 29
2
15 30
2
15 31
2
15 32
2
15 33
2
15 34
2
15 35
2
15 36
2
15 37
2
15 38
2
15 39
2
15 40
2
15 41
2
15 42
2
15 43
2
15 44
2
15 45
2
15 46
2
15 47
2
15 48
2
15 49
2
15 50
2
15 51
2
15 52
2
15 53
2
15 54
2
15 55
2
15 56
2
15 57
2
15 58
2
15 59
2
15 60
2
16 0
2
16 1
2
16 2
2
16 3
2
16 4
2
16 5
2
16 6
2
16 7
2
16 8
2
16 9
2
16 10
2
16 11
2
16 12
2
16 13
2
16 14
2
16 15
2
16 16
2
16 17
2
16 18
2
16 19
2
16 20
2
16 21
2
16 22
2
16 23
