1125899906842549
34359738304
148
69
75
274877906923
33554399
8122
67108815
536870881
71
77
147
8796093022136
147
76
140737488355255
32719
106
78
9007199254740961
562949953421271
68
2199023255480
134217667
66
4075
4294967267
8796093022174
1099511627703
288230376151711714
1073741782
151
137438953444
281474976710628
67108793
262067
4074
47
536870897
549755813872
68
262072
70
549755813843
536870871
155
959
4294967281
134217714
68719476707
2251799813685208
71
8589934585
8151
74
17592186044388
16346
16777144
2251799813685194
150
143
17179869120
4398046511026
2251799813685173
4294967266
76
17179869141
65
140737488355291
17179869179
2147483629
154
69
536870888
536870889
2199023255512
8388604
536870905
4022
36028797018963903
16777148
232
8388540
4503599627370468
288230376151711702
35184372088776
2030
4194260
576460752303423440
68719476709
33554404
70368744177614
155
155
154
75
90
-1
70368744177610
35184372088820
35184372088800
42
33554388
155
274877906917
1048551
4194285
43
18014398509481917
67108837
50
147
274877906886
35184372088805
8180
155
35184372088790
274877906868
468
76
2147483575
77
262143
2251799813685184
131026
149
69
34359738346
288230376151711695
268435392
20
2042
140737488355308
155
140737488355265
143
137438953466
34359738366
150
66
274877906895
1125899906842585
30
34359738294
116
2251799813685199
1125899906842561
32717
4194276
68719476689
130998
576460752303423426
2147483572
137438953450
288230376151711705
70
288230376151711701
8796093022190
152
152
77
68719476712
78
157
67
69
143
67
144115188075855853
549755813828
134217727
262097
1048546
2199023255551
4503599627370485
2199023255476
78
65472
8589934551
2147483613
33554431
2251799813685195
34359738320
65535
-1
63
67
64
440
77
4294967270
4294967263
156
74
2097085
262136
134217705
16374
112
8796093022158
29
17179869138
17592186044404
75
148
185
524274
33554429
156
576460752303423422
536870896
562949953421282
2097121
144115188075855801
1099511627764
8796093022189
8119
140737488355298
17592186044348
4294967233
4194234
562949953421305
72
954
154
64
71
148
17179869161
17179869156
1125899906842623
148
71
2251799813685236
144115188075855867
576460752303423412
2199023255528
153
16777182
144115188075855808
1073741769
1073741816
9007199254740954
17592186044385
4503599627370493
67
16383
65502
134217662
154
64
153
2045
77
35184372088809
215
65
75
16777194
562949953421247
155
8
524265
154
1073741817
288230376151711687
4077
2006
35184372088808
65
536870853
1125899906842555
70
125
77
222
262098
156
68719476687
156
8796093022178
152
77
72057594037927922
156
33554375
59
2251799813685192
2251799813685182
33554405
1099511627770
65516
4194274
68719476696
57
4503599627370463
73
131042
2147483574
152
147
4503599627370428
149
75
-1
8388580
154
17179869178
262124
4041
34359738352
78
77
16371
18014398509481962
1073741810
69
150
9007199254740985
134217705
77
32730
152
152
1048554
1073741752
144115188075855865
536870870
268435449
34359738292
17592186044384
7
16777193
536870867
32702
70
156
524250
281474976710629
74
2097146
148
18014398509481907
155
16777191
524229
146
155
151
1125899906842589
994
8589934525
65513
16369
8589934546
274877906897
153
156
140737488355260
2199023255545
67
4398046511103
16777145
35184372088805
32706
1073741799
75
67108817
4194232
68719476716
16306
68719476711
524214
4294967268
152
67
281474976710609
68
16
69
4398046511081
1073741814
157
72
8161
9007199254740918
36028797018963920
1099511627733
1073741758
524283
1970
1125899906842615
4194300
72
65
466
4194275
68719476718
72057594037927916
549755813886
77
78
73
68719476661
32728
152
66
2251799813685239
75
67108798
281474976710599
281474976710653
8130
70368744177643
-1
64
207
145
71
4094
67108832
16340
1983
34359738347
140737488355311
16777192
32739
19
18014398509481911
288230376151711682
144115188075855824
2097077
150
524272
157
32745
140737488355275
262092
4042
274877906883
8388547
76
70
17179869154
8117
144115188075855805
1976
70368744177591
288230376151711722
137438953451
281474976710655
274877906899
4194254
549755813858
134217721
137438953435
32689
114
153
1099511627713
151
9007199254740920
17592186044410
16368
8589934574
1125899906842613
16312
1073741783
8796093022184
70368744177612
536870866
144
268435444
36028797018963917
70368744177655
67
949
17179869112
68
156
488
65462
36028797018963962
68719476724
1048518
143
16777189
131002
16355
274877906881
524221
34359738298
64
147
35184372088819
71
143
134217709
274877906888
131008
562949953421303
9007199254740964
151
65
85
156
66
274877906903
9007199254740923
2097103
536870868
72057594037927864
67
1099511627730
34359738337
17592186044392
153
76
72057594037927913
69
1048497
4294967244
446
73
524257
34359738343
140737488355258
17179869150
268435434
66
65459
8589934513
66
154
17179869167
4503599627370429
18014398509481929
157
32759
65
44
33554386
1099511627715
157
262126
69
524284
16777213
68
230
150
1125899906842560
70368744177623
145
4070
17179869173
17179869117
134217707
67108862
274877906922
152
65512
65532
982
34359738327
4503599627370484
2097124
8589934519
187
2097122
274877906892
155
1099511627768
36028797018963957
262070
549755813827
8388549
1048536
955
989
70368744177625
491
1048566
143
148
4398046511077
70
131033
145
2251799813685225
78
1099511627760
9007199254740928
134217668
1021
288230376151711711
140737488355270
33554412
1073741794
130995
2147483570
134217660
17592186044382
4398046511062
152
2097126
536870892
437
562949953421309
65517
4294967290
74
73
288230376151711693
220
2199023255500
17179869162
268435423
68719476699
144115188075855826
144
149
148
143
68719476706
131032
67108797
2097115
32715
153
18014398509481946
576460752303423434
143
8134
151
140737488355287
2251799813685178
204
72057594037927904
147
155
73
524256
536870910
148
52
77
34359738336
131044
131045
123
288230376151711684
74
4503599627370453
66
78
268435395
156
137438953399
70368744177634
36028797018963947
268435435
143
1073741819
145
16376
2012
73
4294967227
68
68
17592186044347
154
137438953428
2199023255490
76
36028797018963960
78
4294967225
146
156
155
268435410
2199023255525
1048499
4294967223
1048564
151
288230376151711725
562949953421297
131030
72057594037927911
281474976710615
72057594037927921
4398046511067
74
68719476735
71
2147483606
2251799813685247
36028797018963909
67
72057594037927860
247
33554407
4503599627370452
2097118
65501
8589934565
70368744177589
2021
2199023255550
549755813862
74
65492
8796093022167
140737488355251
576460752303423436
134217702
66
1073741757
189
152
2097079
1048509
137438953457
447
3
144115188075855866
78
157
4023
8133
16358
4294967294
131035
2
2097097
140737488355316
536870847
17592186044367
229
12
36028797018963913
76
8190
145
2199023255546
68
4503599627370465
17179869146
36028797018963967
68719476732
79
149
148
262119
155
17592186044366
562949953421306
80
34359738361
35184372088781
6
148
33554420
549755813871
4503599627370425
146
8796093022141
68719476717
154
16362
262118
4050
91
34359738358
524254
2147483641
228
288230376151711719
152
549755813826
145
2147483603
274877906916
155
68
16777197
18014398509481960
576460752303423441
16777203
68
145
157
134217699
32707
-1
2251799813685213
17592186044343
16777188
34359738308
8796093022207
72057594037927910
17592186044361
33554391
35184372088772
140737488355294
9007199254740969
70368744177599
137438953431
23
562949953421288
157
34359738356
2199023255491
2147483634
18014398509481936
147
268435438
77
2199023255541
35184372088773
2097099
1073741788
140737488355269
1125899906842553
155
1125899906842596
17592186044352
71
65493
70368744177643
137438953422
33554372
35184372088777
33554395
148
145
549755813863
1048556
144115188075855869
144
70
562949953421258
268435414
35184372088811
71
18014398509481967
35184372088807
9007199254740958
137438953429
153
524266
34359738348
268435445
148
151
15
536870898
153
78
157
77
9007199254740991
2097128
68719476710
524273
152
18
88
268435380
5
70
2097128
69
1048557
268435426
77
65480
8388588
4049
1048538
36028797018963950
8589934542
281474976710630
76
72057594037927879
2251799813685226
4
65
8388562
8388546
17179869162
152
4294967272
8388561
1125899906842546
154
65500
1073741796
18014398509481939
144
152
149
35184372088803
70368744177639
36028797018963940
134217675
8589934532
71
4294967274
1048552
68719476660
66
1048505
4398046511096
151
4093
65489
4194229
68719476723
16777138
34359738355
4194255
4503599627370459
75
1004
4398046511029
16348
1125899906842621
576460752303423465
76
4031
32721
2097147
34359738353
65
549755813844
1125899906842574
4398046511046
8796093022169
4194274
8173
71
70368744177600
65
17179869130
76
56
131049
131068
72057594037927908
549755813835
8796093022206
75
148
549755813881
149
140737488355302
274877906887
1125899906842548
16333
72
457
8388566
8388573
144115188075855799
144
67108849
288230376151711677
75
134217678
67
2097092
73
148
549755813825
70368744177662
143
562949953421298
72057594037927898
144115188075855860
524237
1125899906842581
445
17179869136
17592186044354
226
152
66
2251799813685211
2147483592
134217719
66
64
536870885
147
549755813857
