268435390
2199023255548
2147483626
134217724
4503599627370430
67108835
71
73
155
73
67108826
2027
65483
1073741754
68719476712
149
4194284
67108863
151
268435413
524270
34359738346
36028797018963912
8388543
70368744177653
33554368
288230376151711718
549755813885
262065
576460752303423467
1
71
67
140737488355327
39
2251799813685223
58
4294967218
137438953462
536870840
35184372088824
196
562949953421290
243
536870906
1048575
144115188075855819
60
203
34359738367
32690
35184372088755
69
536870879
262123
576460752303423429
72
536870849
288230376151711692
149
65490
268435421
1125899906842600
2097088
2251799813685187
8589934573
68719476659
70368744177620
2020
70
549755813809
67108820
8388572
2147483642
156
197
2097136
8589934586
268435398
72057594037927911
147
17179869183
35184372088803
2199023255482
1099511627720
131036
16356
2199023255539
70368744177640
-1
75
78
16357
4047
524262
144
147
8589934570
2097122
463
18
2028
1125899906842566
68719476708
1099511627761
9007199254740942
67108824
268435381
147
549755813883
149
137438953449
8796093022205
78
16777215
32741
1048571
576460752303423431
33554406
67108825
8388585
1048529
1978
8589934560
146
281474976710638
1099511627725
67108836
274877906874
2199023255522
8388580
1099511627758
6
34359738342
18014398509481916
69
2147483638
524210
35184372088771
1073741760
536870899
524223
140737488355282
17592186044407
33554392
78
145
4503599627370455
977
549755813866
67
97
72057594037927867
16317
1073741800
16328
145
2097096
157
4069
66
9007199254740982
1073741750
143
149
281474976710639
17179869111
156
67
281474976710633
8589934581
524232
8796093022194
91
70
288230376151711719
78
17179869129
74
35184372088828
144115188075855844
32749
16336
70368744177646
288230376151711741
43
8388564
8388569
33554410
152
69
32767
68
998
281474976710648
274877906919
152
104
70368744177661
131003
-1
36028797018963958
72057594037927920
274877906921
268435405
536870839
1048535
67
33554408
2147483607
288230376151711727
107
137438953406
4030
16341
4503599627370424
1048555
67
1099511627739
131004
153
144
69
8143
32722
36028797018963897
157
36028797018963944
2097091
69
75
1125899906842617
137438953413
8388579
2199023255498
144115188075855837
1982
576460752303423439
11
154
68719476728
67108844
976
1986
549755813829
262128
137438953456
77
2147483593
156
67108837
67108791
1073741811
1073741798
65
35184372088756
146
64
144115188075855850
2199023255531
140737488355309
18014398509481956
34359738303
140737488355264
1073741763
576460752303423419
149
17179869110
1
145
153
134217701
77
562949953421272
66
1125899906842611
70368744177636
66
524228
140737488355285
274877906924
2147483644
146
146
72057594037927907
2147483578
17179869182
562949953421235
74
549755813866
157
-1
70368744177630
1125899906842583
16361
4194241
476
140737488355283
288230376151711721
562949953421282
73
69
524276
32709
274877906920
146
67
33554418
8388537
1002
562949953421296
1048572
75
35184372088806
17179869159
-1
70
524260
140737488355303
18014398509481983
8589934567
1099511627752
536870890
49
144115188075855843
140737488355257
288230376151711717
89
146
35184372088809
4398046511055
2097145
274877906931
8388601
1125899906842597
150
1125899906842605
562949953421286
73
143
153
34359738344
16777178
1125899906842564
75
73
536870895
180
74
33554396
2147483624
78
151
562949953421263
2199023255521
17592186044414
137438953458
131006
144115188075855863
134217704
1073741762
65
2022
288230376151711733
274877906904
137438953415
131062
68
74
73
67
137438953416
75
82
2199023255532
17179869121
17592186044387
64
18014398509481938
1073741755
36028797018963938
4194231
1125899906842590
65
143
4503599627370480
65486
68
4294967222
1099511627709
1099511627711
536870875
10
154
55
4503599627370420
4398046511027
65515
131020
-1
32716
4068
253
524287
64
1099511627724
9007199254740979
4398046511092
1125899906842597
562949953421257
964
998
8589934568
17592186044386
103
65512
562949953421287
2147483622
4294967219
153
9007199254740962
524259
131040
150
8796093022180
155
268435431
576460752303423485
2251799813685244
130993
147
32748
149
140737488355295
71
4294967220
8388588
250
2199023255474
77
35184372088826
150
140737488355281
134217674
134217679
8589934562
131041
140737488355250
137438953405
536870893
8589934579
3
1006
16343
536870863
17592186044390
4503599627370423
70368744177587
8796093022197
-1
32705
505
140737488355308
143
17592186044388
536870884
16382
152
524258
34359738359
137438953421
67108845
2147483581
193
65534
17179869115
34359738312
1993
140737488355318
1048565
69
12
17179869169
1125899906842607
549755813859
109
65507
149
137438953400
462
9007199254740955
2097125
73
17179869181
9007199254740971
149
4503599627370464
4503599627370481
16777150
1073741771
206
17179869134
16777171
2199023255543
144
2000
131058
71
8388585
2097076
4044
2199023255511
144
154
67108846
-1
16777180
137438953442
76
2035
147
2040
68719476662
490
16344
74
8131
66
2199023255524
2199023255508
1073741772
152
66
65506
8796093022129
17592186044355
493
77
979
69
153
1048562
75
18014398509481942
4503599627370482
77
68
67108829
155
72057594037927926
8796093022147
33554370
4294967252
75
4503599627370477
524286
8388536
137438953460
32693
2199023255487
134217713
268435379
74
75
140737488355278
8589934535
140737488355307
16777155
536870838
524235
134217671
146
1023
268435432
134217659
76
2097127
72057594037927871
2147483583
16308
1099511627732
562949953421292
71
2
70368744177642
145
67
71
1125899906842554
-1
274877906924
16314
268435389
67108847
8796093022135
1987
8796093022153
28
153
32729
18014398509481955
-1
35184372088830
78
64
8165
454
274877906878
33554409
72057594037927909
8183
288230376151711697
-1
274877906896
274877906941
274877906882
4398046511054
8589934538
70
2199023255504
144115188075855847
4503599627370475
18014398509481976
153
153
86
140737488355315
18014398509481978
8796093022192
9007199254740943
66
83
137438953470
8589934518
65464
1125899906842598
576460752303423452
66
73
948
2199023255538
536870857
177
2026
68719476688
119
2199023255532
-1
73
1048514
151
22
8388607
16350
576460752303423461
8388576
262090
1099511627765
16777185
144115188075855811
1099511627766
576460752303423450
131023
150
156
8796093022137
2251799813685183
32747
536870856
4194240
9007199254740990
67108807
36
262101
536870909
64
2097151
-1
496
1125899906842610
72057594037927890
152
4048
33554397
68719476697
8796093022193
122
2097089
2251799813685246
70
74
4503599627370479
4398046511079
524222
576460752303423423
4503599627370437
134217690
151
8796093022175
4194277
16777208
35184372088802
16307
274877906889
1099511627738
134217669
1073741792
68
154
150
4503599627370472
131066
238
144115188075855832
70368744177638
536870907
134217651
8171
35184372088829
66
16310
72057594037927885
4503599627370446
2199023255522
4056
549755813860
973
73
17592186044350
64
8796093022163
71
144115188075855845
576460752303423457
549755813839
2041
126
68
152
150
146
8388558
281474976710631
281474976710626
67108827
66
8589934565
4194280
73
4080
66
36028797018963911
17179869174
107
146
72
69
67
33554408
999
156
4398046511028
65
34359738338
288230376151711742
152
524275
157
33554412
8388530
144115188075855795
17179869166
288230376151711710
146
562949953421249
1073741797
4026
69
72
975
8388552
8796093022195
2251799813685176
536870842
140737488355272
4072
1996
4194272
262068
18014398509481935
17592186044403
18014398509481923
485
8589934516
70
9007199254740939
67108860
16777162
1048527
64
147
154
9007199254740969
549755813860
51
17179869133
9007199254740949
69
145
70368744177603
34359738332
131021
8388592
9007199254740978
69
262129
562949953421239
576460752303423478
8589934531
1099511627749
536870837
69
2147483600
77
262113
2097127
32692
268435385
4398046511044
49
268435401
8388551
17179869107
72
131027
16324
1099511627723
2251799813685231
17592186044398
17592186044405
67
33554354
137438953468
4294967292
140737488355306
268435417
36028797018963901
74
4294967254
1073741790
152
274877906932
16777151
140737488355307
8149
470
549755813814
536870873
70
143
59
562949953421307
562949953421241
1073741802
576460752303423459
947
17592186044393
576460752303423465
1073741801
78
16777183
137438953445
8127
134217701
153
549755813862
32756
576460752303423480
145
4398046511058
16360
16777190
64
40
4503599627370422
18014398509481905
150
4194257
9007199254740959
70
78
147
33554365
73
2025
4503599627370469
988
4398046511052
140737488355292
4503599627370432
137438953438
4294967239
134217687
156
576460752303423475
32744
154
67
1048543
2199023255503
72
66
34359738345
149
134217716
78
500
18014398509481954
536870892
154
64
77
4294967274
2097109
124
144
2251799813685245
78
68
4070
262082
36028797018963905
4294967240
140737488355322
22
17592186044378
576460752303423425
2199023255516
8141
65515
140737488355321
31
17592186044401
281474976710627
8796093022159
4398046511086
968
157
16364
576460752303423463
17592186044396
17179869116
70368744177657
134217656
18014398509481906
18014398509481926
67
64
137438953412
2097113
549755813867
134217649
72057594037927906
64
1125899906842580
2147483619
2251799813685221
33554407
17179869137
8388541
1073741745
288230376151711666
134217663
8166
145
149
70
71
562949953421300
524267
268435427
36028797018963910
73
450
67108800
549755813830
288230376151711724
18014398509481932
2019
78
1073741746
18014398509481957
64
2251799813685235
2097093
288230376151711667
75
536870860
2147483632
147
