61
20
0 0 0 0 0 0 0 0 0 0 0 0 0 0 0 0 0 0 0 0
20
1 1 1 1 1 1 1 1 1 1 1 1 1 1 1 1 1 1 1 1
20
2 2 2 2 2 2 2 2 2 2 2 2 2 2 2 2 2 2 2 2
20
3 3 3 3 3 3 3 3 3 3 3 3 3 3 3 3 3 3 3 3
20
4 4 4 4 4 4 4 4 4 4 4 4 4 4 4 4 4 4 4 4
20
5 5 5 5 5 5 5 5 5 5 5 5 5 5 5 5 5 5 5 5
20
6 6 6 6 6 6 6 6 6 6 6 6 6 6 6 6 6 6 6 6
20
7 7 7 7 7 7 7 7 7 7 7 7 7 7 7 7 7 7 7 7
20
8 8 8 8 8 8 8 8 8 8 8 8 8 8 8 8 8 8 8 8
20
9 9 9 9 9 9 9 9 9 9 9 9 9 9 9 9 9 9 9 9
20
10 10 10 10 10 10 10 10 10 10 10 10 10 10 10 10 10 10 10 10
20
11 11 11 11 11 11 11 11 11 11 11 11 11 11 11 11 11 11 11 11
20
12 12 12 12 12 12 12 12 12 12 12 12 12 12 12 12 12 12 12 12
20
13 13 13 13 13 13 13 13 13 13 13 13 13 13 13 13 13 13 13 13
20
14 14 14 14 14 14 14 14 14 14 14 14 14 14 14 14 14 14 14 14
20
15 15 15 15 15 15 15 15 15 15 15 15 15 15 15 15 15 15 15 15
20
16 16 16 16 16 16 16 16 16 16 16 16 16 16 16 16 16 16 16 16
20
17 17 17 17 17 17 17 17 17 17 17 17 17 17 17 17 17 17 17 17
20
18 18 18 18 18 18 18 18 18 18 18 18 18 18 18 18 18 18 18 18
20
19 19 19 19 19 19 19 19 19 19 19 19 19 19 19 19 19 19 19 19
20
20 20 20 20 20 20 20 20 20 20 20 20 20 20 20 20 20 20 20 20
20
21 21 21 21 21 21 21 21 21 21 21 21 21 21 21 21 21 21 21 21
20
22 22 22 22 22 22 22 22 22 22 22 22 22 22 22 22 22 22 22 22
20
23 23 23 23 23 23 23 23 23 23 23 23 23 23 23 23 23 23 23 23
20
24 24 24 24 24 24 24 24 24 24 24 24 24 24 24 24 24 24 24 24
20
25 25 25 25 25 25 25 25 25 25 25 25 25 25 25 25 25 25 25 25
20
26 26 26 26 26 26 26 26 26 26 26 26 26 26 26 26 26 26 26 26
20
27 27 27 27 27 27 27 27 27 27 27 27 27 27 27 27 27 27 27 27
20
28 28 28 28 28 28 28 28 28 28 28 28 28 28 28 28 28 28 28 28
20
29 29 29 29 29 29 29 29 29 29 29 29 29 29 29 29 29 29 29 29
20
30 30 30 30 30 30 30 30 30 30 30 30 30 30 30 30 30 30 30 30
20
31 31 31 31 31 31 31 31 31 31 31 31 31 31 31 31 31 31 31 31
20
32 32 32 32 32 32 32 32 32 32 32 32 32 32 32 32 32 32 32 32
20
33 33 33 33 33 33 33 33 33 33 33 33 33 33 33 33 33 33 33 33
20
34 34 34 34 34 34 34 34 34 34 34 34 34 34 34 34 34 34 34 34
20
35 35 35 35 35 35 35 35 35 35 35 35 35 35 35 35 35 35 35 35
20
36 36 36 36 36 36 36 36 36 36 36 36 36 36 36 36 36 36 36 36
20
37 37 37 37 37 37 37 37 37 37 37 37 37 37 37 37 37 37 37 37
20
38 38 38 38 38 38 38 38 38 38 38 38 38 38 38 38 38 38 38 38
20
39 39 39 39 39 39 39 39 39 39 39 39 39 39 39 39 39 39 39 39
20
40 40 40 40 40 40 40 40 40 40 40 40 40 40 40 40 40 40 40 40
20
41 41 41 41 41 41 41 41 41 41 41 41 41 41 41 41 41 41 41 41
20
42 42 42 42 42 42 42 42 42 42 42 42 42 42 42 42 42 42 42 42
20
43 43 43 43 43 43 43 43 43 43 43 43 43 43 43 43 43 43 43 43
20
44 44 44 44 44 44 44 44 44 44 44 44 44 44 44 44 44 44 44 44
20
45 45 45 45 45 45 45 45 45 45 45 45 45 45 45 45 45 45 45 45
20
46 46 46 46 46 46 46 46 46 46 46 46 46 46 46 46 46 46 46 46
20
47 47 47 47 47 47 47 47 47 47 47 47 47 47 47 47 47 47 47 47
20
48 48 48 48 48 48 48 48 48 48 48 48 48 48 48 48 48 48 48 48
20
49 49 49 49 49 49 49 49 49 49 49 49 49 49 49 49 49 49 49 49
20
50 50 50 50 50 50 50 50 50 50 50 50 50 50 50 50 50 50 50 50
20
51 51 51 51 51 51 51 51 51 51 51 51 51 51 51 51 51 51 51 51
20
52 52 52 52 52 52 52 52 52 52 52 52 52 52 52 52 52 52 52 52
20
53 53 53 53 53 53 53 53 53 53 53 53 53 53 53 53 53 53 53 53
20
54 54 54 54 54 54 54 54 54 54 54 54 54 54 54 54 54 54 54 54
20
55 55 55 55 55 55 55 55 55 55 55 55 55 55 55 55 55 55 55 55
20
56 56 56 56 56 56 56 56 56 56 56 56 56 56 56 56 56 56 56 56
20
57 57 57 57 57 57 57 57 57 57 57 57 57 57 57 57 57 57 57 57
20
58 58 58 58 58 58 58 58 58 58 58 58 58 58 58 58 58 58 58 58
20
59 59 59 59 59 59 59 59 59 59 59 59 59 59 59 59 59 59 59 59
20
60 60 60 60 60 60 60 60 60 60 60 60 60 60 60 60 60 60 60 60
