1000
20
59 59 5 8 56 42 0 55 2 49 35 51 31 37 23 58 14 44 45 42
20
34 36 58 41 60 31 17 6 14 4 28 27 13 17 41 26 2 21 17 53
20
60 40 6 10 43 47 15 58 36 53 58 24 3 40 33 11 19 20 25 48
20
49 35 41 8 14 25 21 44 9 23 6 31 22 37 49 50 18 58 11 51
20
15 56 24 51 5 6 46 0 48 29 41 30 5 29 54 59 21 19 53 51
20
0 44 55 39 7 12 54 20 51 14 9 18 37 16 42 48 11 38 2 41
20
47 35 38 46 28 10 21 29 31 25 51 31 54 27 14 40 54 25 52 60
20
51 13 32 31 33 46 37 32 11 7 9 27 26 60 21 55 16 33 37 21
20
38 21 14 58 42 25 43 39 19 43 19 30 47 18 53 27 33 2 19 13
20
47 59 17 10 50 45 31 50 14 15 24 30 50 52 2 60 42 6 46 9
20
28 0 30 26 57 50 60 30 59 17 14 46 52 56 31 16 50 17 47 49
20
12 28 56 33 0 43 14 45 57 45 5 33 5 13 1 5 24 13 43 58
20
42 54 48 20 17 38 33 12 13 57 21 4 26 23 53 32 12 54 36 56
20
53 46 36 50 20 37 46 44 15 0 35 27 8 15 35 51 31 13 21 15
20
8 32 12 32 24 5 1 36 6 39 56 21 56 4 60 28 0 56 42 4
20
18 49 2 7 36 6 36 22 36 23 44 31 0 51 45 32 29 15 4 57
20
48 60 24 48 43 25 37 47 51 44 54 47 11 30 16 17 31 26 5 27
20
51 40 30 21 58 27 48 35 48 8 7 33 11 45 30 35 40 53 6 38
20
51 7 22 20 44 53 26 12 51 40 48 2 19 51 10 56 60 33 43 47
20
1 32 6 30 27 59 41 58 40 26 16 26 58 13 58 12 33 25 25 24
20
48 47 0 19 14 20 27 49 34 12 19 19 3 43 57 59 29 30 40 3
20
53 37 48 18 12 15 19 7 10 20 46 54 27 15 38 2 30 29 7 48
20
31 11 10 58 33 45 19 55 35 34 5 44 3 43 19 45 30 1 47 5
20
50 56 38 26 30 37 48 25 6 9 11 50 8 18 17 15 4 10 45 41
20
41 44 44 32 3 57 16 20 26 2 35 56 39 18 28 24 49 60 16 31
20
28 22 12 44 21 22 32 8 25 18 27 46 16 15 7 3 38 49 6 13
20
43 12 29 23 15 59 33 26 30 7 8 16 7 59 18 27 7 19 55 21
20
15 50 52 43 29 55 9 18 25 50 10 26 57 48 44 13 17 3 17 16
20
32 35 6 29 18 36 24 44 32 7 60 59 22 52 15 6 42 48 22 13
20
38 15 49 53 14 29 34 51 44 45 2 38 57 21 60 23 46 46 28 37
20
30 27 46 54 15 1 11 24 27 59 29 56 38 52 40 11 34 4 59 5
20
36 38 12 42 10 46 16 34 31 39 36 8 47 27 30 26 46 11 27 60
20
45 49 19 20 36 19 16 45 15 26 44 12 47 44 28 56 21 36 3 32
20
42 24 14 9 47 23 51 39 45 15 36 34 44 14 51 10 20 5 15 38
20
33 48 28 47 33 28 32 3 0 44 23 59 22 48 4 32 21 53 21 35
20
43 44 43 51 24 14 3 24 42 13 17 10 30 54 46 4 14 28 0 19
20
2 59 27 38 23 57 12 52 31 58 9 30 51 59 56 41 0 12 20 25
20
57 55 15 55 52 53 20 4 60 26 39 55 4 38 6 36 6 35 55 18
20
23 19 26 5 7 23 56 21 10 21 33 34 32 18 22 46 42 13 1 45
20
7 34 28 50 15 23 5 36 21 27 40 20 28 8 30 59 35 28 49 8
20
19 43 4 49 22 41 2 49 37 50 10 12 10 6 33 44 41 53 23 22
20
4 6 33 59 46 33 51 8 11 12 0 59 12 3 36 27 50 3 14 9
20
59 19 43 15 35 43 24 22 23 57 37 52 46 45 53 48 53 50 50 10
20
0 0 6 15 50 31 52 15 49 18 4 18 35 11 12 34 28 40 46 4
20
13 42 3 17 23 53 37 36 54 4 7 43 13 46 52 51 23 42 53 46
20
43 24 8 0 50 26 44 51 11 38 0 15 30 37 11 59 57 32 30 54
20
59 4 10 51 10 39 8 12 19 25 49 32 57 58 41 28 34 18 4 36
20
4 21 4 4 15 53 53 60 51 11 26 31 24 33 50 59 44 44 24 53
20
6 40 25 52 55 27 38 49 3 49 53 29 60 35 37 31 50 53 29 9
20
26 1 17 35 11 37 56 1 50 40 41 6 18 15 40 12 38 29 13 22
20
11 21 6 4 54 1 10 50 23 28 31 19 42 34 3 40 28 27 18 36
20
28 38 29 48 5 21 44 21 19 48 15 36 18 19 60 38 49 10 31 36
20
9 3 28 5 1 3 25 22 14 59 55 16 35 0 17 19 45 43 52 34
20
22 38 10 11 15 10 0 56 18 50 52 15 0 16 56 8 22 14 54 6
20
55 17 50 2 21 5 27 52 39 1 49 41 1 36 24 9 46 9 40 36
20
57 60 35 45 40 31 16 28 31 21 37 34 42 35 12 20 24 13 42 56
20
55 28 23 26 37 19 19 12 59 36 34 33 50 43 19 45 39 20 2 27
20
1 53 32 5 20 19 12 32 56 1 47 25 22 35 2 24 46 11 56 4
20
51 60 51 14 34 31 24 54 52 45 27 53 58 2 37 36 6 17 57 14
20
60 26 60 40 31 28 13 39 2 17 57 45 6 1 32 7 7 0 39 27
20
3 39 28 57 46 5 7 15 4 33 57 6 17 10 56 0 11 42 6 54
20
5 20 50 44 50 60 41 37 18 30 39 25 31 55 33 55 9 16 15 33
20
37 59 59 0 45 50 43 5 40 3 53 6 5 1 29 8 6 34 55 0
20
54 29 56 29 7 37 43 46 11 1 1 60 4 36 37 17 47 1 38 5
20
1 5 6 20 45 9 25 42 21 32 46 44 44 45 57 46 11 11 35 8
20
42 12 9 43 15 35 46 22 12 9 19 53 39 20 38 49 29 32 11 23
20
33 13 54 44 19 44 12 31 19 21 15 34 19 32 7 2 3 23 19 18
20
59 53 0 30 1 40 34 15 5 57 11 55 53 19 57 54 43 37 23 1
20
40 16 20 37 58 28 52 36 20 48 1 6 3 39 58 15 48 45 32 17
20
14 18 27 14 33 40 51 10 24 16 19 6 12 32 20 55 25 7 5 18
20
54 13 35 20 6 31 5 13 39 21 3 3 36 8 52 45 2 18 12 56
20
34 57 28 45 37 1 18 22 57 43 6 15 57 18 41 36 16 11 9 55
20
45 53 44 35 40 8 44 24 12 45 48 9 18 26 18 2 25 19 31 28
20
51 35 0 19 28 9 32 57 42 11 21 14 31 45 13 30 25 33 30 9
20
7 14 23 44 50 42 52 0 26 36 2 18 28 47 57 9 2 20 16 9
20
41 34 54 35 34 56 27 33 11 46 48 27 54 0 27 25 50 46 41 16
20
29 49 58 14 15 2 44 53 43 59 20 5 38 8 26 35 58 15 48 2
20
7 12 23 36 33 7 14 7 3 7 23 13 25 47 0 11 0 34 45 60
20
34 6 54 50 60 4 8 16 48 37 20 17 7 13 1 23 0 19 52 49
20
48 24 56 25 37 0 34 46 48 31 55 24 25 51 16 5 4 0 37 18
20
9 23 39 28 10 22 19 27 21 23 26 27 32 40 4 19 15 15 49 47
20
23 25 29 44 10 56 34 10 0 15 4 3 41 54 43 2 6 53 43 48
20
33 27 36 31 10 37 17 28 33 2 31 34 24 28 17 37 45 58 28 0
20
11 9 50 38 42 53 60 53 23 21 13 49 1 52 34 36 47 4 4 32
20
11 29 52 26 3 60 26 42 43 32 59 58 22 11 14 33 16 39 2 42
20
13 11 40 15 13 2 44 8 52 29 8 55 2 51 42 16 7 8 52 29
20
45 45 19 3 25 3 27 43 8 27 28 21 6 39 2 43 42 25 17 47
20
21 41 48 60 38 34 29 39 19 9 46 21 16 7 39 46 2 48 13 58
20
57 15 24 19 9 18 40 0 28 14 47 55 43 39 41 5 56 25 8 4
20
18 15 8 26 33 39 25 34 44 52 50 55 41 15 7 32 46 38 55 14
20
8 17 0 25 2 30 49 39 46 24 48 14 3 60 56 34 40 12 32 21
20
16 60 26 19 46 26 2 46 7 14 2 54 28 28 32 32 57 40 5 29
20
8 14 0 5 25 1 40 44 51 25 8 47 41 5 60 37 30 37 48 40
20
38 13 54 6 34 59 15 18 20 37 47 58 19 27 27 27 2 48 33 5
20
21 7 51 3 3 23 14 48 55 38 43 59 18 26 14 52 37 9 50 27
20
18 2 38 30 45 52 1 19 50 53 35 5 25 1 14 0 56 30 44 58
20
59 2 0 32 30 42 15 48 15 20 43 32 29 57 19 51 2 17 8 59
20
35 44 29 23 35 55 37 45 21 42 40 14 27 52 35 46 58 56 36 6
20
57 7 2 14 48 42 28 57 21 48 23 60 2 44 60 7 60 32 29 49
20
26 54 43 36 25 4 56 27 9 20 45 60 40 31 16 11 0 33 8 37
20
22 0 23 34 7 44 43 3 37 17 38 60 51 59 21 20 47 53 57 9
20
55 55 28 16 10 15 60 38 48 11 46 14 51 15 29 9 54 0 47 40
20
0 43 33 17 46 44 27 21 40 1 3 19 45 18 32 29 46 0 9 10
20
24 17 26 42 59 17 9 39 17 31 1 33 3 20 3 57 14 30 25 1
20
45 20 47 52 29 6 35 37 35 35 42 45 49 45 56 13 20 33 51 42
20
44 18 3 1 14 29 6 18 2 27 42 26 56 47 30 46 30 21 6 28
20
20 40 54 9 36 7 57 30 51 49 38 5 46 55 50 51 46 24 1 47
20
49 5 1 8 12 5 41 28 5 36 57 15 3 48 8 18 12 4 16 48
20
2 7 36 51 0 47 39 1 0 59 20 20 23 54 20 40 13 14 12 18
20
33 36 53 26 38 47 18 6 18 57 13 57 52 12 12 1 34 18 21 55
20
45 19 57 54 41 54 42 33 42 14 36 51 50 9 10 5 59 5 34 32
20
27 47 32 43 54 7 28 23 15 15 1 18 60 10 13 31 37 32 8 39
20
23 51 30 48 44 54 8 4 36 26 15 57 43 49 54 13 51 24 4 36
20
15 60 60 19 1 12 21 19 34 36 3 33 19 9 0 29 59 11 2 14
20
41 23 26 46 46 0 45 33 56 13 28 20 59 56 26 21 10 36 18 18
20
6 60 11 53 51 49 8 16 7 54 49 0 12 44 6 2 18 49 0 51
20
22 26 3 24 39 40 36 4 51 40 19 17 7 43 38 46 11 33 30 11
20
40 25 50 28 11 42 52 51 24 44 52 16 30 51 20 17 31 39 28 0
20
35 35 21 27 55 22 9 58 7 41 27 58 33 12 22 29 18 43 50 23
20
21 54 32 37 57 27 10 15 26 7 50 57 34 39 24 23 5 11 26 47
20
56 28 20 15 51 7 55 50 17 1 53 18 1 27 25 40 36 7 51 2
20
17 4 2 6 44 38 18 50 30 20 35 9 41 31 34 0 42 4 11 19
20
2 25 23 55 15 44 19 8 19 33 1 52 12 19 25 38 15 52 35 14
20
40 42 13 1 56 38 0 45 49 30 4 53 50 28 47 57 11 22 22 14
20
13 52 43 59 5 4 59 3 42 6 1 46 13 27 8 28 23 34 17 10
20
30 48 48 51 6 30 33 47 52 13 25 46 22 21 19 25 45 57 43 2
20
14 9 34 12 52 7 4 47 7 21 47 33 4 24 30 12 41 47 54 9
20
5 18 31 3 28 29 26 50 30 57 10 34 50 44 33 34 38 54 9 29
20
9 31 31 46 51 23 5 25 31 12 46 20 44 59 38 59 2 29 59 28
20
55 50 38 0 28 24 10 19 7 42 1 13 3 29 32 33 56 5 53 20
20
11 38 25 25 47 9 47 28 45 30 16 6 28 38 24 59 43 25 10 2
20
48 17 6 26 35 16 6 24 39 45 22 44 33 54 21 29 56 10 55 40
20
31 13 47 53 10 17 16 11 3 42 27 11 7 49 30 44 41 34 45 5
20
17 33 24 57 25 14 39 4 36 32 31 1 48 44 16 30 52 19 32 57
20
47 24 43 58 48 28 38 8 20 44 52 32 28 23 1 18 52 42 46 15
20
36 2 21 18 56 25 31 15 18 52 45 34 40 34 45 29 6 20 5 18
20
10 19 10 42 16 60 54 10 60 10 21 35 57 25 27 0 12 24 36 46
20
16 8 60 59 20 28 14 46 20 52 2 19 34 49 52 25 51 41 32 35
20
50 25 43 50 25 0 10 55 54 40 5 14 55 12 19 43 35 13 59 16
20
37 46 36 0 6 51 60 48 19 7 0 9 59 7 2 57 10 57 52 12
20
57 30 34 25 42 43 16 7 43 29 34 29 4 53 31 21 27 51 12 60
20
54 42 31 52 60 3 56 24 12 34 4 5 27 8 38 49 5 9 51 35
20
25 2 0 53 20 30 13 47 58 42 26 21 25 11 46 40 40 9 48 55
20
25 37 45 36 47 11 37 49 33 2 53 56 16 0 45 28 31 14 32 46
20
55 52 14 36 27 9 39 24 44 6 44 2 3 26 55 30 34 45 54 5
20
2 20 42 14 39 17 21 60 55 7 39 51 38 8 5 46 36 57 15 56
20
28 49 59 30 45 53 38 0 60 35 5 14 20 5 1 22 54 39 44 29
20
49 25 59 42 23 36 23 28 18 58 0 4 52 44 27 56 38 19 40 12
20
25 14 46 17 20 59 35 39 26 47 25 22 30 1 44 47 56 18 30 52
20
54 59 46 60 17 29 15 39 13 49 59 19 5 0 58 25 5 17 5 37
20
37 50 54 33 1 29 9 9 47 3 28 8 59 40 7 4 32 20 4 46
20
29 19 16 4 51 42 8 30 7 59 2 42 14 49 17 48 43 13 49 7
20
17 22 20 57 31 2 21 60 20 39 49 48 55 56 34 36 25 34 7 58
20
9 54 29 39 13 25 51 57 47 20 9 40 46 4 18 22 25 21 8 8
20
43 41 31 6 51 58 34 29 24 48 9 13 46 32 13 6 27 34 8 48
20
11 0 55 47 20 53 31 59 41 24 58 24 11 22 28 15 46 15 13 43
20
60 22 50 24 17 40 24 21 8 8 36 3 46 24 28 15 21 34 11 12
20
24 54 7 17 9 22 15 1 52 39 60 9 47 58 21 10 47 45 36 18
20
3 24 20 31 57 12 10 21 25 31 17 28 16 10 44 45 35 32 30 52
20
17 13 29 11 11 43 13 28 55 4 54 1 7 17 54 49 45 20 12 0
20
1 0 39 52 28 50 58 12 32 3 27 22 46 32 58 2 47 42 20 25
20
11 1 33 45 54 2 30 12 0 43 48 10 33 27 49 35 27 14 57 15
20
8 28 7 10 56 12 22 48 17 22 42 43 34 45 47 30 5 31 49 8
20
3 53 40 58 7 28 37 42 35 34 18 41 37 22 38 15 20 51 34 38
20
38 47 1 29 44 40 51 12 21 11 21 4 34 51 40 48 25 0 32 32
20
8 19 40 32 38 25 34 27 12 2 56 47 10 4 17 52 60 56 12 33
20
22 33 20 59 16 8 1 51 40 10 12 19 2 5 4 43 32 56 15 41
20
29 35 14 6 28 44 15 39 55 11 9 48 50 52 26 23 57 47 57 33
20
40 1 15 40 47 13 35 24 35 60 4 39 45 11 24 50 43 14 35 9
20
46 21 39 13 56 28 39 8 7 46 18 18 27 0 26 47 50 0 20 56
20
14 47 5 24 42 23 58 57 7 8 46 39 28 36 21 45 45 26 53 45
20
10 36 49 51 16 60 3 46 25 9 19 43 43 18 46 24 39 53 45 38
20
49 51 21 58 60 41 50 10 11 37 30 42 0 29 39 32 55 13 4 27
20
1 43 22 2 27 52 24 44 58 44 49 60 23 9 60 10 24 41 35 11
20
1 19 35 22 4 60 53 15 24 25 52 55 24 1 25 25 56 18 18 3
20
53 39 25 39 59 59 34 35 54 59 44 57 16 56 28 24 29 19 11 10
20
46 21 11 18 27 27 13 45 35 42 51 10 60 28 50 25 3 59 58 29
20
32 18 14 9 44 60 30 30 22 31 30 28 44 29 39 26 33 52 0 20
20
7 21 18 37 58 27 4 47 42 29 32 43 22 24 23 43 39 35 1 38
20
40 50 41 24 54 49 32 12 40 25 32 4 11 35 45 28 10 44 34 4
20
33 12 32 50 1 11 41 9 14 58 40 38 15 25 12 6 36 59 26 28
20
39 58 25 14 48 37 21 12 16 42 48 53 14 31 56 1 46 35 32 53
20
50 22 37 32 23 19 28 45 22 57 5 22 20 55 49 14 9 57 26 23
20
51 0 30 27 44 56 54 45 58 13 53 45 39 32 44 18 14 48 38 21
20
60 43 22 20 32 45 11 29 59 18 24 22 52 16 12 19 38 45 56 14
20
43 47 9 8 53 53 26 14 49 36 17 14 15 47 43 0 5 26 4 9
20
35 2 19 36 26 27 27 35 36 11 2 5 39 15 28 42 26 25 43 10
20
14 57 15 56 48 40 6 17 35 4 31 42 55 40 18 11 5 39 55 4
20
59 57 50 43 36 59 52 31 1 14 2 54 22 11 15 46 36 2 15 3
20
60 0 22 13 58 2 43 55 37 42 39 12 35 57 49 7 33 16 30 4
20
44 44 50 16 45 51 20 51 6 50 7 16 20 40 32 17 7 16 43 2
20
43 6 26 44 11 31 49 50 0 43 28 39 10 25 9 6 20 9 3 20
20
35 44 56 43 25 15 17 24 59 23 27 53 43 6 26 54 45 14 58 59
20
50 2 47 52 31 34 9 35 12 60 35 52 24 32 44 15 40 7 39 55
20
4 18 33 16 53 51 10 48 33 25 59 37 3 48 39 46 20 14 46 53
20
2 52 0 16 12 54 37 47 53 56 43 47 0 30 38 25 13 41 27 17
20
52 45 31 23 2 11 45 50 14 43 11 47 37 5 1 50 55 39 17 38
20
2 43 35 60 10 17 32 36 51 18 31 52 42 24 32 30 6 14 58 21
20
39 49 41 34 48 23 36 35 39 13 26 44 2 43 43 34 39 0 24 57
20
53 10 1 53 44 56 23 29 3 41 32 17 8 43 35 0 25 17 51 32
20
5 4 50 7 35 7 11 23 60 0 16 0 0 25 0 4 45 29 4 30
20
25 3 57 11 56 34 56 27 16 17 9 22 34 6 56 24 21 25 6 13
20
35 27 4 20 35 38 48 52 28 24 15 52 36 49 50 29 59 16 6 42
20
58 9 59 8 10 45 57 57 50 25 58 39 10 22 0 0 29 39 35 11
20
59 49 44 46 12 45 8 58 7 36 22 42 5 26 9 30 31 29 57 26
20
14 39 59 18 51 55 48 57 42 19 32 4 35 59 28 22 29 40 57 21
20
47 39 30 18 34 46 2 31 18 30 17 9 38 31 7 25 21 27 44 59
20
25 9 52 7 8 5 0 26 51 18 27 55 2 6 53 40 19 30 21 1
20
16 9 7 56 32 16 57 18 31 39 39 12 56 5 36 12 48 29 49 43
20
43 51 11 21 2 60 12 29 12 15 57 56 11 46 40 20 13 19 5 19
20
60 10 32 54 43 54 52 11 37 51 58 57 43 57 48 34 40 7 4 25
20
22 9 25 25 25 8 54 12 40 3 0 52 45 47 32 45 55 27 55 40
20
60 15 53 12 22 41 20 12 34 44 56 2 22 13 16 37 27 24 6 27
20
19 41 8 21 53 5 17 58 13 27 33 48 29 1 12 0 22 16 9 16
20
24 40 60 30 34 50 8 55 37 60 38 13 44 49 3 47 2 40 10 7
20
33 1 9 41 47 23 38 3 2 42 2 3 45 0 10 53 18 47 34 2
20
58 55 4 29 28 48 44 33 53 22 48 29 21 19 16 40 11 35 49 58
20
35 57 41 16 14 37 21 27 38 36 18 13 2 20 11 56 1 32 12 21
20
10 2 10 4 55 14 22 22 45 38 50 54 58 45 27 34 52 38 27 59
20
3 23 12 12 3 16 6 9 57 57 1 14 54 54 4 7 10 3 43 25
20
40 8 43 20 19 11 50 37 50 5 15 47 51 47 7 35 11 39 33 0
20
46 12 57 12 36 59 48 53 22 23 34 2 19 60 37 14 44 4 59 59
20
28 55 26 20 15 1 16 46 8 7 7 45 10 34 41 16 4 40 37 14
20
60 28 43 4 9 45 55 48 14 21 24 28 43 23 47 40 38 14 18 56
20
5 58 51 56 36 16 20 44 27 35 8 25 32 35 11 10 34 18 59 53
20
14 40 57 11 11 59 15 26 29 37 25 16 25 21 8 36 34 48 17 19
20
48 22 47 14 4 45 34 33 51 0 39 29 37 49 23 27 47 2 8 29
20
47 22 53 53 54 58 3 55 23 18 29 44 0 28 24 43 49 55 46 34
20
42 14 54 59 51 20 4 49 50 54 23 17 13 5 45 17 27 51 32 53
20
44 19 38 32 59 28 23 31 19 12 59 6 16 27 44 3 36 52 32 47
20
47 42 0 20 49 28 60 33 54 25 35 50 44 57 58 28 18 60 28 18
20
9 51 28 45 56 52 38 9 52 3 53 8 5 11 18 47 58 37 29 11
20
24 34 15 33 22 0 28 30 17 51 57 56 54 59 54 13 0 58 46 15
20
6 53 12 15 10 19 55 29 38 49 40 11 41 33 54 28 6 14 2 5
20
47 50 12 20 26 57 11 52 13 37 24 58 50 17 51 24 5 54 1 18
20
50 25 56 35 59 12 23 32 54 33 4 22 20 21 38 35 47 59 18 39
20
53 31 31 20 52 1 36 44 18 24 54 23 36 27 42 17 17 43 56 43
20
20 2 15 59 58 13 20 37 34 60 26 5 5 23 32 1 25 44 26 40
20
9 44 30 30 7 21 37 41 10 10 26 39 32 59 13 13 19 11 4 46
20
41 37 44 31 58 56 5 33 46 6 57 50 2 12 48 1 1 12 7 15
20
43 2 18 26 40 38 47 54 7 44 28 20 12 10 1 13 24 54 57 39
20
58 60 5 52 25 20 11 5 31 26 30 29 30 12 27 29 32 12 52 58
20
6 0 24 58 43 33 59 8 34 11 50 20 38 21 44 59 47 12 1 34
20
0 1 16 39 17 33 47 60 47 23 10 29 27 0 13 29 52 41 32 49
20
53 7 60 0 47 3 24 43 7 52 51 11 39 57 10 28 47 7 43 10
20
30 32 32 40 5 6 20 30 55 9 57 13 35 60 28 24 50 18 54 16
20
2 60 28 35 4 50 11 18 32 35 42 53 30 27 7 52 3 25 44 23
20
5 6 42 7 37 47 6 37 48 49 57 29 31 22 29 53 24 20 34 44
20
44 26 27 27 2 5 14 43 23 9 52 32 45 0 12 27 34 28 29 23
20
52 12 56 13 50 57 16 16 33 47 57 18 56 34 40 47 40 41 8 34
20
34 37 36 23 51 41 47 36 8 56 54 9 57 33 1 16 42 52 11 53
20
47 1 9 55 7 17 17 59 38 38 10 5 21 30 36 13 49 47 39 49
20
10 23 50 25 18 36 55 24 55 35 53 31 20 47 30 8 60 33 42 49
20
27 23 16 16 31 0 1 15 51 39 26 4 32 41 57 32 17 16 9 9
20
39 11 60 20 19 44 47 13 28 44 12 51 22 59 42 43 47 34 0 57
20
27 3 19 58 39 26 41 47 10 30 36 26 18 51 39 45 17 35 45 31
20
28 5 30 50 44 32 28 13 57 28 51 19 59 14 9 14 57 30 1 5
20
36 43 34 26 40 26 25 31 23 45 16 48 50 3 26 8 55 7 22 47
20
38 42 6 44 59 12 3 5 5 29 25 49 35 10 27 15 21 58 54 44
20
32 35 29 59 11 8 51 44 24 4 13 6 10 49 54 49 29 11 55 38
20
24 19 27 60 40 0 16 25 0 30 28 43 48 60 51 24 26 26 2 5
20
4 9 33 37 37 14 15 50 35 25 18 46 10 11 34 26 45 55 19 43
20
48 12 24 16 53 47 22 52 26 3 48 4 39 60 46 23 33 17 10 27
20
4 26 49 9 17 36 30 18 9 44 60 37 8 41 55 3 8 35 41 27
20
34 34 21 26 50 20 49 60 31 56 51 13 28 26 39 16 3 46 39 35
20
26 50 27 43 23 58 25 33 40 15 19 45 8 35 43 53 5 30 42 34
20
54 60 41 40 37 3 5 51 53 10 57 15 58 37 17 49 3 15 0 3
20
40 40 12 55 54 26 27 49 4 37 12 4 40 42 25 10 26 42 45 31
20
41 5 9 41 48 43 51 56 13 52 4 21 50 38 21 41 10 45 31 32
20
44 59 26 1 54 13 17 19 22 50 58 52 58 45 38 57 51 4 30 24
20
44 34 53 32 48 41 46 47 39 6 56 4 4 36 30 40 4 3 40 28
20
39 40 26 10 24 1 53 24 22 0 41 46 2 44 30 23 13 60 57 39
20
18 51 0 26 36 58 27 35 58 13 35 25 36 13 47 54 33 57 3 35
20
4 28 48 50 13 10 52 15 27 8 1 54 3 22 0 40 56 58 59 3
20
4 33 26 10 41 50 3 4 2 32 32 58 1 26 18 25 11 55 20 14
20
27 47 22 31 22 20 58 43 43 53 6 4 39 32 17 17 21 9 59 49
20
12 29 53 21 34 47 40 30 45 4 49 31 7 51 46 42 38 58 46 35
20
32 10 22 15 0 31 51 24 54 17 60 26 35 24 12 19 31 40 39 37
20
28 60 54 51 31 28 16 25 11 11 57 2 55 58 11 45 59 42 19 55
20
40 24 37 57 34 60 19 37 25 27 41 58 46 9 56 42 59 52 9 16
20
4 0 35 49 31 10 38 32 0 18 54 58 18 52 23 24 2 58 54 33
20
54 40 50 22 45 22 15 43 15 28 36 32 30 37 35 0 29 25 31 40
20
18 5 13 28 41 12 42 37 38 0 32 37 57 13 39 6 1 24 23 45
20
7 18 25 59 53 40 36 50 1 4 41 37 12 51 15 31 36 48 14 37
20
1 10 17 31 58 21 22 22 0 27 36 51 56 37 17 6 16 44 51 24
20
42 32 56 8 28 16 41 0 48 49 24 18 31 20 38 59 45 30 59 7
20
13 45 17 42 38 41 13 59 14 16 6 24 38 7 49 58 28 36 31 18
20
5 56 49 41 15 29 59 51 14 22 38 31 11 32 0 32 15 44 9 20
20
8 41 3 6 11 13 31 40 58 53 33 32 43 53 14 21 26 55 3 13
20
27 4 31 58 16 25 28 40 41 18 1 56 12 32 42 6 22 14 29 29
20
17 51 22 0 56 6 31 10 22 17 18 9 4 48 37 49 16 21 24 44
20
15 36 32 58 8 49 16 19 52 48 28 6 43 15 56 49 35 13 41 24
20
50 46 39 18 20 38 47 9 24 60 10 43 45 60 4 60 27 57 53 27
20
54 13 3 30 42 16 21 35 1 28 30 39 35 16 55 17 35 26 37 40
20
47 15 38 32 51 49 29 40 6 54 14 5 5 28 22 40 58 17 54 30
20
19 6 26 18 20 1 0 27 35 29 6 8 17 42 26 31 50 11 40 49
20
50 19 48 40 7 43 54 28 28 50 37 11 22 40 3 37 54 43 17 47
20
60 15 8 20 55 20 39 42 29 5 6 46 1 0 7 44 3 2 17 7
20
4 25 19 6 48 43 46 0 30 51 23 9 24 28 58 49 27 22 58 39
20
34 42 45 0 49 6 23 59 43 29 7 38 2 58 32 2 18 55 28 33
20
52 48 43 6 58 59 55 16 46 60 59 42 3 6 40 48 7 25 29 37
20
42 11 32 47 12 45 22 56 39 19 24 43 44 6 48 58 19 56 55 6
20
37 7 18 1 17 47 21 11 29 7 49 58 47 43 38 20 3 22 7 35
20
19 57 44 20 21 56 55 31 10 19 26 44 30 6 18 60 44 37 45 2
20
20 32 42 18 44 50 33 3 21 39 43 53 27 39 9 18 45 6 50 2
20
57 6 42 47 29 57 46 17 4 39 19 44 20 38 2 4 54 55 29 46
20
6 56 59 50 56 29 28 25 2 51 16 26 15 21 27 57 18 46 59 53
20
57 41 28 41 13 20 30 41 57 26 35 5 38 31 34 28 7 1 43 31
20
54 14 50 38 7 44 47 53 44 39 35 33 30 46 59 11 9 50 43 39
20
10 32 42 34 34 2 36 22 0 52 0 14 3 50 7 53 20 24 42 6
20
38 59 54 14 22 46 27 46 36 27 11 44 42 14 25 15 47 15 23 47
20
50 30 53 22 3 19 41 16 6 37 50 42 48 54 60 0 15 58 51 47
20
26 42 14 15 29 1 19 14 31 15 18 40 10 51 49 33 0 37 10 26
20
26 17 39 56 59 9 6 9 39 31 9 16 19 11 33 21 23 45 28 52
20
29 39 32 51 52 13 7 60 26 48 12 28 18 3 28 8 36 3 59 60
20
54 27 28 7 6 58 39 2 25 20 41 13 60 36 19 47 43 13 18 3
20
29 54 47 51 37 56 41 50 50 6 39 38 53 8 8 20 17 9 40 12
20
57 12 2 57 55 45 55 26 2 13 43 19 31 12 50 60 47 9 58 26
20
45 1 58 14 56 8 15 31 3 7 31 13 48 46 6 5 13 14 20 60
20
21 46 10 7 46 33 40 57 3 8 24 1 8 36 59 41 31 30 30 35
20
31 58 36 8 32 36 35 53 3 45 58 3 13 52 54 35 31 11 52 17
20
22 7 46 15 50 28 20 8 55 19 60 25 9 44 14 0 16 18 6 23
20
60 60 17 46 34 7 23 31 30 19 54 14 21 14 44 54 58 32 34 29
20
20 41 57 16 57 17 30 10 41 11 26 60 31 48 32 36 55 20 24 12
20
28 35 25 42 39 14 38 44 15 28 11 10 53 28 14 59 36 35 1 4
20
7 53 31 0 13 31 23 15 1 0 43 50 15 7 9 25 34 41 20 4
20
20 34 48 17 6 60 4 47 16 58 51 26 55 27 45 8 16 45 31 24
20
33 0 32 36 60 17 58 30 39 54 43 48 18 34 59 57 60 13 8 19
20
2 9 6 28 0 13 51 30 49 29 48 15 6 2 30 20 6 20 15 37
20
27 41 1 31 11 38 1 18 15 45 14 48 5 2 25 50 3 54 5 9
20
55 42 41 8 22 13 22 1 51 46 13 4 6 14 55 59 17 13 24 24
20
40 57 20 58 6 17 36 27 48 8 50 36 16 37 43 58 7 41 17 19
20
9 36 6 12 6 26 44 25 18 58 49 19 48 55 32 42 15 36 24 15
20
10 25 14 36 13 51 21 49 13 0 1 4 55 13 29 28 34 20 55 40
20
42 50 59 6 48 28 47 17 35 50 4 56 3 40 51 36 12 3 57 16
20
18 33 21 38 51 45 54 55 30 49 40 24 45 7 46 24 11 53 48 29
20
42 7 39 58 11 10 41 54 45 41 41 39 20 9 12 13 43 35 59 32
20
22 9 29 57 24 41 7 40 14 0 28 57 43 11 52 50 60 23 59 59
20
52 32 13 53 0 1 45 16 0 22 47 43 35 41 17 20 9 17 24 0
20
23 45 42 58 35 20 55 4 16 43 14 12 36 28 52 40 8 28 51 57
20
5 33 18 27 57 5 16 47 15 54 32 21 25 33 48 12 43 46 22 45
20
28 4 32 15 6 0 60 53 10 24 0 50 23 41 39 24 42 41 41 26
20
40 19 45 12 50 53 35 36 49 48 47 15 53 16 43 12 1 2 1 15
20
7 12 58 4 5 15 32 59 44 54 6 40 11 1 18 54 45 40 38 46
20
12 37 39 28 5 21 21 1 22 5 20 23 24 7 12 2 0 43 36 54
20
53 32 58 20 52 12 57 58 52 39 17 54 39 46 41 3 31 16 39 21
20
4 29 5 2 13 27 60 4 33 31 45 29 15 4 43 4 28 55 0 0
20
46 6 8 51 38 50 52 39 2 21 39 11 5 33 6 37 50 45 41 7
20
21 35 59 11 41 17 47 26 32 22 24 48 50 55 29 1 24 6 19 47
20
34 22 19 60 3 25 39 4 1 49 14 18 18 52 15 37 43 30 0 44
20
27 19 27 38 31 42 6 25 35 13 57 15 52 0 26 36 11 58 11 35
20
2 12 16 8 49 52 11 39 29 45 24 43 24 23 45 60 48 5 23 5
20
52 45 3 12 34 60 42 43 29 35 3 22 49 46 16 16 49 14 34 24
20
14 26 29 56 57 31 8 36 18 1 1 37 24 38 58 28 20 12 26 16
20
59 6 18 1 18 9 39 46 15 0 30 17 55 52 20 48 57 26 15 47
20
50 50 17 37 46 54 42 15 48 60 38 35 29 38 22 27 39 13 42 41
20
13 41 19 56 31 42 13 17 16 48 14 14 33 16 22 40 43 50 14 58
20
20 19 30 5 18 18 51 8 26 46 11 9 34 18 20 31 12 55 13 17
20
45 39 5 8 52 17 7 38 9 3 3 33 26 48 41 38 49 24 13 38
20
19 21 2 58 25 57 11 40 38 43 5 47 34 15 34 47 15 2 38 14
20
59 48 30 50 52 57 12 39 40 15 17 0 35 25 54 13 13 21 47 53
20
42 31 13 26 17 16 48 51 0 15 38 45 17 3 59 25 15 34 42 4
20
22 37 23 22 21 43 59 35 7 30 19 55 37 9 18 6 14 26 25 5
20
54 23 0 20 16 57 41 4 56 0 11 59 46 23 35 56 16 17 32 58
20
39 50 1 57 2 58 56 38 39 36 25 34 2 50 11 24 5 3 0 47
20
23 42 23 20 2 28 19 45 12 12 59 0 27 24 53 0 36 3 12 14
20
29 35 28 16 46 22 52 53 59 18 29 29 11 52 44 40 49 20 44 24
20
37 54 50 18 30 0 53 46 46 54 21 50 54 39 45 11 22 39 14 37
20
28 46 58 9 38 16 50 20 58 6 13 36 7 16 29 32 21 13 23 49
20
44 40 1 19 20 56 60 45 36 47 35 48 33 49 55 0 34 45 17 16
20
58 6 51 46 56 60 48 52 49 20 55 48 24 44 44 2 13 4 25 21
20
34 44 36 58 33 58 0 34 14 27 39 53 22 0 58 22 29 36 52 1
20
18 43 15 16 30 53 11 57 45 4 57 13 17 42 32 19 56 54 17 21
20
21 6 40 11 40 6 50 33 49 54 33 35 54 7 16 16 40 33 28 16
20
27 32 10 13 0 59 24 56 38 11 41 47 19 20 27 1 28 34 24 47
20
55 17 17 34 2 33 59 54 56 38 35 42 17 59 22 20 22 17 42 15
20
58 59 51 22 58 8 27 42 0 4 60 59 14 41 11 51 51 52 31 28
20
35 45 46 38 14 31 55 41 56 60 37 0 14 44 60 29 50 37 58 16
20
44 35 57 12 42 54 29 25 26 33 48 46 59 28 8 60 15 27 49 37
20
16 31 25 46 50 32 59 29 23 25 3 50 54 17 51 42 58 47 5 41
20
45 43 56 39 40 10 45 47 5 44 54 7 37 5 2 3 12 25 39 3
20
5 20 54 57 44 35 34 17 0 33 46 15 49 33 5 39 60 18 36 50
20
55 59 31 59 59 54 2 16 21 6 17 1 38 51 3 27 54 55 38 34
20
55 40 49 47 21 26 19 55 9 5 49 52 36 11 54 40 10 29 52 7
20
7 31 28 60 39 8 12 26 1 21 11 27 19 29 19 51 55 1 59 3
20
31 24 8 39 26 19 6 29 3 44 11 42 2 0 0 55 50 46 21 1
20
51 2 42 8 22 20 13 50 37 0 10 3 28 30 10 20 32 35 40 4
20
49 16 11 3 59 0 28 14 3 1 15 17 12 56 20 53 42 20 51 34
20
51 34 15 30 33 35 38 27 32 59 42 12 15 19 35 8 34 35 21 25
20
15 13 48 38 55 0 6 34 54 41 36 25 10 30 28 47 60 42 37 44
20
35 36 40 38 45 11 37 41 32 11 36 0 14 37 24 28 32 57 54 41
20
29 29 38 4 56 58 2 2 20 7 42 15 38 36 35 29 22 23 2 19
20
22 5 5 12 4 23 50 14 52 11 56 38 39 0 31 21 7 50 32 44
20
5 31 33 37 6 36 41 1 3 53 38 50 51 36 17 54 6 3 56 12
20
14 28 10 4 4 34 57 32 20 2 37 60 46 4 28 6 10 1 53 7
20
52 32 47 51 11 48 8 45 20 52 5 19 53 24 48 39 53 10 40 39
20
7 25 42 24 15 2 41 46 9 46 41 44 5 40 51 16 49 52 40 58
20
35 8 45 24 54 8 3 1 2 13 27 57 6 19 32 46 2 54 19 41
20
28 41 34 50 5 60 30 8 55 15 24 10 44 50 25 2 31 53 55 58
20
15 0 12 12 48 25 57 9 2 12 5 34 46 25 47 21 19 52 12 0
20
12 2 16 0 55 17 23 41 14 40 47 19 53 41 3 16 55 2 7 37
20
44 52 16 53 40 2 15 50 45 14 32 18 14 43 28 44 31 49 41 56
20
53 40 47 51 52 27 30 13 0 26 60 9 15 48 49 14 10 30 46 48
20
17 13 11 11 20 53 22 24 39 35 20 22 17 16 13 57 28 12 25 28
20
57 40 56 47 7 41 48 0 14 48 45 39 25 46 33 26 4 2 45 14
20
6 24 40 39 15 13 34 37 55 34 4 11 27 28 19 23 44 50 51 15
20
34 59 51 1 51 23 19 4 2 33 26 50 32 50 36 1 7 39 32 15
20
23 40 50 22 1 26 49 44 36 54 39 8 1 20 42 1 44 30 59 9
20
22 52 44 31 47 30 45 40 44 38 36 31 42 52 26 42 37 19 23 5
20
34 19 58 54 57 12 2 20 59 21 54 0 11 30 30 31 2 57 3 21
20
36 3 49 23 59 3 18 3 55 23 30 13 30 34 15 17 51 53 38 35
20
0 57 50 35 2 11 12 49 15 12 39 8 38 59 55 14 16 15 7 3
20
39 46 31 47 22 42 4 46 21 33 56 16 47 10 9 37 27 5 19 33
20
58 26 28 1 47 29 49 20 39 60 51 32 52 11 39 2 31 18 24 24
20
17 11 58 43 38 43 31 4 50 53 7 31 31 59 34 11 39 43 50 16
20
34 14 30 9 16 20 57 58 33 58 36 33 1 31 40 47 16 41 7 57
20
6 20 13 55 53 50 3 12 4 55 22 46 16 13 33 6 31 42 45 22
20
25 10 49 20 15 54 56 11 36 1 17 60 59 43 58 26 46 15 13 40
20
32 39 45 4 20 32 14 44 10 58 2 39 1 6 21 18 53 3 3 30
20
5 28 35 5 58 9 33 9 30 49 11 34 43 57 56 26 35 17 56 17
20
12 30 6 49 55 46 60 33 36 24 16 52 31 22 5 20 12 10 12 16
20
38 6 7 24 29 28 38 46 7 37 50 15 7 53 35 12 30 45 20 34
20
31 31 52 48 0 60 0 26 6 19 4 12 59 7 52 34 36 5 31 42
20
10 27 51 41 49 31 7 58 42 14 40 42 51 15 59 17 13 33 59 40
20
29 15 20 42 48 21 14 0 13 12 19 0 14 57 23 25 59 18 50 18
20
40 43 41 9 0 26 47 21 30 51 23 23 57 52 47 19 3 2 51 33
20
0 46 38 19 3 34 13 23 7 41 52 14 46 40 16 48 39 39 11 0
20
52 14 18 23 8 14 16 25 27 35 5 23 8 52 1 12 11 8 46 24
20
46 4 41 8 12 59 54 14 46 41 16 41 0 43 35 59 31 32 2 28
20
56 22 41 32 11 34 30 59 10 49 48 56 27 50 8 43 50 4 43 32
20
44 34 49 39 49 20 10 43 14 12 24 55 39 25 15 24 9 47 9 30
20
38 25 37 1 19 40 55 55 36 44 34 10 59 11 37 45 16 19 57 56
20
6 6 14 8 28 5 25 52 7 4 25 7 50 30 46 36 5 25 47 58
20
27 9 37 42 55 59 57 41 9 12 23 46 56 53 11 12 9 33 43 20
20
53 20 10 13 32 38 27 43 49 8 53 8 17 45 27 22 55 52 26 25
20
4 13 41 20 42 45 36 57 9 55 5 46 49 33 9 31 36 35 56 31
20
48 35 55 32 39 58 45 22 16 1 25 55 19 6 43 0 21 15 17 37
20
20 39 17 5 2 56 21 47 14 19 45 30 45 41 34 6 9 59 60 28
20
33 14 30 14 18 1 59 51 51 12 23 48 52 12 49 23 44 7 37 7
20
6 38 20 58 28 12 21 6 53 12 16 6 54 40 42 40 23 52 32 3
20
32 45 11 15 59 18 30 25 43 31 19 25 48 13 43 5 10 47 11 26
20
39 20 42 3 6 9 10 50 5 13 47 32 32 36 58 57 21 56 14 29
20
58 39 18 10 7 49 18 42 36 4 55 30 40 4 59 52 10 19 50 17
20
28 28 2 50 31 35 6 52 43 34 60 51 54 24 26 12 42 6 11 57
20
34 2 10 0 44 28 57 27 8 39 52 11 52 19 0 3 25 24 20 5
20
39 56 14 52 27 6 7 48 45 5 49 52 36 8 1 15 28 51 5 8
20
44 44 39 55 13 35 17 35 49 38 40 29 36 18 34 60 8 6 10 22
20
41 54 52 52 60 38 59 46 38 25 0 8 39 54 14 50 13 28 20 34
20
20 57 14 20 56 2 54 18 12 13 33 3 16 41 44 10 8 56 31 14
20
0 47 47 30 59 54 27 4 39 33 29 29 21 32 3 19 11 32 8 5
20
1 47 33 46 17 12 51 36 7 8 13 32 13 50 7 32 51 60 37 11
20
9 7 42 19 10 15 31 39 2 34 12 48 54 58 1 5 10 42 46 58
20
45 30 53 47 28 39 28 50 46 43 48 47 50 33 9 41 60 41 27 48
20
6 57 34 2 18 3 19 16 54 12 45 6 11 50 18 5 7 59 20 11
20
48 29 0 19 5 23 4 47 59 48 31 41 58 19 11 6 7 13 4 60
20
16 26 58 25 28 14 25 32 52 28 21 46 10 6 2 35 21 16 54 58
20
15 18 19 52 5 5 22 4 55 43 4 50 18 4 31 4 38 10 37 29
20
58 16 34 59 20 6 14 11 34 26 15 39 8 6 37 41 44 41 22 4
20
33 37 52 55 4 34 26 10 2 1 44 42 34 49 41 22 39 21 59 58
20
22 30 39 45 1 1 7 7 31 12 4 36 37 36 56 59 36 9 31 55
20
29 19 39 58 16 33 19 56 38 12 26 55 48 55 17 13 54 48 0 28
20
60 18 26 52 9 42 23 35 18 52 55 9 33 23 57 40 41 21 40 30
20
21 27 13 32 56 24 4 6 48 48 11 49 41 21 21 43 48 6 50 11
20
40 57 40 22 9 58 51 26 29 17 58 7 35 45 56 48 45 7 36 11
20
5 4 30 53 24 54 22 44 49 0 22 13 33 49 26 39 52 43 29 20
20
21 31 43 53 43 15 44 48 12 3 24 3 56 0 53 2 32 24 20 8
20
35 32 30 50 13 21 1 7 21 19 13 46 23 21 29 45 5 12 24 5
20
0 16 47 59 9 39 26 46 18 15 58 10 51 8 53 29 12 22 2 57
20
54 38 42 49 58 4 13 50 54 7 32 32 31 35 20 39 51 10 41 23
20
31 30 5 25 29 38 42 53 7 39 38 45 20 17 5 41 42 36 33 6
20
20 5 39 5 48 40 21 37 6 26 50 58 56 26 25 5 59 31 5 22
20
2 24 44 34 41 15 31 31 46 14 57 26 56 58 27 42 31 16 38 46
20
44 59 25 26 4 28 9 59 20 38 27 37 3 19 2 17 24 10 55 50
20
25 25 15 3 13 7 32 3 16 12 20 54 48 0 27 56 28 22 29 8
20
6 23 17 50 27 27 53 49 26 3 29 22 44 27 55 47 47 35 46 46
20
3 29 10 36 33 25 51 58 0 29 13 42 47 45 7 15 9 26 38 32
20
35 27 39 25 26 15 0 16 58 46 1 27 47 60 10 27 15 14 42 45
20
46 59 34 14 46 45 31 20 14 58 14 47 34 45 51 27 21 38 15 33
20
6 59 24 22 59 26 30 50 42 20 2 6 4 16 54 43 50 0 39 55
20
13 45 52 41 25 29 58 28 25 37 55 44 46 14 26 17 27 40 52 59
20
32 3 13 45 13 5 25 16 2 13 10 10 37 32 26 15 54 52 52 7
20
14 23 59 43 34 1 12 23 60 59 20 8 54 37 10 13 16 57 32 25
20
5 24 32 29 36 36 46 31 43 27 40 8 27 2 11 10 1 11 41 60
20
39 16 44 3 10 51 24 36 55 46 2 50 37 21 51 5 42 48 19 49
20
46 43 24 18 29 21 10 44 38 4 30 51 42 8 26 11 33 46 49 26
20
45 34 14 38 17 41 6 25 38 52 11 0 11 3 55 18 34 0 36 11
20
0 14 16 53 24 25 39 43 54 34 52 15 47 46 55 57 12 58 16 59
20
20 29 15 28 24 47 60 57 1 6 52 59 53 18 15 36 20 28 43 51
20
7 31 31 36 11 32 56 28 15 15 15 19 0 1 20 30 52 56 23 14
20
14 15 47 36 48 55 54 46 6 27 43 6 36 31 32 34 12 38 36 23
20
26 18 20 59 10 46 25 39 35 8 8 30 57 34 2 7 21 10 57 3
20
6 16 36 58 36 14 22 50 17 28 23 10 26 37 19 16 16 9 38 46
20
20 25 27 15 12 12 56 4 37 4 22 51 43 36 28 17 2 50 48 56
20
49 53 36 12 18 16 29 21 11 9 40 3 27 29 33 58 4 6 1 21
20
35 23 33 43 16 25 19 6 40 5 1 35 35 14 1 54 38 34 59 10
20
27 57 36 8 2 52 0 38 21 37 59 1 51 44 48 8 30 37 57 60
20
2 43 22 36 31 1 54 9 21 50 14 50 13 20 7 30 35 55 22 56
20
24 5 52 59 31 37 40 26 13 33 22 19 36 22 58 25 59 1 4 20
20
59 49 43 4 47 6 47 43 36 58 6 30 13 25 36 15 36 21 2 34
20
59 45 39 12 57 49 33 10 7 56 51 54 0 54 33 22 45 55 19 19
20
49 17 15 57 23 26 58 24 21 28 25 8 4 50 37 51 52 4 31 52
20
25 29 32 15 38 28 22 58 48 25 51 60 47 4 53 47 9 54 31 51
20
55 45 37 20 36 36 27 36 2 5 51 58 21 44 34 34 41 43 25 28
20
57 10 48 1 27 28 56 50 4 18 58 15 50 26 17 49 11 51 37 3
20
40 51 53 6 25 44 35 9 10 55 8 54 41 0 25 36 13 47 46 42
20
58 47 57 57 7 39 37 57 25 43 20 50 53 9 19 30 60 39 57 9
20
56 6 24 28 53 14 56 26 1 43 24 1 20 14 49 47 32 4 42 4
20
42 14 8 42 43 5 31 52 3 21 16 24 31 40 45 46 32 34 51 8
20
10 21 16 48 6 59 54 46 46 21 44 42 57 17 48 18 23 27 49 50
20
9 54 12 51 39 1 2 29 35 26 42 16 56 41 9 49 34 21 1 18
20
55 4 9 1 36 40 9 23 55 51 5 30 20 56 38 0 21 11 4 33
20
28 9 56 42 9 49 3 6 28 16 13 18 29 2 32 7 48 28 32 48
20
43 16 24 5 32 19 12 21 58 38 36 58 10 24 2 7 59 9 45 33
20
1 44 40 20 14 0 41 3 39 47 2 36 12 12 36 58 10 13 60 15
20
0 5 9 41 44 2 23 27 58 31 13 41 44 8 12 51 25 48 13 56
20
38 12 28 9 53 18 4 6 20 31 43 51 33 58 13 3 60 32 2 29
20
20 19 8 51 26 26 11 23 33 48 33 34 19 46 20 56 49 11 51 10
20
45 43 22 33 15 52 11 7 21 0 47 42 36 15 50 16 6 12 22 19
20
3 35 29 36 45 19 29 50 35 59 47 2 40 34 3 43 24 29 38 1
20
44 48 10 49 35 0 56 40 13 34 9 44 15 14 56 2 59 19 39 2
20
4 22 20 20 12 27 59 27 19 4 51 20 58 58 22 44 43 6 16 40
20
43 27 44 48 4 8 29 39 18 10 9 14 42 39 0 10 11 41 50 42
20
18 51 0 60 47 8 14 54 7 49 3 48 24 31 8 59 2 46 15 18
20
35 58 46 34 21 1 16 43 13 50 41 2 53 18 49 24 5 33 24 37
20
41 19 21 37 57 37 38 36 0 45 4 16 5 49 16 8 33 38 33 14
20
31 27 2 45 7 38 11 25 40 30 59 19 16 45 13 17 15 6 9 41
20
43 26 57 59 38 54 23 50 52 31 25 18 11 13 10 40 17 59 52 51
20
48 25 53 15 0 33 21 3 13 19 6 33 57 31 60 38 5 8 59 56
20
3 20 49 53 58 7 33 13 2 7 33 49 59 40 55 1 9 53 23 8
20
41 28 39 53 37 17 12 44 53 49 50 37 59 5 19 11 8 59 34 45
20
41 3 23 40 20 57 51 30 44 2 21 52 35 35 41 31 0 36 55 57
20
38 22 28 24 53 32 2 13 11 1 42 21 13 6 13 47 46 13 37 31
20
51 38 51 58 53 40 27 35 52 57 42 0 7 8 9 0 39 55 56 33
20
58 32 9 50 32 6 23 32 4 46 29 3 4 13 56 54 19 49 15 15
20
2 11 51 20 8 50 12 10 26 10 35 21 11 35 0 57 59 4 15 18
20
12 33 59 12 40 9 8 42 58 7 20 13 39 57 21 22 57 37 42 3
20
24 26 19 47 29 58 10 4 47 36 6 45 20 0 39 29 25 43 4 40
20
40 40 9 10 19 21 20 3 17 10 32 5 50 54 36 55 44 25 5 40
20
1 34 38 46 1 19 14 59 41 46 1 18 17 9 14 53 58 59 49 45
20
21 48 18 11 5 55 57 52 33 19 32 19 13 8 46 36 25 13 2 24
20
33 18 47 10 12 50 56 34 57 27 56 7 19 57 35 49 52 48 18 51
20
49 14 38 13 8 46 32 54 26 11 56 59 17 27 38 21 36 1 13 17
20
40 28 54 43 4 54 53 36 45 15 50 7 13 56 55 18 19 44 35 32
20
28 45 21 33 26 23 57 2 18 23 46 3 20 12 44 4 26 52 22 44
20
20 59 58 34 20 13 49 36 16 41 51 23 45 46 35 13 24 8 43 13
20
35 2 53 35 21 30 4 3 29 2 24 5 44 34 53 30 7 16 34 15
20
16 35 46 40 35 28 41 15 8 4 8 24 34 10 54 8 23 8 46 12
20
49 38 21 22 35 32 40 59 7 58 32 31 53 34 32 10 57 47 35 17
20
29 41 13 16 58 33 46 19 39 53 24 3 7 12 45 0 47 12 52 49
20
54 7 51 58 11 42 54 54 23 3 46 22 26 33 60 43 1 44 8 4
20
16 10 48 47 35 49 52 19 38 42 46 13 42 54 56 13 11 54 11 8
20
3 2 59 45 37 1 33 52 42 32 19 13 38 58 48 41 58 44 12 23
20
56 10 31 44 4 60 45 18 13 52 30 44 55 54 55 23 15 50 30 13
20
23 11 43 56 41 31 14 27 60 12 50 44 7 27 42 58 15 8 7 30
20
59 16 41 0 0 57 9 3 58 42 57 9 2 53 9 45 52 32 44 59
20
11 22 43 60 25 55 21 16 57 15 12 41 35 18 54 58 11 22 50 55
20
60 52 7 59 39 3 35 15 49 34 24 51 38 46 41 39 45 56 50 21
20
18 41 10 19 32 17 29 9 54 51 46 7 31 45 2 45 45 26 36 15
20
18 3 34 9 5 33 27 29 17 30 20 28 22 3 47 31 25 1 50 45
20
43 42 1 31 5 22 12 2 19 36 7 13 35 16 40 4 45 20 9 39
20
36 36 45 15 46 15 12 15 35 22 2 7 33 44 39 3 29 16 47 24
20
26 8 30 26 14 52 23 8 53 29 25 12 54 28 48 45 17 33 4 8
20
26 12 48 47 8 43 42 55 11 9 26 59 18 9 18 39 15 47 0 43
20
3 53 50 23 48 28 22 27 35 8 26 42 53 51 8 0 21 50 35 47
20
51 13 32 10 56 49 8 50 6 9 60 30 1 43 45 59 40 44 26 27
20
38 49 18 25 20 26 59 44 33 56 49 25 15 27 57 42 1 30 53 25
20
55 29 11 32 38 52 1 31 48 28 30 58 15 31 1 51 37 3 59 18
20
12 25 23 41 27 25 6 9 35 28 56 10 31 27 30 59 0 9 8 38
20
59 31 56 50 11 43 25 24 52 47 29 31 48 51 16 60 48 6 17 47
20
60 51 16 18 53 18 57 10 39 47 18 59 16 17 47 5 11 52 44 0
20
51 13 5 48 23 35 33 15 4 0 7 36 6 32 23 20 52 18 51 8
20
43 55 25 45 13 41 3 38 4 60 49 49 28 22 32 33 41 4 6 43
20
11 23 41 29 23 34 44 43 41 35 15 1 21 24 9 59 21 46 49 1
20
34 22 0 20 29 37 55 15 6 36 20 18 25 52 27 10 37 28 31 51
20
13 38 30 54 12 48 16 41 0 44 12 45 53 5 35 22 23 46 14 41
20
28 19 20 33 29 47 49 55 29 11 42 54 0 12 31 50 58 38 43 44
20
8 7 57 26 13 41 44 12 10 32 50 16 46 11 54 41 53 26 60 26
20
46 25 52 44 51 48 23 54 30 17 53 59 19 54 34 30 57 58 19 54
20
46 38 55 9 23 19 25 7 18 43 8 17 1 39 49 30 21 21 24 57
20
52 22 49 5 35 0 28 5 57 57 32 35 57 4 40 3 5 27 5 27
20
41 16 42 36 27 6 55 24 26 18 22 12 1 2 27 17 60 54 41 28
20
32 37 9 46 59 37 56 37 16 30 19 46 25 14 25 43 53 39 44 7
20
5 41 42 31 32 7 12 8 54 5 8 33 0 48 4 29 60 23 11 9
20
32 3 35 23 8 53 49 39 1 41 55 14 5 38 35 6 52 36 60 6
20
37 5 12 38 52 35 56 33 55 9 16 36 49 16 60 23 16 28 13 8
20
50 49 31 11 32 1 32 38 30 30 8 1 8 48 8 45 45 44 19 10
20
12 15 58 28 3 28 44 25 8 46 6 0 28 32 17 0 16 15 22 46
20
38 9 41 17 22 55 23 3 25 34 48 15 58 27 8 45 4 30 60 4
20
26 4 54 26 43 8 17 52 38 29 41 17 3 39 22 13 33 27 23 23
20
10 1 35 57 29 20 55 49 32 59 15 31 17 41 58 1 35 1 3 58
20
57 34 51 37 37 20 9 30 42 11 56 38 5 22 57 43 49 56 58 53
20
27 2 28 24 39 13 37 44 32 17 22 4 57 22 21 17 35 4 35 30
20
39 15 9 45 37 19 43 55 1 21 28 3 22 24 8 26 24 3 28 4
20
56 32 20 48 5 9 6 36 12 30 42 19 57 8 23 45 5 28 52 21
20
45 18 17 59 18 43 0 13 25 42 37 48 23 39 46 20 31 47 30 3
20
43 27 5 12 42 21 27 26 32 58 1 7 55 60 45 34 50 59 12 43
20
53 39 41 43 57 32 23 11 34 20 17 58 20 26 32 32 42 41 30 39
20
4 45 8 19 9 11 54 58 26 46 35 58 24 51 6 38 60 59 46 31
20
25 49 22 48 18 6 25 33 49 54 2 35 22 14 56 58 41 46 56 11
20
11 52 45 24 58 23 42 53 39 43 44 6 23 6 11 33 1 48 20 2
20
55 33 40 19 44 3 42 14 39 36 27 38 18 28 30 39 43 25 36 23
20
25 32 37 47 10 15 7 27 7 50 39 31 41 41 45 4 18 33 46 35
20
8 18 33 41 34 10 54 6 37 12 57 23 47 60 55 19 30 23 34 1
20
49 18 16 21 35 19 27 3 10 53 25 7 27 14 11 15 0 10 42 4
20
54 45 46 22 29 7 60 55 37 3 23 0 17 27 17 36 11 37 32 46
20
5 38 48 55 41 31 9 38 11 55 36 16 11 16 56 0 51 50 11 22
20
22 10 35 30 45 33 31 30 26 24 37 9 6 23 29 14 43 4 31 42
20
57 35 11 50 2 28 16 34 38 27 0 34 57 7 47 6 20 13 52 59
20
51 54 56 38 34 11 6 54 0 26 38 21 48 58 17 23 33 36 0 11
20
56 28 28 42 25 3 35 18 27 58 13 48 6 44 44 40 32 28 17 59
20
47 54 22 60 45 21 43 21 54 11 28 3 5 55 56 29 38 3 41 40
20
13 25 40 19 37 1 53 35 52 51 33 27 57 59 34 9 19 52 59 18
20
3 53 58 58 49 13 52 53 48 10 32 39 59 8 21 47 49 33 58 37
20
25 12 29 25 33 21 48 23 38 31 52 50 55 13 16 52 53 22 59 54
20
18 26 37 32 60 19 15 17 18 7 51 59 35 35 54 44 46 57 0 58
20
15 30 46 57 47 21 0 21 40 55 58 58 33 33 38 41 41 47 59 16
20
46 53 37 41 6 52 33 23 27 45 20 47 6 25 7 25 50 50 45 36
20
11 13 7 42 49 49 56 46 7 26 32 26 7 25 32 57 23 58 49 26
20
29 18 50 36 17 30 45 41 40 16 47 51 19 36 38 1 20 39 13 1
20
9 60 44 48 24 2 2 54 32 1 53 37 42 11 27 15 43 26 22 50
20
35 29 13 48 16 33 4 25 18 55 38 34 11 4 59 36 9 33 40 1
20
8 7 21 56 13 40 59 29 38 5 2 4 59 2 54 52 54 52 35 30
20
36 33 11 36 38 26 12 49 33 6 48 30 48 31 43 5 46 41 0 13
20
36 55 45 6 26 41 50 9 51 0 42 54 17 58 18 36 28 5 50 10
20
38 6 38 58 2 53 32 53 30 16 36 15 22 21 55 42 0 18 6 32
20
51 1 20 26 12 31 31 54 47 0 28 1 43 46 50 57 38 60 55 38
20
29 25 26 43 53 57 52 48 11 52 2 7 19 2 32 51 9 8 22 37
20
44 58 14 45 56 20 60 15 5 1 37 52 4 38 57 58 39 48 34 21
20
52 57 31 14 8 37 27 9 2 32 44 10 27 7 7 41 19 58 25 11
20
47 40 58 51 46 60 23 9 2 1 25 27 34 20 55 59 45 29 11 46
20
55 40 53 10 34 9 1 33 25 1 5 0 13 36 54 43 60 55 40 10
20
36 11 25 30 4 29 30 7 11 26 28 29 15 4 36 26 41 37 54 40
20
7 32 10 1 14 3 7 32 55 5 35 27 46 10 49 46 19 38 9 2
20
2 34 58 13 58 41 49 41 26 10 7 58 48 38 39 44 7 18 39 53
20
54 19 9 42 48 49 40 22 54 5 59 4 9 42 25 25 0 28 15 33
20
1 24 1 4 54 15 42 42 20 57 58 27 57 9 25 50 20 5 20 28
20
26 27 33 57 25 54 9 2 35 22 54 30 4 7 48 11 20 58 41 6
20
38 45 40 43 0 14 31 27 59 59 16 44 22 14 46 53 23 38 59 30
20
19 44 38 6 55 40 12 35 44 28 50 6 29 30 49 58 35 38 32 15
20
38 27 19 29 56 28 51 0 40 30 15 19 38 15 53 11 2 25 7 46
20
12 5 26 13 11 24 56 21 9 5 21 7 35 9 47 38 29 12 49 30
20
3 30 29 10 43 52 55 12 16 36 2 13 33 11 26 27 30 6 8 6
20
32 9 46 35 59 10 45 17 58 23 12 7 19 17 55 19 1 58 31 42
20
4 0 7 44 8 60 20 6 59 40 34 8 58 22 14 48 42 49 31 30
20
33 46 30 60 19 40 11 8 44 15 55 25 15 45 13 35 24 25 20 53
20
10 17 53 56 55 15 53 56 27 50 45 29 59 53 58 18 15 12 38 49
20
24 45 3 4 9 16 57 26 29 36 47 59 48 34 53 52 39 45 23 22
20
53 33 60 57 49 24 26 7 48 27 22 22 41 40 39 14 60 14 6 1
20
39 15 50 34 57 14 59 51 51 2 28 50 59 2 26 44 14 45 32 36
20
28 54 23 21 48 54 31 42 44 29 0 58 52 48 0 52 19 58 20 30
20
8 4 57 19 5 35 28 40 22 25 1 46 56 3 7 14 24 20 10 43
20
26 12 56 51 4 29 24 12 1 41 50 10 49 18 36 36 11 30 13 60
20
13 29 47 23 12 44 46 49 36 29 19 42 15 54 50 42 41 41 58 32
20
50 49 34 48 47 2 50 23 19 56 18 48 9 53 14 5 57 41 19 37
20
22 25 24 53 22 53 50 1 27 57 33 47 49 16 41 26 55 31 59 54
20
28 48 35 17 37 28 53 28 58 47 55 16 57 57 19 8 17 46 24 54
20
52 8 16 44 44 47 46 49 59 28 53 60 25 29 47 30 45 41 34 31
20
56 25 19 58 26 17 51 27 15 2 33 47 2 31 45 13 19 15 47 14
20
28 28 12 49 51 31 32 1 18 29 10 54 23 55 24 51 48 18 59 16
20
2 46 50 21 34 21 16 20 3 54 46 53 33 42 39 3 19 43 7 40
20
29 26 56 49 25 1 10 4 29 15 1 26 53 11 12 38 0 59 52 0
20
6 4 9 54 31 40 37 27 12 50 59 14 12 22 30 32 44 35 53 29
20
49 10 18 46 14 15 31 26 49 2 29 23 1 37 32 26 56 38 1 57
20
55 13 34 43 24 54 7 45 45 49 59 39 22 25 27 6 22 6 35 42
20
3 28 20 18 4 9 3 10 40 27 25 26 23 48 17 38 22 49 24 8
20
24 49 28 30 17 16 28 29 58 46 17 60 46 31 8 0 18 59 12 0
20
3 0 49 22 56 30 10 35 57 25 21 1 52 30 25 54 31 49 33 2
20
46 17 0 50 30 19 20 28 44 46 60 0 30 46 5 19 12 41 38 36
20
12 7 44 8 28 51 16 32 28 24 18 59 56 0 60 2 9 18 28 6
20
5 47 20 24 15 57 21 17 44 15 38 55 40 41 2 18 9 7 49 53
20
47 56 42 24 50 25 53 42 56 35 29 25 52 27 11 4 60 52 12 10
20
39 1 33 34 0 22 57 8 31 15 25 47 27 17 2 42 32 7 41 1
20
50 35 4 48 6 9 27 20 4 46 36 34 51 60 34 40 35 38 5 20
20
49 34 24 21 26 28 30 16 9 19 44 54 36 55 0 50 21 53 55 54
20
19 42 20 52 21 45 59 57 43 6 0 29 12 3 31 43 38 12 48 29
20
42 18 8 19 42 23 45 35 38 23 56 41 53 57 19 3 42 17 30 49
20
26 23 3 1 29 10 2 36 43 26 3 27 52 44 58 43 45 17 18 11
20
16 21 1 5 58 53 30 42 17 52 15 57 26 4 41 46 27 36 39 29
20
48 43 21 43 8 34 50 60 6 7 59 30 0 39 49 4 38 36 37 13
20
19 31 56 42 45 34 48 51 22 33 26 30 44 14 14 3 13 13 39 3
20
28 15 29 43 22 18 49 44 41 43 31 29 34 29 5 22 40 30 51 0
20
47 43 52 17 38 31 20 26 18 57 16 28 59 6 52 41 4 60 38 37
20
60 47 54 59 39 34 6 7 14 28 2 53 35 39 4 59 54 36 59 39
20
12 15 57 12 36 19 8 26 18 8 18 50 31 35 48 17 28 33 50 5
20
59 26 20 59 35 43 26 56 55 11 30 6 22 11 53 32 16 23 9 59
20
47 3 10 19 56 32 23 53 20 12 36 32 1 59 58 34 55 48 15 43
20
11 33 35 39 22 39 47 55 45 5 12 21 51 19 0 28 32 47 31 14
20
22 39 7 24 16 19 31 3 33 50 21 31 20 15 6 34 51 52 7 19
20
10 44 35 12 38 43 60 9 50 25 8 9 14 35 17 1 38 28 10 49
20
30 45 32 15 16 8 14 25 32 25 7 57 21 58 41 18 50 48 60 44
20
24 44 44 19 3 9 6 6 2 4 3 18 48 22 59 2 54 4 40 18
20
30 45 27 56 3 41 13 15 46 41 45 50 12 13 54 39 4 27 23 18
20
10 50 41 51 43 32 9 18 15 6 12 31 13 32 58 23 57 19 21 29
20
11 35 24 13 5 43 39 42 4 60 60 31 9 35 39 35 22 37 0 29
20
35 27 32 4 46 13 50 20 25 41 32 4 8 35 54 28 58 31 19 37
20
15 12 33 0 50 56 26 46 36 0 57 56 55 18 32 31 26 27 23 14
20
31 35 18 5 40 48 30 30 12 25 7 12 24 28 30 53 32 39 12 49
20
54 56 4 31 41 25 41 24 2 53 28 17 21 5 37 39 5 57 23 38
20
18 46 31 28 10 46 22 53 3 43 58 55 45 43 18 2 0 50 14 50
20
8 3 33 31 49 35 24 52 24 25 5 43 36 55 51 3 20 14 54 15
20
4 41 14 58 56 48 41 3 39 45 23 35 28 50 28 39 56 24 33 36
20
59 5 51 42 34 29 0 52 43 10 48 24 36 50 24 22 49 55 27 49
20
16 4 20 30 20 14 25 29 6 13 52 38 52 56 47 10 46 10 37 11
20
53 26 56 3 21 27 36 59 52 2 8 24 46 22 41 12 1 58 0 18
20
17 46 9 18 40 54 0 34 18 26 46 39 39 42 1 34 27 38 10 1
20
26 15 27 38 56 39 52 15 14 7 41 42 24 28 20 17 53 33 54 2
20
59 16 41 33 17 59 49 31 56 56 26 55 56 13 12 21 6 3 30 32
20
33 60 4 3 43 51 19 0 56 10 15 41 16 53 25 24 44 42 19 21
20
48 19 43 45 14 24 54 39 15 38 45 36 17 21 32 3 0 23 6 10
20
15 13 50 37 8 42 48 6 19 27 16 11 34 37 55 29 17 39 11 31
20
42 41 26 42 55 31 60 8 59 18 50 25 55 20 36 9 42 42 17 14
20
15 9 29 58 45 38 19 40 36 21 18 50 2 53 3 49 28 28 32 27
20
22 54 55 12 5 24 37 31 18 30 37 34 11 37 25 22 34 36 18 47
20
39 37 6 3 52 40 36 12 30 42 26 22 34 29 7 32 38 13 44 5
20
55 58 38 14 47 58 37 51 39 36 54 57 18 23 38 12 18 48 51 40
20
33 6 23 14 55 0 38 42 55 49 22 58 53 20 17 53 44 12 39 16
20
35 2 20 18 5 28 24 26 6 48 16 20 27 43 4 20 18 29 0 0
20
40 6 25 46 51 42 32 21 53 28 0 30 60 2 0 11 34 48 30 25
20
29 0 12 40 39 48 10 16 23 35 17 20 35 18 3 3 58 13 18 16
20
58 50 60 41 35 45 10 37 17 58 7 46 38 16 25 59 18 2 35 42
20
2 55 7 9 15 39 39 8 45 4 38 4 0 35 6 32 41 18 9 8
20
16 25 12 59 33 23 31 11 10 20 21 26 41 55 37 17 4 6 18 28
20
35 20 29 44 46 57 34 33 8 33 38 19 37 4 38 58 31 47 10 10
20
56 41 55 27 59 27 48 21 56 29 52 31 40 19 41 1 38 29 8 53
20
31 14 19 47 49 32 1 4 47 9 22 3 8 4 29 29 19 41 44 8
20
4 26 11 22 29 24 39 19 17 20 13 24 33 46 39 14 23 30 59 41
20
11 11 39 24 46 50 47 31 10 38 50 33 54 50 37 4 8 27 54 11
20
28 44 51 39 14 1 10 29 56 50 36 26 30 7 31 50 58 30 43 48
20
24 10 7 58 56 49 10 50 1 54 7 50 23 45 15 32 27 45 5 46
20
53 49 27 12 5 56 23 35 29 54 17 29 57 26 59 9 31 17 35 50
20
16 20 7 4 22 34 3 19 41 29 15 53 14 37 9 31 7 56 51 30
20
29 52 8 49 53 60 51 22 16 22 20 28 10 14 24 2 20 5 3 46
20
8 15 12 60 33 54 5 57 40 26 58 21 13 29 16 16 18 5 18 9
20
9 22 47 48 44 50 43 26 13 51 45 60 39 27 17 10 35 27 16 34
20
4 10 29 42 9 17 42 58 1 31 51 19 60 35 34 4 48 32 32 18
20
35 30 22 17 14 18 23 54 34 40 41 8 56 35 39 30 55 37 52 19
20
26 54 34 35 22 17 11 39 30 60 0 47 41 48 25 10 42 43 12 24
20
42 22 0 33 7 22 53 6 36 36 19 2 57 12 1 44 12 52 17 33
20
18 46 40 26 26 10 42 47 21 31 29 0 28 43 33 24 3 45 35 9
20
23 14 41 34 45 40 22 58 33 39 30 42 24 7 3 38 8 7 58 58
20
1 59 47 58 17 10 8 34 3 25 54 17 4 42 22 38 25 9 30 24
20
28 57 25 58 46 45 58 48 31 54 60 16 33 25 43 20 58 3 37 50
20
60 37 29 32 22 5 13 40 37 38 3 8 8 43 14 44 53 46 45 33
20
26 18 2 58 25 0 34 5 32 40 27 52 39 51 20 11 0 28 25 22
20
50 22 16 22 24 39 32 52 50 57 51 21 25 44 58 36 44 44 56 20
20
20 1 25 50 33 40 57 9 30 12 34 24 23 60 36 5 51 18 33 3
20
59 50 39 18 8 0 53 47 52 3 29 48 11 47 10 60 15 34 14 26
20
24 52 2 0 51 7 43 51 23 60 57 18 35 1 44 0 8 53 50 55
20
6 36 44 1 17 22 28 16 11 52 53 47 26 0 33 50 57 60 45 35
20
29 15 21 2 15 53 7 37 27 57 28 11 25 37 13 55 24 59 32 57
20
44 17 56 15 60 49 29 3 9 21 36 57 40 58 5 42 6 28 24 26
20
6 59 19 5 55 23 57 11 40 17 0 39 23 56 37 17 13 15 33 18
20
2 2 30 58 3 18 44 21 13 41 50 16 26 15 17 43 36 44 23 60
20
60 9 16 10 19 18 21 56 0 28 49 3 49 21 19 0 22 39 60 8
20
34 6 21 43 4 23 40 37 47 13 48 23 27 6 17 54 52 36 48 42
20
20 5 21 15 47 6 47 32 39 32 28 0 24 41 6 28 31 29 6 27
20
6 37 50 3 56 18 14 29 44 17 14 58 8 51 43 59 34 42 42 58
20
21 47 37 2 8 12 11 40 6 14 8 46 43 28 36 14 22 56 27 53
20
42 55 29 17 58 29 15 14 26 30 28 54 8 16 4 36 38 56 0 39
20
60 10 49 37 26 31 4 53 55 4 26 60 25 60 30 6 36 41 48 23
20
45 24 16 25 48 29 25 14 0 0 55 6 15 45 30 4 41 7 9 19
20
48 48 16 17 41 24 6 17 20 32 34 3 47 48 50 50 34 22 5 35
20
38 27 58 24 14 11 9 33 55 33 19 4 19 11 19 31 11 8 47 58
20
23 22 43 17 47 22 1 45 42 25 23 35 5 57 0 26 20 14 45 14
20
38 50 54 53 39 25 38 20 23 3 26 36 8 8 56 31 39 17 35 14
20
40 47 33 16 60 22 3 30 23 15 57 4 57 52 0 26 36 18 37 12
20
36 49 48 51 31 25 26 27 49 0 33 31 35 2 21 58 29 53 12 30
20
57 30 2 21 25 5 53 2 28 32 46 19 52 26 55 49 10 45 27 1
20
23 25 0 47 4 8 45 35 18 46 8 2 29 2 60 22 44 24 33 12
20
9 11 9 26 29 14 9 54 46 25 58 29 33 14 0 12 22 40 25 8
20
19 31 35 33 59 43 21 21 22 54 15 47 48 27 41 17 10 20 10 49
20
13 50 51 3 44 37 30 42 24 38 19 36 24 40 44 60 44 26 8 49
20
22 25 35 2 58 45 34 27 46 20 14 36 40 16 54 18 8 34 22 32
20
11 6 59 15 2 35 29 49 10 30 36 2 59 16 30 9 49 27 13 28
20
30 16 32 23 21 22 18 26 51 4 24 33 46 22 24 47 25 17 32 24
20
41 15 27 19 39 42 60 56 26 30 22 52 38 8 53 58 53 60 45 6
20
16 18 50 4 37 18 13 1 5 20 47 12 18 42 33 11 7 20 18 40
20
19 8 2 0 50 27 44 47 51 19 31 57 46 24 27 13 49 52 3 25
20
38 36 53 32 48 9 55 27 42 37 8 7 14 18 40 31 6 47 23 29
20
8 55 49 15 13 1 25 2 53 31 14 19 43 13 47 36 20 42 10 50
20
30 22 23 37 4 28 18 56 47 44 13 50 6 35 50 7 38 57 55 40
20
37 50 37 10 34 37 53 37 13 47 36 18 37 39 7 9 6 11 14 52
20
6 2 57 4 25 21 50 28 6 18 38 39 52 14 32 31 0 15 34 33
20
4 39 19 44 36 52 39 37 41 41 4 43 23 42 8 9 19 48 12 21
20
7 7 52 21 23 44 1 46 39 49 58 34 23 38 36 41 30 10 41 59
20
24 18 56 19 13 51 49 50 10 40 41 36 39 41 56 4 48 38 34 43
20
27 6 14 58 26 57 10 40 0 43 43 18 39 45 34 16 13 43 44 15
20
28 25 15 12 39 34 54 38 27 33 13 51 18 42 38 39 22 23 23 58
20
10 53 18 20 57 6 49 14 6 14 35 36 51 2 14 11 47 46 46 29
20
39 18 0 53 25 6 23 7 34 52 12 18 20 26 9 49 12 42 6 9
20
13 37 58 35 18 19 36 26 19 22 48 8 59 0 8 31 7 47 15 60
20
52 20 15 16 19 22 60 43 36 24 42 33 39 2 34 20 53 14 20 7
20
1 51 33 1 46 57 25 43 55 23 38 58 17 40 26 29 60 57 23 45
20
27 38 18 28 60 9 57 58 53 31 17 18 9 54 37 44 4 1 34 36
20
26 33 15 47 10 45 20 43 52 51 2 49 17 43 3 9 34 4 22 22
20
28 9 9 52 19 29 46 48 51 24 18 41 9 28 42 35 24 27 35 47
20
7 12 16 32 29 24 58 55 44 39 55 13 3 60 29 42 53 49 53 17
20
48 18 42 57 60 4 26 57 44 40 14 21 7 59 9 23 60 55 35 15
20
50 30 45 39 19 6 2 19 44 39 2 34 37 60 21 18 60 48 10 6
20
41 54 40 4 34 47 40 31 5 17 45 38 12 59 58 44 6 24 9 29
20
30 51 48 59 10 42 8 37 36 38 3 38 53 39 2 25 53 31 44 59
20
53 54 4 2 0 57 7 20 43 44 49 0 39 9 48 21 53 54 37 43
20
26 44 55 35 56 49 30 40 51 38 9 33 7 7 25 30 18 13 9 28
20
22 50 38 26 11 55 37 8 29 12 45 27 33 21 7 9 29 26 54 32
20
42 44 37 36 7 55 20 14 52 38 57 51 33 56 44 8 14 8 7 53
20
20 50 53 19 1 50 54 30 22 15 40 4 44 53 11 42 37 29 51 13
20
8 21 51 21 9 23 47 29 45 7 51 14 35 12 44 3 5 9 48 43
20
5 52 15 39 32 11 6 59 24 50 37 23 42 54 20 48 36 51 14 47
20
11 40 50 2 50 59 53 15 7 39 46 54 20 57 51 9 32 28 18 30
20
11 41 56 60 32 34 39 43 14 54 45 3 44 16 49 25 13 19 17 2
20
23 26 3 21 13 19 3 51 35 31 47 32 36 20 53 11 0 54 41 58
20
46 52 18 48 4 42 50 4 19 25 5 51 16 59 26 48 55 47 22 21
20
21 43 32 60 51 28 45 41 34 31 14 37 40 19 51 25 7 48 14 14
20
52 23 4 14 58 50 3 43 31 55 23 46 13 16 29 21 26 7 48 3
20
50 42 1 2 40 33 29 26 32 9 50 10 41 5 31 46 11 5 59 27
20
22 18 21 20 17 55 59 22 2 2 11 13 34 18 51 37 32 26 28 34
20
12 2 8 41 21 44 40 6 42 19 32 44 49 41 4 11 27 43 10 60
20
17 11 3 29 27 17 47 49 4 4 1 36 40 38 58 24 33 56 34 25
20
14 38 22 48 37 3 33 3 39 21 28 45 19 44 23 59 14 34 56 58
20
5 30 34 24 53 26 52 15 42 33 35 39 44 28 36 32 21 50 24 4
20
8 21 37 40 41 32 51 3 1 1 31 20 28 20 29 13 30 26 46 37
20
1 13 33 9 10 13 18 0 4 39 34 41 33 14 44 11 52 26 60 26
20
5 37 7 56 55 50 56 44 41 19 45 39 12 36 8 19 51 18 26 12
20
1 35 22 37 42 51 38 6 18 51 3 34 22 5 20 11 58 38 17 37
20
38 26 28 9 29 41 22 36 0 19 37 52 53 22 55 58 57 26 51 58
20
12 0 32 9 51 13 25 1 45 53 6 26 57 22 43 54 23 40 57 15
20
0 1 18 22 10 9 47 34 43 50 3 38 39 57 12 3 58 9 39 6
20
14 31 46 0 31 48 27 59 35 1 29 7 18 12 59 15 33 18 5 44
20
51 20 31 7 28 53 33 17 2 50 15 20 33 44 43 1 42 40 11 60
20
46 2 36 2 29 47 46 9 5 60 28 60 57 16 30 53 44 33 2 48
20
8 58 24 30 45 46 0 40 36 1 9 49 41 30 23 7 34 49 9 39
20
40 15 50 35 50 9 16 46 32 38 19 0 5 43 58 36 28 24 30 40
20
27 37 53 43 0 18 53 36 45 5 19 3 57 13 15 33 14 35 40 39
20
21 11 59 20 3 42 25 48 38 22 53 57 45 36 12 43 58 1 47 2
20
51 40 34 57 59 39 14 52 8 9 8 53 1 22 33 18 34 36 24 17
20
55 41 40 41 18 35 24 47 59 49 15 45 28 44 16 54 11 14 23 44
20
11 57 14 7 45 24 26 42 18 0 16 39 6 0 30 14 55 7 43 55
20
55 23 5 44 34 22 15 43 25 55 18 30 47 12 43 58 11 34 33 26
20
50 52 46 10 49 24 1 60 52 1 45 10 46 0 12 2 37 14 51 46
20
13 24 53 21 16 13 42 8 57 42 37 45 41 25 23 12 56 10 18 2
20
55 31 44 34 47 2 20 47 29 24 35 26 3 21 11 25 5 2 5 48
20
59 35 9 48 3 47 25 39 28 59 46 17 31 1 20 57 40 31 39 25
20
39 40 59 51 2 7 17 38 43 15 43 20 37 16 30 8 15 7 18 25
20
55 45 47 42 28 24 16 39 19 27 8 41 20 34 44 2 20 42 15 18
20
14 48 55 57 1 23 49 22 25 59 60 42 34 6 6 14 3 51 22 51
20
43 22 30 43 45 52 9 12 50 36 1 22 48 50 27 19 36 24 19 28
20
22 48 56 32 22 2 5 45 2 45 2 50 49 52 8 22 57 49 12 16
20
8 52 15 57 42 30 14 24 40 45 13 47 52 27 32 27 11 44 50 54
20
4 43 60 56 59 26 0 50 4 22 7 7 34 50 25 59 8 24 12 14
20
27 30 29 11 30 37 38 42 2 9 58 60 17 6 46 54 39 39 49 50
20
46 20 27 7 9 38 28 15 33 46 41 42 38 18 55 21 15 11 38 31
20
39 55 49 2 46 34 1 25 6 3 12 41 39 6 30 2 53 6 7 31
20
26 59 40 13 12 11 11 30 29 52 35 18 26 26 7 37 7 41 26 57
20
57 18 30 34 36 44 23 49 40 22 4 11 60 18 43 21 58 41 15 27
20
29 47 57 6 48 2 32 49 17 30 24 51 30 32 5 10 50 5 24 33
20
46 16 22 10 15 51 45 28 57 58 8 0 6 45 50 56 29 9 20 33
20
53 29 36 16 26 28 32 37 33 40 20 36 60 23 14 25 50 8 58 17
20
38 6 19 6 51 14 33 17 27 7 59 6 58 38 36 0 0 30 7 25
20
16 52 37 5 3 53 40 48 1 23 23 56 35 18 32 2 16 54 3 20
20
58 47 49 10 15 39 32 49 8 60 47 24 47 33 53 39 36 50 31 55
20
48 46 19 14 15 34 43 57 47 42 47 60 10 51 41 13 33 12 12 4
20
0 41 33 11 46 44 43 17 48 2 0 54 16 38 24 14 51 10 57 3
20
42 23 18 44 2 48 41 28 27 47 55 52 15 60 45 9 11 6 35 11
20
41 59 58 24 40 40 27 26 46 45 44 51 4 55 54 36 57 39 10 12
20
57 15 36 11 9 18 6 45 4 19 27 6 52 6 58 25 3 40 20 43
20
45 60 34 40 45 34 56 50 14 49 25 15 29 12 17 8 31 25 5 1
20
50 54 57 11 3 23 37 27 37 5 20 57 10 24 20 0 12 15 9 17
20
42 3 44 34 21 43 45 28 42 53 58 51 32 36 12 55 40 21 10 52
20
19 27 11 22 27 39 34 49 8 37 59 51 5 13 51 56 51 0 37 24
20
42 37 16 30 19 23 31 10 16 34 22 7 1 37 3 3 34 55 35 10
20
52 35 37 20 27 45 30 51 6 57 12 26 20 57 2 33 25 15 33 24
20
31 29 7 52 14 35 21 50 32 60 24 42 37 2 9 29 51 21 42 0
20
45 60 1 23 2 7 42 45 23 35 10 27 42 27 41 47 26 55 16 51
20
58 33 17 41 54 1 19 41 22 32 7 1 19 54 13 59 59 4 11 8
20
3 27 1 58 7 28 53 2 46 59 44 18 24 50 51 38 35 37 42 15
20
50 56 54 15 22 50 38 43 31 25 39 59 2 56 6 5 17 3 20 35
20
18 26 47 3 13 18 5 55 32 46 13 11 45 48 0 28 41 48 3 22
20
2 4 13 42 51 26 25 10 18 5 39 28 23 55 37 7 22 59 2 45
20
13 8 56 4 11 45 2 53 47 42 42 51 16 13 55 0 19 20 26 38
20
19 15 1 24 19 54 47 34 32 4 59 1 10 17 25 25 9 15 43 44
20
2 50 58 56 45 41 53 47 19 27 35 18 44 7 28 48 23 11 14 6
20
24 24 55 35 22 32 50 34 18 56 42 60 49 28 7 39 15 22 11 42
20
15 41 49 17 29 38 38 47 4 49 39 52 1 29 44 16 17 12 46 12
20
24 10 12 38 9 23 36 13 3 54 18 53 35 49 42 11 3 18 1 52
20
55 57 7 51 34 39 8 18 0 48 22 21 29 49 59 44 32 7 45 8
20
45 15 39 60 11 4 26 41 11 21 51 37 11 17 15 7 54 3 43 57
20
25 40 10 4 32 19 32 20 48 24 11 34 29 37 35 12 25 8 19 33
20
5 17 16 30 55 56 4 14 13 40 0 5 32 28 5 14 58 12 45 39
20
15 11 14 25 30 31 59 52 25 4 41 17 34 54 8 5 32 34 1 35
20
27 29 11 0 3 53 14 41 25 28 0 3 40 11 4 6 13 41 42 31
20
43 9 45 6 47 25 39 19 50 46 41 30 19 6 47 26 4 20 2 47
20
33 14 24 27 36 37 8 12 60 25 46 38 34 5 43 34 19 58 12 42
20
11 56 4 4 31 50 59 39 18 37 38 59 16 56 34 25 21 32 42 25
20
40 44 10 43 19 12 51 39 27 32 36 14 21 53 43 14 46 22 1 0
20
33 14 58 45 23 59 59 15 9 60 11 60 37 56 1 38 3 34 22 7
20
43 6 8 0 60 20 9 13 10 19 15 15 51 5 58 60 12 1 38 30
20
13 43 36 54 8 45 37 49 49 26 22 24 53 50 57 38 17 48 60 25
20
15 6 51 37 41 47 45 11 40 4 50 30 1 54 1 7 7 33 45 29
20
33 50 7 56 23 53 58 46 6 10 17 32 5 18 58 19 37 59 33 46
20
24 25 18 8 55 30 35 44 35 57 21 18 6 3 25 35 44 56 28 42
20
43 38 39 55 33 60 33 22 54 43 26 60 45 19 7 10 46 15 48 51
20
16 46 47 51 37 45 53 54 45 12 18 6 57 54 28 30 23 57 59 51
20
59 0 24 12 33 47 59 51 54 20 31 38 17 11 46 32 35 58 8 7
20
2 21 0 29 3 33 11 21 24 18 57 13 22 15 6 54 36 12 23 43
20
17 13 20 15 15 57 49 46 13 26 27 5 25 27 56 48 33 7 30 55
20
36 6 6 35 52 23 26 16 59 25 32 32 35 54 12 8 38 26 18 37
20
2 9 1 22 53 1 20 24 47 36 15 51 8 15 58 42 7 47 31 37
20
16 19 47 10 19 4 51 52 45 18 37 7 41 47 14 39 2 43 54 0
20
19 51 3 28 39 12 32 51 3 45 16 36 33 15 9 46 36 44 21 27
20
42 27 1 26 51 39 27 60 22 15 42 43 28 1 42 31 54 25 1 15
20
45 17 5 25 58 28 55 54 33 39 5 23 40 5 30 7 26 25 54 21
20
29 47 44 60 31 3 23 0 26 59 25 25 33 23 46 43 21 13 45 45
20
31 27 37 54 40 14 2 26 34 23 56 59 57 19 55 31 29 13 31 7
20
1 4 17 7 7 43 19 54 27 49 48 23 21 14 33 19 1 31 29 7
20
14 13 24 51 2 46 50 8 8 23 38 17 5 4 59 3 57 19 8 17
20
54 42 27 4 10 11 58 7 41 32 15 35 6 40 50 55 8 14 55 24
20
40 20 23 21 33 49 59 26 26 38 11 4 8 23 58 55 19 3 31 7
20
23 57 47 31 56 0 17 53 4 21 54 10 41 46 40 5 22 27 58 40
20
36 17 14 50 12 50 21 5 0 23 17 16 23 56 28 53 4 0 29 0
20
12 6 32 3 22 34 52 56 39 55 32 52 33 17 18 29 43 16 42 39
20
15 34 4 25 13 0 41 17 11 50 33 12 37 34 24 57 9 60 49 52
20
55 14 10 24 32 3 51 17 56 51 1 37 16 9 25 1 53 15 16 21
20
31 32 16 12 23 59 58 13 24 51 7 35 12 10 34 41 35 51 22 60
20
0 7 53 12 57 12 18 2 5 12 7 9 44 18 40 21 18 57 47 48
20
32 52 56 20 11 56 58 32 52 37 26 41 18 9 20 11 19 50 32 28
20
41 39 56 43 4 6 12 37 57 31 11 30 20 58 33 56 12 57 60 36
20
33 13 5 23 53 17 25 29 39 50 59 12 43 15 49 32 30 52 9 22
20
28 42 20 14 18 11 41 15 59 25 1 43 45 22 0 52 33 45 49 52
20
20 60 50 27 39 5 5 44 33 12 7 26 57 52 39 55 6 53 24 8
20
44 9 38 29 16 36 28 7 29 57 57 8 47 57 45 55 47 53 46 22
20
36 28 43 37 38 30 44 47 59 54 49 6 32 29 19 9 12 37 21 19
20
56 11 1 29 45 23 11 46 14 22 57 31 5 27 8 18 35 43 56 10
20
52 38 35 41 52 47 36 3 24 48 37 24 4 8 21 52 10 15 24 15
20
46 19 19 39 7 53 33 32 35 37 10 22 3 15 23 51 14 41 4 24
20
54 60 58 0 16 37 20 11 28 51 14 53 49 17 11 16 52 19 46 15
20
59 60 42 0 30 4 14 32 56 30 47 9 44 12 47 8 33 53 40 5
20
45 34 58 26 35 36 43 48 50 40 59 55 21 55 3 37 0 60 0 21
20
15 5 45 13 30 30 47 42 27 14 44 31 41 21 42 38 0 22 30 0
20
14 49 21 50 9 19 42 32 5 11 33 43 2 60 23 33 33 11 59 13
20
58 17 35 19 42 47 0 24 2 16 2 30 39 20 15 26 37 18 39 42
20
26 56 16 43 20 41 27 28 3 17 40 48 50 6 40 11 16 46 58 24
20
53 28 35 34 45 19 42 24 18 51 60 35 52 24 54 2 33 56 39 54
20
32 6 11 60 8 26 4 49 15 30 14 44 30 59 6 45 21 24 27 43
20
6 6 27 18 46 27 39 58 56 2 10 28 56 11 6 36 4 48 11 12
20
33 58 12 5 24 22 55 48 55 21 27 5 17 14 29 36 11 49 32 18
20
54 54 7 18 30 57 11 17 51 9 2 37 0 53 15 14 5 8 27 36
20
44 60 1 2 7 14 22 14 55 3 30 29 53 33 11 2 6 1 13 27
20
36 38 27 28 51 21 12 16 24 2 25 54 4 9 31 10 17 1 20 49
20
37 8 1 52 45 3 24 30 23 23 60 2 50 10 22 1 34 43 13 50
20
58 25 44 20 17 3 30 34 31 3 57 55 15 33 12 10 17 4 21 13
20
40 3 14 40 22 55 27 26 44 1 50 54 11 20 39 40 10 43 17 19
20
54 0 21 50 0 51 35 42 47 7 45 4 52 55 50 0 9 59 24 21
20
30 35 57 60 13 53 3 55 15 3 7 19 31 32 4 34 11 5 8 52
20
3 4 34 11 21 2 49 17 27 50 59 9 27 43 14 5 40 37 0 41
20
8 46 16 40 49 6 4 16 48 52 13 26 1 55 17 26 26 52 58 40
20
56 27 11 16 41 56 35 54 24 26 12 60 48 3 15 4 50 19 53 34
20
48 58 1 58 5 24 52 32 45 55 0 35 46 9 52 42 13 1 14 28
20
58 45 33 40 20 24 42 51 3 0 59 11 38 21 0 58 13 44 3 33
20
34 58 26 11 50 59 34 60 24 40 35 42 57 12 24 47 33 56 54 5
20
57 58 35 38 50 56 42 42 37 48 44 49 15 47 3 24 10 9 48 17
20
29 54 0 4 35 8 22 55 50 58 1 48 33 35 5 37 50 20 49 26
20
24 45 29 44 0 39 20 5 43 41 28 44 2 52 7 14 2 3 11 16
20
1 19 30 19 35 29 37 39 18 3 35 23 11 50 16 10 49 38 2 36
20
45 33 17 46 39 41 60 6 36 51 26 13 24 60 11 19 24 50 16 1
20
19 30 43 8 18 58 52 9 49 42 59 23 27 44 33 28 45 40 44 57
20
23 5 33 8 52 13 60 13 18 12 6 30 49 8 51 42 29 6 27 32
20
27 53 16 47 25 3 58 46 9 23 9 24 60 41 59 32 59 44 48 52
20
8 49 41 45 46 0 50 54 17 6 22 38 9 32 4 35 6 30 3 40
20
14 7 28 41 17 7 9 11 0 42 2 15 8 38 28 5 47 25 0 39
20
30 38 54 57 24 18 44 36 43 15 20 18 40 50 54 40 42 1 52 15
20
43 37 38 25 57 39 48 56 47 50 37 52 45 11 7 8 2 47 0 13
20
53 18 47 52 46 10 36 41 30 13 11 32 9 43 1 25 20 15 12 59
20
42 45 27 24 18 8 33 13 44 60 0 3 18 32 60 10 27 1 52 0
20
51 56 5 9 10 37 52 30 60 13 34 17 55 7 36 16 21 18 53 30
20
58 57 9 2 24 57 36 26 21 45 16 38 34 1 2 34 53 55 44 34
20
1 1 39 59 42 21 26 53 17 33 41 1 34 52 19 57 30 24 41 44
20
19 24 13 55 49 49 51 24 42 18 59 12 17 40 57 49 7 39 38 48
20
27 6 17 56 50 38 5 54 56 36 27 20 46 39 34 23 26 31 15 34
20
50 54 13 50 60 29 38 46 32 49 56 44 1 41 37 3 43 39 52 48
20
26 40 13 11 15 47 59 17 28 21 31 29 3 26 30 39 32 43 25 12
20
25 3 1 49 8 5 36 10 19 7 22 38 9 57 56 0 49 37 25 45
20
5 39 26 8 35 24 29 14 5 6 38 16 28 35 46 6 50 54 4 19
20
43 31 15 40 5 42 4 54 27 17 6 33 12 7 22 8 43 32 8 36
20
47 51 19 37 4 47 56 47 36 22 24 58 42 10 4 14 48 59 27 17
20
56 59 56 37 7 28 1 41 4 31 8 12 37 7 49 25 35 0 20 54
20
42 48 18 8 54 45 7 33 5 29 17 50 6 46 22 34 21 49 60 30
20
50 35 52 53 50 13 51 60 2 9 52 48 32 54 18 2 19 10 35 3
20
44 11 25 29 27 53 13 53 7 3 21 18 37 47 35 19 45 37 53 43
20
11 21 27 22 60 27 34 38 11 30 10 6 41 23 41 48 54 16 38 21
20
52 18 23 5 46 24 23 27 56 2 50 15 53 0 4 38 56 2 36 1
20
42 10 44 51 50 20 35 39 6 3 15 12 32 21 9 13 55 30 32 0
20
8 54 53 15 39 29 54 44 54 54 18 8 55 58 20 60 18 25 42 38
20
22 10 28 58 1 2 8 37 14 28 59 42 9 45 48 1 40 45 13 25
20
18 7 17 20 58 0 32 45 44 30 42 8 54 3 23 11 15 38 46 20
20
59 16 58 36 37 57 30 2 51 54 42 30 7 60 49 48 25 49 50 32
20
21 46 33 39 47 18 49 35 28 32 15 1 26 56 44 49 13 48 11 41
20
14 38 16 3 22 31 29 27 47 60 38 23 34 17 43 51 42 52 47 2
20
58 3 36 50 56 19 34 8 34 6 17 22 11 19 36 49 34 12 51 53
20
59 31 51 58 28 16 19 10 44 25 35 41 53 14 18 53 53 44 28 49
20
13 48 19 14 17 2 29 51 45 31 57 21 27 46 8 10 29 11 50 37
