13
6
6
6
10
18
5
17
18
1
5
19
12
6
13
6
14
15
18
7
7
8
14
9
10
13
8
14
7
11
11
19
17
16
6
19
7
6
8
9
17
18
12
1
19
6
16
15
16
8
18
17
19
5
8
15
7
1
17
5
14
12
5
17
19
8
0
8
19
6
16
13
13
2
13
12
18
6
15
17
5
4
11
6
4
1
11
4
19
3
7
14
1
2
3
11
19
11
18
6
4
2
1
5
19
13
2
6
6
3
0
16
4
7
3
16
11
6
0
8
15
10
1
6
8
10
15
2
3
2
13
10
7
0
14
19
17
13
16
5
7
9
2
4
19
18
13
9
5
12
16
10
7
19
6
2
19
18
2
18
6
6
1
0
7
8
1
2
10
15
7
9
14
5
11
5
12
19
6
10
0
19
13
9
10
13
9
4
15
16
1
12
9
0
4
4
12
4
7
17
1
11
8
3
11
4
11
9
16
18
5
14
19
3
3
7
18
12
12
19
13
9
4
6
16
2
19
12
16
18
16
6
7
16
5
5
12
8
14
4
10
8
7
5
17
2
3
6
10
13
1
12
4
7
17
12
8
19
15
11
17
14
0
7
7
3
6
5
18
19
17
14
13
8
5
14
14
1
7
8
18
1
3
18
4
2
0
12
6
7
14
19
6
0
19
17
16
15
11
11
0
8
17
17
1
11
14
15
10
0
11
11
13
6
7
15
6
4
17
2
13
5
19
2
16
13
1
17
6
18
0
17
2
11
10
19
10
10
14
5
1
12
10
1
7
9
2
6
2
15
2
12
19
19
5
6
16
17
9
12
11
19
0
15
18
1
3
10
13
11
4
7
17
6
11
18
0
17
2
6
6
8
6
18
17
9
2
9
14
16
14
7
17
4
2
19
17
2
16
16
16
12
9
12
11
9
5
6
15
14
12
1
5
12
2
12
4
9
1
7
18
12
17
13
0
11
2
4
0
8
19
15
15
13
18
17
7
6
5
17
13
9
1
3
16
17
6
8
4
5
7
5
14
14
8
15
3
9
14
1
16
12
5
11
15
18
11
18
8
8
11
19
12
0
7
2
16
3
14
5
13
2
11
16
18
18
12
7
19
12
3
1
1
2
0
18
12
16
1
7
19
5
4
1
18
13
19
14
11
11
0
5
3
7
6
8
0
7
17
16
19
1
18
10
8
10
12
17
14
10
12
5
8
7
5
1
1
13
0
7
6
14
17
9
12
11
9
0
9
4
19
6
14
7
14
2
12
0
13
2
15
12
15
14
10
11
7
16
3
13
8
8
18
10
4
19
10
15
3
4
0
9
4
4
9
9
3
4
18
6
6
2
19
8
9
13
15
10
16
15
13
17
8
0
8
0
16
4
11
9
0
18
12
7
17
9
18
0
19
10
14
10
11
5
13
9
14
5
7
5
10
16
6
17
17
17
5
16
11
4
8
9
13
2
11
14
10
16
15
18
4
18
5
16
7
8
5
3
10
19
13
7
2
12
6
13
10
18
4
7
15
3
1
2
8
15
17
3
15
15
15
0
8
5
4
12
11
10
10
1
11
17
15
18
8
15
15
2
8
0
13
0
10
11
16
11
15
10
2
12
9
8
1
6
13
18
9
16
15
5
5
18
18
1
14
16
17
5
12
10
15
2
8
7
3
10
9
8
3
9
10
12
14
17
8
3
10
2
10
2
18
19
7
7
10
12
17
6
1
8
11
19
12
14
4
16
2
17
19
18
0
17
15
16
11
11
14
2
6
5
5
10
14
18
11
17
11
8
17
9
16
17
8
7
14
2
2
4
8
11
10
18
9
19
14
11
15
1
9
0
1
15
9
13
8
7
18
5
5
8
19
8
13
2
8
18
3
1
17
11
8
8
14
10
16
17
0
8
1
15
11
4
11
2
4
14
5
15
5
12
1
6
13
15
17
17
14
6
13
9
1
4
8
13
14
4
18
15
13
3
12
2
1
6
16
13
1
7
5
13
2
3
13
4
11
11
19
11
0
13
17
3
5
13
8
9
7
19
12
2
13
6
13
9
8
1
4
9
3
3
0
4
10
16
11
13
18
5
12
8
9
14
1
6
18
16
5
11
15
4
6
2
4
10
1
3
3
13
14
11
0
1
9
10
1
4
19
5
15
14
19
12
4
2
4
16
8
2
14
13
5
1
7
18
16
12
14
13
4
10
8
13
6
3
18
19
0
6
15
6
3
11
9
4
11
0
3
18
13
13
0
19
5
17
19
17
13
4
11
11
