1000
2
16 24
2
16 25
2
16 26
2
16 27
2
16 28
2
16 29
2
16 30
2
16 31
2
16 32
2
16 33
2
16 34
2
16 35
2
16 36
2
16 37
2
16 38
2
16 39
2
16 40
2
16 41
2
16 42
2
16 43
2
16 44
2
16 45
2
16 46
2
16 47
2
16 48
2
16 49
2
16 50
2
16 51
2
16 52
2
16 53
2
16 54
2
16 55
2
16 56
2
16 57
2
16 58
2
16 59
2
16 60
2
17 0
2
17 1
2
17 2
2
17 3
2
17 4
2
17 5
2
17 6
2
17 7
2
17 8
2
17 9
2
17 10
2
17 11
2
17 12
2
17 13
2
17 14
2
17 15
2
17 16
2
17 17
2
17 18
2
17 19
2
17 20
2
17 21
2
17 22
2
17 23
2
17 24
2
17 25
2
17 26
2
17 27
2
17 28
2
17 29
2
17 30
2
17 31
2
17 32
2
17 33
2
17 34
2
17 35
2
17 36
2
17 37
2
17 38
2
17 39
2
17 40
2
17 41
2
17 42
2
17 43
2
17 44
2
17 45
2
17 46
2
17 47
2
17 48
2
17 49
2
17 50
2
17 51
2
17 52
2
17 53
2
17 54
2
17 55
2
17 56
2
17 57
2
17 58
2
17 59
2
17 60
2
18 0
2
18 1
2
18 2
2
18 3
2
18 4
2
18 5
2
18 6
2
18 7
2
18 8
2
18 9
2
18 10
2
18 11
2
18 12
2
18 13
2
18 14
2
18 15
2
18 16
2
18 17
2
18 18
2
18 19
2
18 20
2
18 21
2
18 22
2
18 23
2
18 24
2
18 25
2
18 26
2
18 27
2
18 28
2
18 29
2
18 30
2
18 31
2
18 32
2
18 33
2
18 34
2
18 35
2
18 36
2
18 37
2
18 38
2
18 39
2
18 40
2
18 41
2
18 42
2
18 43
2
18 44
2
18 45
2
18 46
2
18 47
2
18 48
2
18 49
2
18 50
2
18 51
2
18 52
2
18 53
2
18 54
2
18 55
2
18 56
2
18 57
2
18 58
2
18 59
2
18 60
2
19 0
2
19 1
2
19 2
2
19 3
2
19 4
2
19 5
2
19 6
2
19 7
2
19 8
2
19 9
2
19 10
2
19 11
2
19 12
2
19 13
2
19 14
2
19 15
2
19 16
2
19 17
2
19 18
2
19 19
2
19 20
2
19 21
2
19 22
2
19 23
2
19 24
2
19 25
2
19 26
2
19 27
2
19 28
2
19 29
2
19 30
2
19 31
2
19 32
2
19 33
2
19 34
2
19 35
2
19 36
2
19 37
2
19 38
2
19 39
2
19 40
2
19 41
2
19 42
2
19 43
2
19 44
2
19 45
2
19 46
2
19 47
2
19 48
2
19 49
2
19 50
2
19 51
2
19 52
2
19 53
2
19 54
2
19 55
2
19 56
2
19 57
2
19 58
2
19 59
2
19 60
2
20 0
2
20 1
2
20 2
2
20 3
2
20 4
2
20 5
2
20 6
2
20 7
2
20 8
2
20 9
2
20 10
2
20 11
2
20 12
2
20 13
2
20 14
2
20 15
2
20 16
2
20 17
2
20 18
2
20 19
2
20 20
2
20 21
2
20 22
2
20 23
2
20 24
2
20 25
2
20 26
2
20 27
2
20 28
2
20 29
2
20 30
2
20 31
2
20 32
2
20 33
2
20 34
2
20 35
2
20 36
2
20 37
2
20 38
2
20 39
2
20 40
2
20 41
2
20 42
2
20 43
2
20 44
2
20 45
2
20 46
2
20 47
2
20 48
2
20 49
2
20 50
2
20 51
2
20 52
2
20 53
2
20 54
2
20 55
2
20 56
2
20 57
2
20 58
2
20 59
2
20 60
2
21 0
2
21 1
2
21 2
2
21 3
2
21 4
2
21 5
2
21 6
2
21 7
2
21 8
2
21 9
2
21 10
2
21 11
2
21 12
2
21 13
2
21 14
2
21 15
2
21 16
2
21 17
2
21 18
2
21 19
2
21 20
2
21 21
2
21 22
2
21 23
2
21 24
2
21 25
2
21 26
2
21 27
2
21 28
2
21 29
2
21 30
2
21 31
2
21 32
2
21 33
2
21 34
2
21 35
2
21 36
2
21 37
2
21 38
2
21 39
2
21 40
2
21 41
2
21 42
2
21 43
2
21 44
2
21 45
2
21 46
2
21 47
2
21 48
2
21 49
2
21 50
2
21 51
2
21 52
2
21 53
2
21 54
2
21 55
2
21 56
2
21 57
2
21 58
2
21 59
2
21 60
2
22 0
2
22 1
2
22 2
2
22 3
2
22 4
2
22 5
2
22 6
2
22 7
2
22 8
2
22 9
2
22 10
2
22 11
2
22 12
2
22 13
2
22 14
2
22 15
2
22 16
2
22 17
2
22 18
2
22 19
2
22 20
2
22 21
2
22 22
2
22 23
2
22 24
2
22 25
2
22 26
2
22 27
2
22 28
2
22 29
2
22 30
2
22 31
2
22 32
2
22 33
2
22 34
2
22 35
2
22 36
2
22 37
2
22 38
2
22 39
2
22 40
2
22 41
2
22 42
2
22 43
2
22 44
2
22 45
2
22 46
2
22 47
2
22 48
2
22 49
2
22 50
2
22 51
2
22 52
2
22 53
2
22 54
2
22 55
2
22 56
2
22 57
2
22 58
2
22 59
2
22 60
2
23 0
2
23 1
2
23 2
2
23 3
2
23 4
2
23 5
2
23 6
2
23 7
2
23 8
2
23 9
2
23 10
2
23 11
2
23 12
2
23 13
2
23 14
2
23 15
2
23 16
2
23 17
2
23 18
2
23 19
2
23 20
2
23 21
2
23 22
2
23 23
2
23 24
2
23 25
2
23 26
2
23 27
2
23 28
2
23 29
2
23 30
2
23 31
2
23 32
2
23 33
2
23 34
2
23 35
2
23 36
2
23 37
2
23 38
2
23 39
2
23 40
2
23 41
2
23 42
2
23 43
2
23 44
2
23 45
2
23 46
2
23 47
2
23 48
2
23 49
2
23 50
2
23 51
2
23 52
2
23 53
2
23 54
2
23 55
2
23 56
2
23 57
2
23 58
2
23 59
2
23 60
2
24 0
2
24 1
2
24 2
2
24 3
2
24 4
2
24 5
2
24 6
2
24 7
2
24 8
2
24 9
2
24 10
2
24 11
2
24 12
2
24 13
2
24 14
2
24 15
2
24 16
2
24 17
2
24 18
2
24 19
2
24 20
2
24 21
2
24 22
2
24 23
2
24 24
2
24 25
2
24 26
2
24 27
2
24 28
2
24 29
2
24 30
2
24 31
2
24 32
2
24 33
2
24 34
2
24 35
2
24 36
2
24 37
2
24 38
2
24 39
2
24 40
2
24 41
2
24 42
2
24 43
2
24 44
2
24 45
2
24 46
2
24 47
2
24 48
2
24 49
2
24 50
2
24 51
2
24 52
2
24 53
2
24 54
2
24 55
2
24 56
2
24 57
2
24 58
2
24 59
2
24 60
2
25 0
2
25 1
2
25 2
2
25 3
2
25 4
2
25 5
2
25 6
2
25 7
2
25 8
2
25 9
2
25 10
2
25 11
2
25 12
2
25 13
2
25 14
2
25 15
2
25 16
2
25 17
2
25 18
2
25 19
2
25 20
2
25 21
2
25 22
2
25 23
2
25 24
2
25 25
2
25 26
2
25 27
2
25 28
2
25 29
2
25 30
2
25 31
2
25 32
2
25 33
2
25 34
2
25 35
2
25 36
2
25 37
2
25 38
2
25 39
2
25 40
2
25 41
2
25 42
2
25 43
2
25 44
2
25 45
2
25 46
2
25 47
2
25 48
2
25 49
2
25 50
2
25 51
2
25 52
2
25 53
2
25 54
2
25 55
2
25 56
2
25 57
2
25 58
2
25 59
2
25 60
2
26 0
2
26 1
2
26 2
2
26 3
2
26 4
2
26 5
2
26 6
2
26 7
2
26 8
2
26 9
2
26 10
2
26 11
2
26 12
2
26 13
2
26 14
2
26 15
2
26 16
2
26 17
2
26 18
2
26 19
2
26 20
2
26 21
2
26 22
2
26 23
2
26 24
2
26 25
2
26 26
2
26 27
2
26 28
2
26 29
2
26 30
2
26 31
2
26 32
2
26 33
2
26 34
2
26 35
2
26 36
2
26 37
2
26 38
2
26 39
2
26 40
2
26 41
2
26 42
2
26 43
2
26 44
2
26 45
2
26 46
2
26 47
2
26 48
2
26 49
2
26 50
2
26 51
2
26 52
2
26 53
2
26 54
2
26 55
2
26 56
2
26 57
2
26 58
2
26 59
2
26 60
2
27 0
2
27 1
2
27 2
2
27 3
2
27 4
2
27 5
2
27 6
2
27 7
2
27 8
2
27 9
2
27 10
2
27 11
2
27 12
2
27 13
2
27 14
2
27 15
2
27 16
2
27 17
2
27 18
2
27 19
2
27 20
2
27 21
2
27 22
2
27 23
2
27 24
2
27 25
2
27 26
2
27 27
2
27 28
2
27 29
2
27 30
2
27 31
2
27 32
2
27 33
2
27 34
2
27 35
2
27 36
2
27 37
2
27 38
2
27 39
2
27 40
2
27 41
2
27 42
2
27 43
2
27 44
2
27 45
2
27 46
2
27 47
2
27 48
2
27 49
2
27 50
2
27 51
2
27 52
2
27 53
2
27 54
2
27 55
2
27 56
2
27 57
2
27 58
2
27 59
2
27 60
2
28 0
2
28 1
2
28 2
2
28 3
2
28 4
2
28 5
2
28 6
2
28 7
2
28 8
2
28 9
2
28 10
2
28 11
2
28 12
2
28 13
2
28 14
2
28 15
2
28 16
2
28 17
2
28 18
2
28 19
2
28 20
2
28 21
2
28 22
2
28 23
2
28 24
2
28 25
2
28 26
2
28 27
2
28 28
2
28 29
2
28 30
2
28 31
2
28 32
2
28 33
2
28 34
2
28 35
2
28 36
2
28 37
2
28 38
2
28 39
2
28 40
2
28 41
2
28 42
2
28 43
2
28 44
2
28 45
2
28 46
2
28 47
2
28 48
2
28 49
2
28 50
2
28 51
2
28 52
2
28 53
2
28 54
2
28 55
2
28 56
2
28 57
2
28 58
2
28 59
2
28 60
2
29 0
2
29 1
2
29 2
2
29 3
2
29 4
2
29 5
2
29 6
2
29 7
2
29 8
2
29 9
2
29 10
2
29 11
2
29 12
2
29 13
2
29 14
2
29 15
2
29 16
2
29 17
2
29 18
2
29 19
2
29 20
2
29 21
2
29 22
2
29 23
2
29 24
2
29 25
2
29 26
2
29 27
2
29 28
2
29 29
2
29 30
2
29 31
2
29 32
2
29 33
2
29 34
2
29 35
2
29 36
2
29 37
2
29 38
2
29 39
2
29 40
2
29 41
2
29 42
2
29 43
2
29 44
2
29 45
2
29 46
2
29 47
2
29 48
2
29 49
2
29 50
2
29 51
2
29 52
2
29 53
2
29 54
2
29 55
2
29 56
2
29 57
2
29 58
2
29 59
2
29 60
2
30 0
2
30 1
2
30 2
2
30 3
2
30 4
2
30 5
2
30 6
2
30 7
2
30 8
2
30 9
2
30 10
2
30 11
2
30 12
2
30 13
2
30 14
2
30 15
2
30 16
2
30 17
2
30 18
2
30 19
2
30 20
2
30 21
2
30 22
2
30 23
2
30 24
2
30 25
2
30 26
2
30 27
2
30 28
2
30 29
2
30 30
2
30 31
2
30 32
2
30 33
2
30 34
2
30 35
2
30 36
2
30 37
2
30 38
2
30 39
2
30 40
2
30 41
2
30 42
2
30 43
2
30 44
2
30 45
2
30 46
2
30 47
2
30 48
2
30 49
2
30 50
2
30 51
2
30 52
2
30 53
2
30 54
2
30 55
2
30 56
2
30 57
2
30 58
2
30 59
2
30 60
2
31 0
2
31 1
2
31 2
2
31 3
2
31 4
2
31 5
2
31 6
2
31 7
2
31 8
2
31 9
2
31 10
2
31 11
2
31 12
2
31 13
2
31 14
2
31 15
2
31 16
2
31 17
2
31 18
2
31 19
2
31 20
2
31 21
2
31 22
2
31 23
2
31 24
2
31 25
2
31 26
2
31 27
2
31 28
2
31 29
2
31 30
2
31 31
2
31 32
2
31 33
2
31 34
2
31 35
2
31 36
2
31 37
2
31 38
2
31 39
2
31 40
2
31 41
2
31 42
2
31 43
2
31 44
2
31 45
2
31 46
2
31 47
2
31 48
2
31 49
2
31 50
2
31 51
2
31 52
2
31 53
2
31 54
2
31 55
2
31 56
2
31 57
2
31 58
2
31 59
2
31 60
2
32 0
2
32 1
2
32 2
2
32 3
2
32 4
2
32 5
2
32 6
2
32 7
2
32 8
2
32 9
2
32 10
2
32 11
2
32 12
2
32 13
2
32 14
2
32 15
2
32 16
2
32 17
2
32 18
2
32 19
2
32 20
2
32 21
2
32 22
2
32 23
2
32 24
2
32 25
2
32 26
2
32 27
2
32 28
2
32 29
2
32 30
2
32 31
2
32 32
2
32 33
2
32 34
2
32 35
2
32 36
2
32 37
2
32 38
2
32 39
2
32 40
2
32 41
2
32 42
2
32 43
2
32 44
2
32 45
2
32 46
2
32 47
