137438953379
4398046511042
4194171
17179869085
274877906782
68719476630
4294967236
8589926351
4398046510832
68719476666
549755813809
268435401
17179868920
549755813776
34359738255
68719476566
2147481576
134217675
4294967167
137438953390
268435399
2147483471
17179869093
68719476631
4294967184
8589934290
34359738277
536870815
68719476604
2147483598
8589934445
34359738259
4294967236
17179869090
8589934510
4294967017
68719476588
8589934481
137438953177
4294967242
8589933527
134217657
137438953312
8589934508
68719476602
137438953308
4294967220
67108805
4294967167
536870838
8589934541
17179868640
274877906833
2147483563
4294967240
536870811
68719476675
8589934490
2147483586
137438953410
137438951415
17179869050
17179869092
268435400
34359738262
17179869038
17179868880
1099511627715
4294967225
549755812833
1073741759
17179869037
68719476469
4294967211
268435403
134217674
34359738305
34359738315
2147483579
17179869131
134217651
34359738217
34359738225
67108781
68719476187
1073741740
68719476671
536870815
2147483556
4294966235
1099511627685
8589934309
34359738276
34359737815
68719476603
68719476668
2147483102
137438953343
1073741684
137438953362
4294967004
4294967143
17179869088
8589934077
536870766
17179869111
17179868886
17179869130
1073741728
34359738260
137438953373
274877905912
1073741534
68719476678
34359738305
536870853
17179868659
268435363
8589934492
68719474651
68719476595
68719476604
4294967238
549755811822
17179869120
17179869016
17179869013
8589934333
17179869104
68719476569
536870843
17179869118
2147483546
2199023255284
68719476605
68719476635
68719472611
4294967189
1099511627717
274877904862
549755813719
17179869102
34359738210
4398046510043
274877906386
1073741693
1073741755
17179869096
4294967240
8589934427
274877906681
2147483511
8589934513
2147483577
2147483594
268435362
1073741768
34359738308
2147483490
33554356
1099511627715
34359738079
1099511627698
17179869077
68719476680
536870861
17179868926
4294967240
1073741685
68719476684
274877906810
274877906877
268435399
17179869097
2147483548
68719476187
17179869054
137438953400
8796093021145
4294967184
536870633
536870845
1073733611
274877906842
34359738256
67108808
4294967233
4294966250
137438953327
4294967212
34359738262
137438953199
17179869114
1073741739
2199023255455
17179869105
2147483584
274877906845
1073741688
68719476683
1073741717
137438953412
2147483591
274877906834
274877906676
8589934329
8589934534
17179869114
274877906847
536870808
274877906686
8589934486
17179869091
268435392
17179868653
137438945241
274877906885
549755813814
1073741735
274877902810
2147483595
137438953419
68719476676
1073741657
134217666
17179869127
68719476675
268434911
274877906844
8589934505
8589934542
68719476202
34359737835
536870817
8589934309
17179869123
549755813794
2147483541
137438953331
8589934539
2147483562
549755809790
137438953422
4294967194
17179869122
2147483597
137438953322
4294967242
2147483577
4294967008
4398046510556
17179868885
17179869008
35184372088530
4294967244
549755813738
137438953405
1073741729
549755813607
2147483596
274877906865
34359737298
536870650
1099511627711
4294967246
34359738284
274877906647
17179869112
4294967216
1073741725
536870851
268435357
2147483351
2147483590
1073741299
68719476647
17179869131
34359738282
536870853
2147483550
33554323
8589934498
17179869124
68719476566
68719476643
1073741773
2147483484
8589934538
4294967241
68719476595
549755813751
34359738310
17179869012
68719472609
17179869102
8589934530
34359738298
274877906894
4294967144
17179869099
2147483589
2199023255256
4398046510971
1073741756
549755813806
274877906882
134217662
2147483546
34359737816
68719476564
274877906854
17179868922
1073741727
2147483594
549755813808
34359738316
17179869077
4294967132
2147483519
8589934517
4294967217
549755813832
68719476456
8589934520
34359738071
134217616
8589934430
8589934524
4294967234
17179869100
268435377
137438953391
4294967193
4294967224
34359737853
1073741730
17179869104
4294967239
549755813833
1073741721
137438953375
2147483567
274877906893
68719476197
1073741690
34359738260
17179869076
17179869088
8589934317
137438953379
536870823
549755813752
137438953182
1073741757
134217671
17179869129
536870799
1073741769
4398046511046
8589934431
34359738281
4294967232
2147483537
8589934440
17179869128
134217584
34359738296
4294966254
68719476603
137438953411
8589934514
536870862
8589934503
68719476584
17179869077
17179869053
33554319
1073741737
268435348
8589934525
137438953400
34359738274
2147483369
16777164
137438953422
137438953359
1099511627487
274877906670
134217578
68719476658
8589934530
8589934439
274877902845
8589934513
34359738191
17179869034
4294967226
4294967208
8589934511
34359738081
8589934427
536870839
274877906878
17179869133
134217637
8796093022131
34359738292
34359738071
34359738194
536870853
17179868905
34359738088
2147483123
16777143
34359738236
2199023255395
68719476685
274877906842
268435405
68719476650
2147483543
1099511627476
1073741759
2147483114
1099511627621
34359738263
1073741771
134217664
274877906813
4294967192
68719476676
17179868144
4294967219
8589933561
1073741766
137438953310
1073741763
2199023255385
268435303
8589934449
274877906850
2147483587
1099511627712
268435385
549755813604
17179869093
137438953416
4294967186
549755813827
34359738263
8589934510
4294967220
2147483564
8589934521
34359737840
1073741765
34359738258
68719476628
2147483484
4294967232
68719476582
536870856
68719476686
2199023255465
17179868901
274877906686
2147483114
8589934502
68719476599
268435298
17179868655
1073741729
1099511627628
4294967234
137438953312
2199023255273
17179869104
274877906660
2147483577
8589934495
8589934514
68719476683
536870359
4294967201
2147483589
137438953410
4294967203
536870821
536870802
8589934538
2147483561
4398046511038
68719476561
34359738218
33554379
2147483484
17179869078
17179869117
34359738108
274877906682
1099511627663
17179868921
536870649
2147483564
8796093022125
17179869097
68719476675
34359738202
17179868884
34359738100
17179869028
8589934536
2147483576
8589934486
68719476684
268435403
68719476680
34359738232
34359738107
274877906668
4294967183
137438953361
8589934508
17179868926
549755813801
137438953408
137438953392
8589934515
33554266
137438953398
274877890539
34359737337
268435305
134217675
34359738206
274877905900
536869872
1073741746
8589934491
68719472595
17179869122
17179869113
536870737
1073741740
34359738275
8589934532
536870739
2147483557
549755813599
137438953205
4294967212
68719476675
34359738311
1073741762
34359738255
1073741743
8589934440
137438952428
1073741732
2199023255416
1073741770
16777122
34359738271
536870767
137438952952
4294967192
2147483379
68719472629
8589934046
4294967237
8589934531
268435165
17179869090
17179868146
2147483573
2199023255422
34359737811
536870737
17179869132
8589934423
536870854
17179869124
8589934488
274877906852
4294966767
17179868881
34359738309
274877906838
8589934515
134217441
17179869132
274877906847
2147483359
536870373
137438952951
137438953342
2147483348
2147483132
67108768
2147483476
268435398
68719476652
34359738267
137438953342
4294967234
68719476586
8589934299
17179869079
4294967192
1099511627710
4398046511044
1073741722
34359738306
68719476461
1073741679
137438953379
2199023255456
17179869121
8589934482
1073741663
34359738307
2147483537
68719476646
17179868885
17179869112
4294967186
2147483597
4294966765
4294967201
274877906880
68719475703
8589934538
274877906781
67108791
34359736283
137438953304
34359738204
137438953410
549755813783
4294967237
4294967158
536870774
2147483590
1073741723
2147483475
268435357
4294967137
17179869094
2147483586
134217617
274877906835
2147483589
274877906800
268435348
137438953363
268435355
17179868143
34359738259
1073741540
4294963182
34359737343
17179869043
17179868882
2147483551
34359737823
8589934420
134217661
2147483538
68719476596
4294967151
1073741768
536868816
34359738270
4294967190
17179868920
17179869128
274877906415
8589934534
2199023254998
34359738307
17179869116
2199023255405
1073741760
1073741759
2147483387
2199023253482
8589934320
34359738314
17179869046
34359738317
17179869107
17179868921
137438953419
8589934494
549755813601
17179869131
68719476643
549755813617
8589934291
34359738315
8589934062
549755813812
8589934426
2147483539
17179869116
4294967241
17179869110
274877906799
2147483387
4294967229
1073741762
68719476686
4294967002
2199023255462
2147483584
4294967128
2199023255405
17179868658
4294967225
274877906892
67108799
17179869129
8589934539
2199023255001
1099511627719
17179869123
34359738268
2147483583
34359738074
68719476659
2147483580
549755813784
274877906772
8589934319
68719476561
68719476636
34359738260
2147483135
2147483552
8589934425
1073741716
137438953386
137438953333
67108805
68719476455
134217620
4294966994
8589934530
549755813816
274877906836
17179869132
549755813732
8589934504
4294967240
268435400
4294967135
549755813756
2147483585
2199023255035
17179869094
68719476633
16777114
2147483579
34359738313
274877906813
536870810
17179868151
268435393
268435307
1073741760
137438953391
274877906843
549755813804
274877904871
2147483552
2147483596
17179868158
4294967220
68719476670
17179869117
68719476679
137438953206
2147483381
4294967158
4294967146
33554296
68719475676
34359738313
549755813758
1073741771
68719476572
4294967242
2147483128
34359738278
34359738275
68719476661
2147483568
4294967195
2147483372
137438953334
2147483586
274877906804
1073741759
68719476653
68719476559
2199023254995
16777114
274877906877
1099511625702
68719476568
134217427
1073741771
268435406
68719476564
4294967195
34359738276
274877906775
4294967234
1073741272
536870736
68719476580
2147483568
4294966767
1073741671
34359738268
268435360
8589934538
137438953302
8589934486
17179869124
17179869127
137438953213
1099511627643
8589934503
8589934486
67108770
34359738285
17179869132
34359738083
34359738268
137438953174
17179869091
1073741760
68719476652
1073741751
268435399
2147483581
4294967212
137438953418
1099511627722
1073741718
1073741712
4294967241
34359738308
68719476640
268435401
34359738313
68719476475
268435370
2147483381
8589934486
17179869099
2147483118
34359738263
274877906666
17179869123
2147483587
2147483585
549755813743
549755813366
8388436
17179869037
274877906843
68719476684
34359737831
8589934539
274877906889
17179869125
17179869097
2147483374
8589934518
549755813590
4294967204
274877906873
1099511627689
8589934438
8589934321
1073741695
34359738212
137438953313
2147483574
4294967205
536870858
34359738259
34359738307
2147483380
4294967192
68719476644
2199023255022
549755813604
68719476684
68719476682
17179869123
67108811
2147483543
4294967196
8589934482
68719476453
8589934529
8589934482
4294966999
8589934322
8589934416
268435369
17179869125
67108571
2147483536
17179869105
17179869090
17179868897
137438953331
1099511626720
274877906806
68719476199
137438953303
16777150
2147483585
4294967223
549755813837
1073741676
536870851
4294967164
17179869110
549755813819
1073741762
34359738263
268435399
17179869112
268435163
1099511627677
4294967188
134217674
1073741726
34359738311
4294967031
68719476639
549755813370
68719476678
8589934034
2147483368
17179869028
2147483479
536870824
2147483584
549755813798
549755813607
17179868919
274877906794
34359738310
4294967244
34359738280
134217678
17179869110
137438953411
536870812
34359738263
2147483542
17179868630
8589934537
1073741763
34359738309
68719476673
4294967204
1073741658
17179868903
68719476663
34359738083
2147482617
268435346
1073741730
4294967246
68719476628
137438953394
4294967184
137438953420
17179869104
268435384
8589934514
34359738293
549755813775
68719476590
2147483582
2147483580
1099511627665
17179869032
536870819
34359736307
536870846
4294967246
34359738107
