721
2
49 11
2
49 12
2
49 13
2
49 14
2
49 15
2
49 16
2
49 17
2
49 18
2
49 19
2
49 20
2
49 21
2
49 22
2
49 23
2
49 24
2
49 25
2
49 26
2
49 27
2
49 28
2
49 29
2
49 30
2
49 31
2
49 32
2
49 33
2
49 34
2
49 35
2
49 36
2
49 37
2
49 38
2
49 39
2
49 40
2
49 41
2
49 42
2
49 43
2
49 44
2
49 45
2
49 46
2
49 47
2
49 48
2
49 49
2
49 50
2
49 51
2
49 52
2
49 53
2
49 54
2
49 55
2
49 56
2
49 57
2
49 58
2
49 59
2
49 60
2
50 0
2
50 1
2
50 2
2
50 3
2
50 4
2
50 5
2
50 6
2
50 7
2
50 8
2
50 9
2
50 10
2
50 11
2
50 12
2
50 13
2
50 14
2
50 15
2
50 16
2
50 17
2
50 18
2
50 19
2
50 20
2
50 21
2
50 22
2
50 23
2
50 24
2
50 25
2
50 26
2
50 27
2
50 28
2
50 29
2
50 30
2
50 31
2
50 32
2
50 33
2
50 34
2
50 35
2
50 36
2
50 37
2
50 38
2
50 39
2
50 40
2
50 41
2
50 42
2
50 43
2
50 44
2
50 45
2
50 46
2
50 47
2
50 48
2
50 49
2
50 50
2
50 51
2
50 52
2
50 53
2
50 54
2
50 55
2
50 56
2
50 57
2
50 58
2
50 59
2
50 60
2
51 0
2
51 1
2
51 2
2
51 3
2
51 4
2
51 5
2
51 6
2
51 7
2
51 8
2
51 9
2
51 10
2
51 11
2
51 12
2
51 13
2
51 14
2
51 15
2
51 16
2
51 17
2
51 18
2
51 19
2
51 20
2
51 21
2
51 22
2
51 23
2
51 24
2
51 25
2
51 26
2
51 27
2
51 28
2
51 29
2
51 30
2
51 31
2
51 32
2
51 33
2
51 34
2
51 35
2
51 36
2
51 37
2
51 38
2
51 39
2
51 40
2
51 41
2
51 42
2
51 43
2
51 44
2
51 45
2
51 46
2
51 47
2
51 48
2
51 49
2
51 50
2
51 51
2
51 52
2
51 53
2
51 54
2
51 55
2
51 56
2
51 57
2
51 58
2
51 59
2
51 60
2
52 0
2
52 1
2
52 2
2
52 3
2
52 4
2
52 5
2
52 6
2
52 7
2
52 8
2
52 9
2
52 10
2
52 11
2
52 12
2
52 13
2
52 14
2
52 15
2
52 16
2
52 17
2
52 18
2
52 19
2
52 20
2
52 21
2
52 22
2
52 23
2
52 24
2
52 25
2
52 26
2
52 27
2
52 28
2
52 29
2
52 30
2
52 31
2
52 32
2
52 33
2
52 34
2
52 35
2
52 36
2
52 37
2
52 38
2
52 39
2
52 40
2
52 41
2
52 42
2
52 43
2
52 44
2
52 45
2
52 46
2
52 47
2
52 48
2
52 49
2
52 50
2
52 51
2
52 52
2
52 53
2
52 54
2
52 55
2
52 56
2
52 57
2
52 58
2
52 59
2
52 60
2
53 0
2
53 1
2
53 2
2
53 3
2
53 4
2
53 5
2
53 6
2
53 7
2
53 8
2
53 9
2
53 10
2
53 11
2
53 12
2
53 13
2
53 14
2
53 15
2
53 16
2
53 17
2
53 18
2
53 19
2
53 20
2
53 21
2
53 22
2
53 23
2
53 24
2
53 25
2
53 26
2
53 27
2
53 28
2
53 29
2
53 30
2
53 31
2
53 32
2
53 33
2
53 34
2
53 35
2
53 36
2
53 37
2
53 38
2
53 39
2
53 40
2
53 41
2
53 42
2
53 43
2
53 44
2
53 45
2
53 46
2
53 47
2
53 48
2
53 49
2
53 50
2
53 51
2
53 52
2
53 53
2
53 54
2
53 55
2
53 56
2
53 57
2
53 58
2
53 59
2
53 60
2
54 0
2
54 1
2
54 2
2
54 3
2
54 4
2
54 5
2
54 6
2
54 7
2
54 8
2
54 9
2
54 10
2
54 11
2
54 12
2
54 13
2
54 14
2
54 15
2
54 16
2
54 17
2
54 18
2
54 19
2
54 20
2
54 21
2
54 22
2
54 23
2
54 24
2
54 25
2
54 26
2
54 27
2
54 28
2
54 29
2
54 30
2
54 31
2
54 32
2
54 33
2
54 34
2
54 35
2
54 36
2
54 37
2
54 38
2
54 39
2
54 40
2
54 41
2
54 42
2
54 43
2
54 44
2
54 45
2
54 46
2
54 47
2
54 48
2
54 49
2
54 50
2
54 51
2
54 52
2
54 53
2
54 54
2
54 55
2
54 56
2
54 57
2
54 58
2
54 59
2
54 60
2
55 0
2
55 1
2
55 2
2
55 3
2
55 4
2
55 5
2
55 6
2
55 7
2
55 8
2
55 9
2
55 10
2
55 11
2
55 12
2
55 13
2
55 14
2
55 15
2
55 16
2
55 17
2
55 18
2
55 19
2
55 20
2
55 21
2
55 22
2
55 23
2
55 24
2
55 25
2
55 26
2
55 27
2
55 28
2
55 29
2
55 30
2
55 31
2
55 32
2
55 33
2
55 34
2
55 35
2
55 36
2
55 37
2
55 38
2
55 39
2
55 40
2
55 41
2
55 42
2
55 43
2
55 44
2
55 45
2
55 46
2
55 47
2
55 48
2
55 49
2
55 50
2
55 51
2
55 52
2
55 53
2
55 54
2
55 55
2
55 56
2
55 57
2
55 58
2
55 59
2
55 60
2
56 0
2
56 1
2
56 2
2
56 3
2
56 4
2
56 5
2
56 6
2
56 7
2
56 8
2
56 9
2
56 10
2
56 11
2
56 12
2
56 13
2
56 14
2
56 15
2
56 16
2
56 17
2
56 18
2
56 19
2
56 20
2
56 21
2
56 22
2
56 23
2
56 24
2
56 25
2
56 26
2
56 27
2
56 28
2
56 29
2
56 30
2
56 31
2
56 32
2
56 33
2
56 34
2
56 35
2
56 36
2
56 37
2
56 38
2
56 39
2
56 40
2
56 41
2
56 42
2
56 43
2
56 44
2
56 45
2
56 46
2
56 47
2
56 48
2
56 49
2
56 50
2
56 51
2
56 52
2
56 53
2
56 54
2
56 55
2
56 56
2
56 57
2
56 58
2
56 59
2
56 60
2
57 0
2
57 1
2
57 2
2
57 3
2
57 4
2
57 5
2
57 6
2
57 7
2
57 8
2
57 9
2
57 10
2
57 11
2
57 12
2
57 13
2
57 14
2
57 15
2
57 16
2
57 17
2
57 18
2
57 19
2
57 20
2
57 21
2
57 22
2
57 23
2
57 24
2
57 25
2
57 26
2
57 27
2
57 28
2
57 29
2
57 30
2
57 31
2
57 32
2
57 33
2
57 34
2
57 35
2
57 36
2
57 37
2
57 38
2
57 39
2
57 40
2
57 41
2
57 42
2
57 43
2
57 44
2
57 45
2
57 46
2
57 47
2
57 48
2
57 49
2
57 50
2
57 51
2
57 52
2
57 53
2
57 54
2
57 55
2
57 56
2
57 57
2
57 58
2
57 59
2
57 60
2
58 0
2
58 1
2
58 2
2
58 3
2
58 4
2
58 5
2
58 6
2
58 7
2
58 8
2
58 9
2
58 10
2
58 11
2
58 12
2
58 13
2
58 14
2
58 15
2
58 16
2
58 17
2
58 18
2
58 19
2
58 20
2
58 21
2
58 22
2
58 23
2
58 24
2
58 25
2
58 26
2
58 27
2
58 28
2
58 29
2
58 30
2
58 31
2
58 32
2
58 33
2
58 34
2
58 35
2
58 36
2
58 37
2
58 38
2
58 39
2
58 40
2
58 41
2
58 42
2
58 43
2
58 44
2
58 45
2
58 46
2
58 47
2
58 48
2
58 49
2
58 50
2
58 51
2
58 52
2
58 53
2
58 54
2
58 55
2
58 56
2
58 57
2
58 58
2
58 59
2
58 60
2
59 0
2
59 1
2
59 2
2
59 3
2
59 4
2
59 5
2
59 6
2
59 7
2
59 8
2
59 9
2
59 10
2
59 11
2
59 12
2
59 13
2
59 14
2
59 15
2
59 16
2
59 17
2
59 18
2
59 19
2
59 20
2
59 21
2
59 22
2
59 23
2
59 24
2
59 25
2
59 26
2
59 27
2
59 28
2
59 29
2
59 30
2
59 31
2
59 32
2
59 33
2
59 34
2
59 35
2
59 36
2
59 37
2
59 38
2
59 39
2
59 40
2
59 41
2
59 42
2
59 43
2
59 44
2
59 45
2
59 46
2
59 47
2
59 48
2
59 49
2
59 50
2
59 51
2
59 52
2
59 53
2
59 54
2
59 55
2
59 56
2
59 57
2
59 58
2
59 59
2
59 60
2
60 0
2
60 1
2
60 2
2
60 3
2
60 4
2
60 5
2
60 6
2
60 7
2
60 8
2
60 9
2
60 10
2
60 11
2
60 12
2
60 13
2
60 14
2
60 15
2
60 16
2
60 17
2
60 18
2
60 19
2
60 20
2
60 21
2
60 22
2
60 23
2
60 24
2
60 25
2
60 26
2
60 27
2
60 28
2
60 29
2
60 30
2
60 31
2
60 32
2
60 33
2
60 34
2
60 35
2
60 36
2
60 37
2
60 38
2
60 39
2
60 40
2
60 41
2
60 42
2
60 43
2
60 44
2
60 45
2
60 46
2
60 47
2
60 48
2
60 49
2
60 50
2
60 51
2
60 52
2
60 53
2
60 54
2
60 55
2
60 56
2
60 57
2
60 58
2
60 59
2
60 60
