-1
-1
-1
-1
-1
-1
-1
-1
-1
-1
-1
-1
-1
-1
-1
-1
-1
-1
-1
-1
-1
-1
-1
-1
-1
-1
-1
-1
-1
-1
-1
-1
-1
-1
-1
-1
-1
-1
131071
196607
229375
245759
253951
258047
260095
261119
261631
261887
262015
262079
262111
262127
262135
262139
262141
262142
-1
-1
-1
-1
-1
-1
-1
-1
-1
-1
-1
-1
-1
-1
-1
-1
-1
-1
-1
-1
-1
-1
-1
-1
-1
-1
-1
-1
-1
-1
-1
-1
-1
-1
-1
-1
-1
-1
-1
-1
-1
-1
-1
262143
393215
458751
491519
507903
516095
520191
522239
523263
523775
524031
524159
524223
524255
524271
524279
524283
524285
524286
-1
-1
-1
-1
-1
-1
-1
-1
-1
-1
-1
-1
-1
-1
-1
-1
-1
-1
-1
-1
-1
-1
-1
-1
-1
-1
-1
-1
-1
-1
-1
-1
-1
-1
-1
-1
-1
-1
-1
-1
-1
-1
524287
786431
917503
983039
1015807
1032191
1040383
1044479
1046527
1047551
1048063
1048319
1048447
1048511
1048543
1048559
1048567
1048571
1048573
1048574
-1
-1
-1
-1
-1
-1
-1
-1
-1
-1
-1
-1
-1
-1
-1
-1
-1
-1
-1
-1
-1
-1
-1
-1
-1
-1
-1
-1
-1
-1
-1
-1
-1
-1
-1
-1
-1
-1
-1
-1
-1
1048575
1572863
1835007
1966079
2031615
2064383
2080767
2088959
2093055
2095103
2096127
2096639
2096895
2097023
2097087
2097119
2097135
2097143
2097147
2097149
2097150
-1
-1
-1
-1
-1
-1
-1
-1
-1
-1
-1
-1
-1
-1
-1
-1
-1
-1
-1
-1
-1
-1
-1
-1
-1
-1
-1
-1
-1
-1
-1
-1
-1
-1
-1
-1
-1
-1
-1
-1
2097151
3145727
3670015
3932159
4063231
4128767
4161535
4177919
4186111
4190207
4192255
4193279
4193791
4194047
4194175
4194239
4194271
4194287
4194295
4194299
4194301
4194302
-1
-1
-1
-1
-1
-1
-1
-1
-1
-1
-1
-1
-1
-1
-1
-1
-1
-1
-1
-1
-1
-1
-1
-1
-1
-1
-1
-1
-1
-1
-1
-1
-1
-1
-1
-1
-1
-1
-1
4194303
6291455
7340031
7864319
8126463
8257535
8323071
8355839
8372223
8380415
8384511
8386559
8387583
8388095
8388351
8388479
8388543
8388575
8388591
8388599
8388603
8388605
8388606
-1
-1
-1
-1
-1
-1
-1
-1
-1
-1
-1
-1
-1
-1
-1
-1
-1
-1
-1
-1
-1
-1
-1
-1
-1
-1
-1
-1
-1
-1
-1
-1
-1
-1
-1
-1
-1
-1
8388607
12582911
14680063
15728639
16252927
16515071
16646143
16711679
16744447
16760831
16769023
16773119
16775167
16776191
16776703
16776959
16777087
16777151
16777183
16777199
16777207
16777211
16777213
16777214
-1
-1
-1
-1
-1
-1
-1
-1
-1
-1
-1
-1
-1
-1
-1
-1
-1
-1
-1
-1
-1
-1
-1
-1
-1
-1
-1
-1
-1
-1
-1
-1
-1
-1
-1
-1
-1
16777215
25165823
29360127
31457279
32505855
33030143
33292287
33423359
33488895
33521663
33538047
33546239
33550335
33552383
33553407
33553919
33554175
33554303
33554367
33554399
33554415
33554423
33554427
33554429
33554430
-1
-1
-1
-1
-1
-1
-1
-1
-1
-1
-1
-1
-1
-1
-1
-1
-1
-1
-1
-1
-1
-1
-1
-1
-1
-1
-1
-1
-1
-1
-1
-1
-1
-1
-1
-1
33554431
50331647
58720255
62914559
65011711
66060287
66584575
66846719
66977791
67043327
67076095
67092479
67100671
67104767
67106815
67107839
67108351
67108607
67108735
67108799
67108831
67108847
67108855
67108859
67108861
67108862
-1
-1
-1
-1
-1
-1
-1
-1
-1
-1
-1
-1
-1
-1
-1
-1
-1
-1
-1
-1
-1
-1
-1
-1
-1
-1
-1
-1
-1
-1
-1
-1
-1
-1
-1
67108863
100663295
117440511
125829119
130023423
132120575
133169151
133693439
133955583
134086655
134152191
134184959
134201343
134209535
134213631
134215679
134216703
134217215
134217471
134217599
134217663
134217695
134217711
134217719
134217723
134217725
134217726
-1
-1
-1
-1
-1
-1
-1
-1
-1
-1
-1
-1
-1
-1
-1
-1
-1
-1
-1
-1
-1
-1
-1
-1
-1
-1
-1
-1
-1
-1
-1
-1
-1
-1
134217727
201326591
234881023
251658239
260046847
264241151
266338303
267386879
267911167
268173311
268304383
268369919
268402687
268419071
268427263
268431359
268433407
268434431
268434943
268435199
268435327
268435391
268435423
268435439
268435447
268435451
268435453
268435454
-1
-1
-1
-1
-1
-1
-1
-1
-1
-1
-1
-1
-1
-1
-1
-1
-1
-1
-1
-1
-1
-1
-1
-1
-1
-1
-1
-1
-1
-1
-1
-1
-1
268435455
402653183
469762047
503316479
520093695
528482303
532676607
534773759
535822335
536346623
536608767
536739839
536805375
536838143
536854527
536862719
536866815
536868863
536869887
536870399
536870655
536870783
536870847
536870879
536870895
536870903
536870907
536870909
536870910
-1
-1
-1
-1
-1
-1
-1
-1
-1
-1
-1
-1
-1
-1
-1
-1
-1
-1
-1
-1
-1
-1
-1
-1
-1
-1
-1
-1
-1
-1
-1
-1
536870911
805306367
939524095
1006632959
1040187391
1056964607
1065353215
1069547519
1071644671
1072693247
1073217535
1073479679
1073610751
1073676287
1073709055
1073725439
1073733631
1073737727
1073739775
1073740799
1073741311
1073741567
1073741695
1073741759
1073741791
1073741807
1073741815
1073741819
1073741821
1073741822
-1
-1
-1
-1
-1
-1
-1
-1
-1
-1
-1
-1
-1
-1
-1
-1
-1
-1
-1
-1
-1
-1
-1
-1
-1
-1
-1
-1
-1
-1
-1
1073741823
1610612735
1879048191
2013265919
2080374783
2113929215
2130706431
2139095039
2143289343
2145386495
2146435071
2146959359
2147221503
2147352575
2147418111
2147450879
2147467263
2147475455
2147479551
2147481599
2147482623
2147483135
2147483391
2147483519
2147483583
2147483615
2147483631
2147483639
2147483643
2147483645
2147483646
-1
-1
-1
-1
-1
-1
-1
-1
-1
-1
-1
-1
-1
-1
-1
-1
-1
-1
-1
-1
-1
-1
-1
-1
-1
-1
-1
-1
-1
-1
2147483647
3221225471
3758096383
4026531839
4160749567
4227858431
4261412863
4278190079
4286578687
4290772991
4292870143
4293918719
4294443007
4294705151
4294836223
4294901759
4294934527
4294950911
4294959103
4294963199
4294965247
4294966271
4294966783
4294967039
4294967167
4294967231
4294967263
4294967279
4294967287
4294967291
4294967293
4294967294
-1
-1
-1
-1
-1
-1
-1
-1
-1
-1
-1
-1
-1
-1
-1
-1
-1
-1
-1
-1
-1
-1
-1
-1
-1
-1
-1
-1
-1
4294967295
6442450943
7516192767
8053063679
8321499135
8455716863
8522825727
8556380159
8573157375
8581545983
8585740287
8587837439
8588886015
8589410303
8589672447
8589803519
8589869055
8589901823
8589918207
8589926399
8589930495
8589932543
8589933567
8589934079
8589934335
8589934463
8589934527
8589934559
8589934575
8589934583
8589934587
8589934589
8589934590
-1
-1
-1
-1
-1
-1
-1
-1
-1
-1
-1
-1
-1
-1
