2097142
140737488355277
524233
69
281474976710631
157
65507
16777207
8796093022172
156
1099511627727
1048533
155
262125
281474976710622
147
4398046511040
2008
549755813878
150
9007199254740986
1125899906842599
8388529
281474976710593
68
16777160
288230376151711716
145
73
9007199254740967
71
152
33554404
145
16777157
2047
153
68719476683
4503599627370494
4294967271
16319
35184372088823
5
1099511627748
281474976710585
152
150
262134
2147483643
9007199254740963
150
146
4503599627370443
2097119
145
524212
70368744177615
49
16373
281474976710630
146
8162
2251799813685191
18014398509481922
134217683
151
144115188075855836
288230376151711694
268435394
4294967260
17179869123
4294967295
36028797018963908
8796093022181
8589934539
18014398509481963
151
146
32699
153
18014398509481964
576460752303423435
152
77
68719476733
16380
576460752303423472
68
146
17592186044389
68719476657
4194233
1099511627718
67
152
1984
149
151
288230376151711721
67
32696
288230376151711683
64
16354
75
4294967226
65
8796093022132
262081
9007199254740970
70368744177652
281474976710613
67108803
72057594037927916
156
985
137438953465
70368744177637
137438953443
153
144115188075855807
4194282
149
4294967255
72
2147483610
151
245
35184372088778
32762
38
8113
962
144115188075855861
274877906935
78
76
157
1073741785
67108801
70
1125899906842601
70
17592186044394
70
536870845
73
8589934526
8123
2097102
8132
77
274877906938
17179869160
67
75
152
8169
536870908
155
268435431
137438953409
144115188075855817
68719476714
33554353
68719476677
1099511627701
184
155
274877906890
143
274877906929
240
4503599627370418
32725
154
137438953464
4503599627370450
16777158
8388584
72
137438953442
2251799813685202
148
149
8114
77
157
70
439
1099511627741
288230376151711689
64
157
155
8589934540
156
18014398509481960
98
69
274877906920
562949953421246
576460752303423445
72057594037927880
262084
8796093022176
67108839
2199023255515
71
4398046511100
137438953452
8796093022199
131050
144115188075855809
9
64
145
77
76
66
4398046511042
70368744177660
150
34359738300
36028797018963965
72057594037927919
8170
144115188075855852
145
8796093022138
16362
151
444
155
17179869113
149
33554374
-1
9007199254740980
268435441
2251799813685225
549755813846
151
562949953421291
2147483633
152
72
153
35184372088797
144115188075855798
154
17179869126
268435454
262105
2147483617
145
67108788
281474976710632
131053
1012
978
4072
71
33554361
153
152
156
268435402
17592186044406
67108859
65
73
228
67
4503599627370439
76
549755813875
151
149
34359738351
194
137438953408
32726
78
140737488355313
8388568
16777176
288230376151711700
69
996
281474976710601
144
4398046511071
65521
4194293
8388578
70
65
36028797018963946
262137
36028797018963933
2147483573
549755813831
156
33554378
145
145
144115188075855851
576460752303423461
72057594037927893
1073741812
72057594037927868
1073741777
36
274877906913
143
288230376151711722
1000
154
76
65510
71
1048501
134217693
4071
70368744177658
78
288230376151711717
147
78
2026
4194286
33554423
262116
288230376151711671
72057594037927887
274877906928
34359738295
8153
36028797018963931
148
36028797018963953
34359738360
1099511627746
17592186044415
71
4194248
268435404
268435437
2097134
1048546
509
16777202
87
113
262093
144
39
144
433
131012
150
14
72
32743
963
140737488355279
150
35
549755813841
148
262099
143
70
76
1991
140737488355284
4092
1048548
2251799813685230
154
35184372088822
65522
190
288230376151711729
4073
67108799
1969
148
2199023255489
2251799813685241
69
4091
268435409
4294967256
16357
71
18014398509481920
18014398509481957
127
4398046511068
67
2147483571
8388581
1125899906842572
1073741753
140737488355304
65499
2251799813685242
17179869135
70368744177601
2147483589
67108802
74
1125899906842618
147
147
65495
35184372088759
33554413
146
67108821
150
153
17592186044391
2251799813685180
140737488355253
134217677
146
8388596
18014398509481951
268435422
4398046511075
274877906877
508
576460752303423458
2043
65
150
8118
156
75
2097130
74
4294967283
952
34
76
64
56
144115188075855855
2251799813685223
65485
153
144
562949953421302
32752
66
16777190
8189
4194246
288230376151711679
144115188075855833
70368744177626
281474976710634
16777140
64
131052
281474976710644
981
77
274877906908
69
549755813818
32745
33554426
148
281474976710600
148
144
16777170
562949953421248
945
4294967217
-1
506
149
2097073
70368744177656
549755813840
36028797018963930
145
2199023255527
65
8164
1048540
147
72057594037927908
225
288230376151711698
64
8589934571
16355
2199023255529
17592186044394
4294967273
1073741773
562949953421295
2147483624
72057594037927883
1048573
8796093022130
148
1125899906842620
1125899906842612
152
143
1048567
17592186044377
74
1099511627721
68719476729
72057594037927906
4503599627370470
147
72
4018
72057594037927899
8589934563
35184372088782
8163
148
16318
17179869158
77
8388554
18014398509481921
157
156
8186
72
1125899906842550
2097074
4194279
67108828
73
8154
68
79
8589934590
1099511627756
4194261
134217676
8589934530
67108851
68
17179869172
234
4503599627370456
8589934576
2199023255526
155
148
134217692
576460752303423427
146
70368744177586
8589934557
549755813848
34359738350
2251799813685207
4194271
36028797018963921
72057594037927895
16354
143
281474976710597
4194262
8388586
137438953432
2199023255518
8589934528
17179869163
34359738335
524219
33554415
288230376151711708
8388557
33
2023
8388531
78
1974
1099511627710
4294967232
148
967
1073741766
66
70368744177592
