1073741778
4194235
966
32711
148
77
8589934589
71
8388560
8140
4065
288230376151711688
1073741786
68719476713
8589934562
45
35184372088784
75
-1
4078
16777149
4294967235
137438953454
8388584
32753
17592186044351
35184372088795
16777194
4027
144
76
2199023255509
134217708
131048
147
2251799813685220
262116
157
-1
16305
151
69
2024
68719476665
143
77
65466
576460752303423413
64
66
87
274877906916
281474976710628
8589934544
152
442
149
146
32737
8184
147
17592186044346
268435452
536870876
1073741761
144
157
143
1048554
2251799813685214
17179869177
1073741802
137438953444
288230376151711740
18014398509481944
4294967251
65511
524261
1099511627736
536870891
72057594037927869
65505
67108786
16777164
562949953421310
68
145
147
67108794
8589934588
144115188075855812
987
208
16347
72
18014398509481972
549755813811
137438953434
-1
8589934515
8589934571
8589934537
134217664
68
67108840
4503599627370474
35
144
16321
33554393
17592186044412
155
0
262119
148
16777214
146
67108806
549755813852
8796093022170
2199023255535
2147483608
213
8
78
8172
1017
32758
288230376151711706
144
140737488355320
76
67
70368744177618
576460752303423437
16316
8796093022173
68719476664
155
288230376151711699
146
4055
1992
74
16363
524248
4398046511075
143
467
16777189
200
76
70
1048547
1048553
155
75
182
1099511627755
68719476734
149
70368744177644
32723
4021
32
268435400
155
-1
4025
69
131005
73
66
154
281474976710620
1099511627698
64
65484
8152
146
8796093022186
134217661
78
2147483569
1000
4503599627370458
68719476720
18014398509481971
157
268435432
77
35184372088801
34359738342
146
35184372088814
147
8589934556
70368744177597
1001
536870851
64
154
70
148
524209
151
71
156
75
262088
536870858
4398046511032
562949953421237
4064
134217707
146
536870891
65509
34359738322
2199023255485
67
140737488355297
1007
4063
1099511627731
2251799813685243
144
30
144115188075855846
72057594037927886
16375
8115
4398046511059
-1
268435430
134217695
140737488355323
78
18014398509481947
237
4046
252
131071
4194268
32736
4294967266
18014398509481979
16325
67108848
68719476700
65475
1099511627772
150
8796093022185
288230376151711739
140737488355299
72057594037927929
151
68719476714
34359738314
4051
262086
34359738316
288230376151711743
2097132
4398046511034
143
1099511627726
562949953421290
288230376151711731
35184372088821
144
154
268435436
262089
70368744177617
34359738323
2147483645
1048570
8388600
68719476706
156
8147
2251799813685209
154
1099511627756
73
33554373
281474976710592
150
63
144
16329
524285
37
35184372088815
149
8796093022144
137438953393
134217684
2199023255537
73
8589934554
17592186044413
274877906942
4503599627370440
2097149
70368744177605
143
147
2097126
2028
1099511627708
150
2097105
4398046511053
576460752303423479
1008
4294967257
268435411
4076
70
209
99
36028797018963952
65474
576460752303423473
78
155
143
70368744177638
70
524281
149
134217706
-1
140737488355306
36028797018963940
288230376151711673
32748
68719476670
65467
1048558
65514
2251799813685217
17179869148
140737488355274
70368744177594
73
9007199254740919
549755813868
74
1125899906842596
576460752303423459
27
68719476678
36028797018963925
4194280
148
8589934584
1125899906842614
2022
1073741793
77
66
2199023255547
18014398509481931
524236
281474976710582
524263
156
524255
8388567
-1
143
137438953394
143
576460752303423477
66
1048549
16777172
268435430
67108812
70
262139
524213
65
1048550
536870844
146
68
8796093022191
17179869155
146
8137
483
4294967273
73
35184372088816
2199023255517
85
67108852
4294967238
100
70
524217
268435446
9007199254740927
140737488355263
4398046511083
2251799813685219
549755813856
152
147
33554364
140737488355259
4503599627370490
71
281474976710588
1099511627753
156
154
153
1073741765
134217717
16777196
76
149
9007199254740935
16332
131048
35184372088804
274877906943
2010
71
4294967284
68719476719
4058
262138
2147483585
1972
157
70368744177635
562949953421277
2251799813685227
144115188075855821
32695
1125899906842573
1048574
74
72057594037927892
147
562949953421283
524253
55
36028797018963898
8158
281474976710621
17592186044402
134217655
153
4194259
17179869171
16379
536870852
70
70368744177619
154
8388577
144115188075855794
8796093022187
2097087
78
1099511627762
18014398509481909
18014398509481928
137438953439
8174
2251799813685221
137438953441
8175
4194252
13
33554362
145
2199023255529
17179869149
8796093022183
549755813868
74
4294967270
18014398509481982
9007199254740922
4052
2251799813685238
274877906915
2147483640
2097078
77
76
4503599627370471
67
1048568
4032
274877906912
73
76
68719476693
281474976710602
8796093022161
1048542
34359738290
268435433
148
68719476666
143
8388532
2013
153
18014398509481973
8129
9007199254740973
288230376151711716
65530
76
72
8796093022186
2147483588
268435448
36028797018963890
8388571
8191
73
479
2037
1073741804
2097130
156
71
1125899906842575
8388605
2147483618
268435453
154
153
488
131024
4194302
281474976710605
134217725
74
2199023255531
34359738345
274877906873
73
1073741801
144115188075855803
1003
151
268435387
35184372088762
149
17592186044390
2147483614
66
8388559
150
1099511627753
134217670
8388595
17179869170
74
262078
18014398509481914
1988
144
4294967268
1099511627745
4294967280
2147483637
1073741809
4083
288230376151711703
16338
156
65463
53
549755813838
72
151
2251799813685220
77
4503599627370427
131009
70
8148
2097141
72057594037927857
69
16777187
4398046511088
1125899906842559
16777198
8796093022166
145
9007199254740948
144115188075855823
268435415
35184372088798
75
68719476715
17179869119
2147483598
145
65
16777167
144115188075855839
155
33554409
288230376151711736
16330
436
131064
144
35184372088758
16313
144
155
288230376151711718
562949953421236
991
2251799813685212
4024
524245
4194251
140737488355288
17592186044411
288230376151711704
18014398509481945
9007199254740938
153
86
64
1013
131054
153
4398046511087
4294967259
74
4503599627370434
147
157
268435408
524244
65
77
149
1099511627699
72057594037927905
156
69
33554356
4194289
156
249
72
157
562949953421285
154
35184372088813
70368744177602
8796093022181
4398046511079
16370
1048539
137438953436
195
8589934568
2251799813685197
105
67108855
8589934543
18014398509481959
76
1125899906842604
72
2147483625
70368744177590
70368744177593
549755813850
8388575
1048547
2034
8388555
268435412
9007199254740977
64
72
137438953404
17179869145
76
1998
33554419
75
562949953421284
147
35184372088753
2251799813685226
65508
32703
288230376151711714
4194301
524259
16377
4503599627370433
274877906918
1048520
70368744177641
156
576460752303423411
9007199254740983
4
4194276
153
8589934517
72057594037927859
75
157
66
2097106
68719476680
17
150
268435428
74
151
36028797018963934
32720
1994
471
17179869151
274877906936
152
1099511627704
76
153
4019
549755813874
224
524211
70
36028797018963929
151
1125899906842584
487
8796093022154
288230376151711715
67108811
576460752303423432
72057594037927870
4029
268435397
144115188075855838
67108792
156
34359738301
137438953401
2199023255549
2097117
143
70
1048513
4398046511047
68719476708
36028797018963899
18014398509481919
4503599627370431
562949953421276
268435435
2199023255530
150
144115188075855848
34359738334
36028797018963939
32739
131047
72
4090
483
70
2251799813685206
16315
140737488355286
143
69
274877906893
2097081
144
147
8388574
34359738302
4398046511094
17592186044341
131057
131034
144115188075855858
144115188075855840
281474976710589
131022
16777177
997
65514
4294967264
288230376151711726
2097140
137438953411
549755813882
68719476698
72057594037927894
72
34359738347
65
150
1099511627747
2147483601
67
148
17179869158
576460752303423462
-1
4194283
16777206
151
4503599627370472
198
134217698
1048522
1099511627771
18014398509481915
18014398509481950
524230
74
76
235
64
69
562949953421286
17592186044374
18014398509481968
131000
562949953421240
32764
969
2199023255523
33554355
524252
73
74
13
4294967269
1125899906842622
993
147
536870861
67
281474976710590
70368744177616
9007199254740925
4294967272
8796093022148
143
4398046511085
2199023255506
68
1125899906842588
151
34359738324
281474976710654
70368744177641
536870862
77
17179869109
8187
16366
8185
8589934558
1099511627700
274877906869
452
4503599627370442
137438953426
288230376151711738
65
45
144
2097132
2021
274877906865
549755813869
8167
157
72057594037927915
236
33554403
262121
150
70368744177585
524239
26
75
9007199254740931
134217703
4398046511069
36028797018963902
144
48
17179869128
144115188075855818
75
144
-1
32747
71
562949953421268
2147483618
153
2097116
69
16777200
154
149
150
2097090
33554371
262083
576460752303423443
34359738329
262112
2251799813685169
149
134217681
16345
68
1011
145
8172
1048500
4194250
35184372088764
576460752303423410
524243
524282
67
2251799813685222
137438953463
-1
4086
8589934572
68719476672
33554379
268435429
288230376151711672
17179869164
68
70368744177613
66
288230376151711712
144
216
72
67108850
18014398509481941
68
104
74
576460752303423467
536870877
2199023255536
4034
144
72
4294967236
281474976710627
33554411
73
71
33554402
16311
281474976710635
34359738341
2147483635
74
2251799813685219
17179869176
1125899906842595
16777168
1048526
147
35184372088806
70
