600
50
19 20 18 19 19 20 19 20 20 21 1 2 2 3 2 3 3 4 2 3 3 4 3 4 4 5 2 3 3 4 3 4 4 5 3 4 4 5 4 5 5 6 2 3 3 4 3 4 4 5
50
44 44 45 42 43 43 44 43 44 44 45 43 44 44 45 44 45 45 46 42 43 43 44 43 44 44 45 43 44 44 45 44 45 45 46 43 44 44 45 44 45 45 46 44 45 45 46 45 46 46
50
15 15 16 15 16 16 17 14 15 15 16 15 16 16 17 15 16 16 17 16 17 17 18 14 15 15 16 15 16 16 17 15 16 16 17 16 17 17 18 15 16 16 17 16 17 17 18 16 17 17
50
3 3 4 2 3 3 4 3 4 4 5 2 3 3 4 3 4 4 5 3 4 4 5 4 5 5 6 2 3 3 4 3 4 4 5 3 4 4 5 4 5 5 6 3 4 4 5 4 5 5
50
46 44 45 45 46 45 46 46 47 44 45 45 46 45 46 46 47 45 46 46 47 46 47 47 48 1 2 2 3 2 3 3 4 2 3 3 4 3 4 4 5 2 3 3 4 3 4 4 5 3
50
5 5 6 2 3 3 4 3 4 4 5 3 4 4 5 4 5 5 6 3 4 4 5 4 5 5 6 4 5 5 6 5 6 6 7 2 3 3 4 3 4 4 5 3 4 4 5 4 5 5
50
13 12 13 13 14 12 13 13 14 13 14 14 15 12 13 13 14 13 14 14 15 13 14 14 15 14 15 15 16 1 2 2 3 2 3 3 4 2 3 3 4 3 4 4 5 2 3 3 4 3
50
23 21 22 22 23 22 23 23 24 1 2 2 3 2 3 3 4 2 3 3 4 3 4 4 5 2 3 3 4 3 4 4 5 3 4 4 5 4 5 5 6 2 3 3 4 3 4 4 5 3
50
40 41 41 42 38 39 39 40 39 40 40 41 39 40 40 41 40 41 41 42 39 40 40 41 40 41 41 42 40 41 41 42 41 42 42 43 1 2 2 3 2 3 3 4 2 3 3 4 3 4
50
4 5 5 6 2 3 3 4 3 4 4 5 3 4 4 5 4 5 5 6 3 4 4 5 4 5 5 6 4 5 5 6 5 6 6 7 2 3 3 4 3 4 4 5 3 4 4 5 4 5
50
38 35 36 36 37 36 37 37 38 36 37 37 38 37 38 38 39 35 36 36 37 36 37 37 38 36 37 37 38 37 38 38 39 36 37 37 38 37 38 38 39 37 38 38 39 38 39 39 40 1
50
17 17 18 16 17 17 18 17 18 18 19 15 16 16 17 16 17 17 18 16 17 17 18 17 18 18 19 16 17 17 18 17 18 18 19 17 18 18 19 18 19 19 20 1 2 2 3 2 3 3
50
5 4 5 5 6 2 3 3 4 3 4 4 5 3 4 4 5 4 5 5 6 3 4 4 5 4 5 5 6 4 5 5 6 5 6 6 7 2 3 3 4 3 4 4 5 3 4 4 5 4
50
16 16 17 14 15 15 16 15 16 16 17 15 16 16 17 16 17 17 18 1 2 2 3 2 3 3 4 2 3 3 4 3 4 4 5 2 3 3 4 3 4 4 5 3 4 4 5 4 5 5
50
46 47 43 44 44 45 44 45 45 46 44 45 45 46 45 46 46 47 44 45 45 46 45 46 46 47 45 46 46 47 46 47 47 48 1 2 2 3 2 3 3 4 2 3 3 4 3 4 4 5
50
4 3 4 4 5 3 4 4 5 4 5 5 6 2 3 3 4 3 4 4 5 3 4 4 5 4 5 5 6 3 4 4 5 4 5 5 6 4 5 5 6 5 6 6 7 2 3 3 4 3
50
36 37 37 38 37 38 38 39 37 38 38 39 38 39 39 40 37 38 38 39 38 39 39 40 38 39 39 40 39 40 40 41 37 38 38 39 38 39 39 40 38 39 39 40 39 40 40 41 38 39
50
7 8 8 9 8 9 9 10 6 7 7 8 7 8 8 9 7 8 8 9 8 9 9 10 7 8 8 9 8 9 9 10 8 9 9 10 9 10 10 11 1 2 2 3 2 3 3 4 2 3
50
37 38 36 37 37 38 37 38 38 39 1 2 2 3 2 3 3 4 2 3 3 4 3 4 4 5 2 3 3 4 3 4 4 5 3 4 4 5 4 5 5 6 2 3 3 4 3 4 4 5
50
4 5 3 4 4 5 4 5 5 6 2 3 3 4 3 4 4 5 3 4 4 5 4 5 5 6 3 4 4 5 4 5 5 6 4 5 5 6 5 6 6 7 2 3 3 4 3 4 4 5
50
51 52 51 52 52 53 1 2 2 3 2 3 3 4 2 3 3 4 3 4 4 5 2 3 3 4 3 4 4 5 3 4 4 5 4 5 5 6 2 3 3 4 3 4 4 5 3 4 4 5
50
48 46 47 47 48 47 48 48 49 46 47 47 48 47 48 48 49 47 48 48 49 48 49 49 50 1 2 2 3 2 3 3 4 2 3 3 4 3 4 4 5 2 3 3 4 3 4 4 5 3
50
19 19 20 19 20 20 21 19 20 20 21 20 21 21 22 17 18 18 19 18 19 19 20 18 19 19 20 19 20 20 21 18 19 19 20 19 20 20 21 19 20 20 21 20 21 21 22 18 19 19
50
43 43 44 43 44 44 45 43 44 44 45 44 45 45 46 43 44 44 45 44 45 45 46 44 45 45 46 45 46 46 47 43 44 44 45 44 45 45 46 44 45 45 46 45 46 46 47 44 45 45
50
2 3 3 4 2 3 3 4 3 4 4 5 2 3 3 4 3 4 4 5 3 4 4 5 4 5 5 6 2 3 3 4 3 4 4 5 3 4 4 5 4 5 5 6 3 4 4 5 4 5
50
19 20 20 21 20 21 21 22 19 20 20 21 20 21 21 22 20 21 21 22 21 22 22 23 19 20 20 21 20 21 21 22 20 21 21 22 21 22 22 23 20 21 21 22 21 22 22 23 21 22
50
54 55 55 56 54 55 55 56 55 56 56 57 54 55 55 56 55 56 56 57 55 56 56 57 56 57 57 58 1 2 2 3 2 3 3 4 2 3 3 4 3 4 4 5 2 3 3 4 3 4
50
3 3 4 3 4 4 5 3 4 4 5 4 5 5 6 2 3 3 4 3 4 4 5 3 4 4 5 4 5 5 6 3 4 4 5 4 5 5 6 4 5 5 6 5 6 6 7 2 3 3
50
3 3 4 3 4 4 5 2 3 3 4 3 4 4 5 3 4 4 5 4 5 5 6 2 3 3 4 3 4 4 5 3 4 4 5 4 5 5 6 3 4 4 5 4 5 5 6 4 5 5
50
51 49 50 50 51 50 51 51 52 49 50 50 51 50 51 51 52 50 51 51 52 51 52 52 53 1 2 2 3 2 3 3 4 2 3 3 4 3 4 4 5 2 3 3 4 3 4 4 5 3
50
4 2 3 3 4 3 4 4 5 2 3 3 4 3 4 4 5 3 4 4 5 4 5 5 6 2 3 3 4 3 4 4 5 3 4 4 5 4 5 5 6 3 4 4 5 4 5 5 6 4
50
3 4 4 5 4 5 5 6 2 3 3 4 3 4 4 5 3 4 4 5 4 5 5 6 3 4 4 5 4 5 5 6 4 5 5 6 5 6 6 7 2 3 3 4 3 4 4 5 3 4
50
21 22 22 23 21 22 22 23 22 23 23 24 21 22 22 23 22 23 23 24 22 23 23 24 23 24 24 25 1 2 2 3 2 3 3 4 2 3 3 4 3 4 4 5 2 3 3 4 3 4
50
3 3 4 3 4 4 5 3 4 4 5 4 5 5 6 2 3 3 4 3 4 4 5 3 4 4 5 4 5 5 6 3 4 4 5 4 5 5 6 4 5 5 6 5 6 6 7 2 3 3
50
20 20 21 19 20 20 21 20 21 21 22 19 20 20 21 20 21 21 22 20 21 21 22 21 22 22 23 19 20 20 21 20 21 21 22 20 21 21 22 21 22 22 23 20 21 21 22 21 22 22
50
11 1 2 2 3 2 3 3 4 2 3 3 4 3 4 4 5 2 3 3 4 3 4 4 5 3 4 4 5 4 5 5 6 2 3 3 4 3 4 4 5 3 4 4 5 4 5 5 6 3
50
4 4 5 4 5 5 6 2 3 3 4 3 4 4 5 3 4 4 5 4 5 5 6 3 4 4 5 4 5 5 6 4 5 5 6 5 6 6 7 2 3 3 4 3 4 4 5 3 4 4
50
33 32 33 33 34 31 32 32 33 32 33 33 34 32 33 33 34 33 34 34 35 31 32 32 33 32 33 33 34 32 33 33 34 33 34 34 35 32 33 33 34 33 34 34 35 33 34 34 35 34
50
51 52 1 2 2 3 2 3 3 4 2 3 3 4 3 4 4 5 2 3 3 4 3 4 4 5 3 4 4 5 4 5 5 6 2 3 3 4 3 4 4 5 3 4 4 5 4 5 5 6
50
30 28 29 29 30 29 30 30 31 28 29 29 30 29 30 30 31 29 30 30 31 30 31 31 32 1 2 2 3 2 3 3 4 2 3 3 4 3 4 4 5 2 3 3 4 3 4 4 5 3
50
13 8 9 9 10 9 10 10 11 9 10 10 11 10 11 11 12 9 10 10 11 10 11 11 12 10 11 11 12 11 12 12 13 9 10 10 11 10 11 11 12 10 11 11 12 11 12 12 13 10
50
44 42 43 43 44 43 44 44 45 1 2 2 3 2 3 3 4 2 3 3 4 3 4 4 5 2 3 3 4 3 4 4 5 3 4 4 5 4 5 5 6 2 3 3 4 3 4 4 5 3
50
2 2 3 1 2 2 3 2 3 3 4 1 2 2 3 2 3 3 4 2 3 3 4 3 4 4 5 1 2 2 3 2 3 3 4 2 3 3 4 3 4 4 5 2 3 3 4 3 4 4
50
36 37 37 38 36 37 37 38 37 38 38 39 36 37 37 38 37 38 38 39 37 38 38 39 38 39 39 40 1 2 2 3 2 3 3 4 2 3 3 4 3 4 4 5 2 3 3 4 3 4
50
45 45 46 45 46 46 47 42 43 43 44 43 44 44 45 43 44 44 45 44 45 45 46 43 44 44 45 44 45 45 46 44 45 45 46 45 46 46 47 43 44 44 45 44 45 45 46 44 45 45
50
3 4 4 5 4 5 5 6 2 3 3 4 3 4 4 5 3 4 4 5 4 5 5 6 3 4 4 5 4 5 5 6 4 5 5 6 5 6 6 7 2 3 3 4 3 4 4 5 3 4
50
4 5 3 4 4 5 4 5 5 6 2 3 3 4 3 4 4 5 3 4 4 5 4 5 5 6 3 4 4 5 4 5 5 6 4 5 5 6 5 6 6 7 2 3 3 4 3 4 4 5
50
16 17 15 16 16 17 16 17 17 18 1 2 2 3 2 3 3 4 2 3 3 4 3 4 4 5 2 3 3 4 3 4 4 5 3 4 4 5 4 5 5 6 2 3 3 4 3 4 4 5
50
30 29 30 30 31 1 2 2 3 2 3 3 4 2 3 3 4 3 4 4 5 2 3 3 4 3 4 4 5 3 4 4 5 4 5 5 6 2 3 3 4 3 4 4 5 3 4 4 5 4
50
50 49 50 50 51 49 50 50 51 50 51 51 52 49 50 50 51 50 51 51 52 50 51 51 52 51 52 52 53 1 2 2 3 2 3 3 4 2 3 3 4 3 4 4 5 2 3 3 4 3
50
4 5 3 4 4 5 4 5 5 6 2 3 3 4 3 4 4 5 3 4 4 5 4 5 5 6 3 4 4 5 4 5 5 6 4 5 5 6 5 6 6 7 2 3 3 4 3 4 4 5
50
3 4 3 4 4 5 3 4 4 5 4 5 5 6 2 3 3 4 3 4 4 5 3 4 4 5 4 5 5 6 3 4 4 5 4 5 5 6 4 5 5 6 5 6 6 7 2 3 3 4
50
49 48 49 49 50 47 48 48 49 48 49 49 50 48 49 49 50 49 50 50 51 47 48 48 49 48 49 49 50 48 49 49 50 49 50 50 51 48 49 49 50 49 50 50 51 49 50 50 51 50
50
20 16 17 17 18 17 18 18 19 17 18 18 19 18 19 19 20 17 18 18 19 18 19 19 20 18 19 19 20 19 20 20 21 1 2 2 3 2 3 3 4 2 3 3 4 3 4 4 5 2
50
3 3 4 3 4 4 5 3 4 4 5 4 5 5 6 2 3 3 4 3 4 4 5 3 4 4 5 4 5 5 6 3 4 4 5 4 5 5 6 4 5 5 6 5 6 6 7 2 3 3
50
15 16 16 17 15 16 16 17 16 17 17 18 13 14 14 15 14 15 15 16 14 15 15 16 15 16 16 17 14 15 15 16 15 16 16 17 15 16 16 17 16 17 17 18 14 15 15 16 15 16
50
44 41 42 42 43 42 43 43 44 42 43 43 44 43 44 44 45 41 42 42 43 42 43 43 44 42 43 43 44 43 44 44 45 42 43 43 44 43 44 44 45 43 44 44 45 44 45 45 46 1
50
3 3 4 3 4 4 5 3 4 4 5 4 5 5 6 1 2 2 3 2 3 3 4 2 3 3 4 3 4 4 5 2 3 3 4 3 4 4 5 3 4 4 5 4 5 5 6 2 3 3
50
12 12 13 11 12 12 13 12 13 13 14 1 2 2 3 2 3 3 4 2 3 3 4 3 4 4 5 2 3 3 4 3 4 4 5 3 4 4 5 4 5 5 6 2 3 3 4 3 4 4
50
45 46 44 45 45 46 45 46 46 47 44 45 45 46 45 46 46 47 45 46 46 47 46 47 47 48 1 2 2 3 2 3 3 4 2 3 3 4 3 4 4 5 2 3 3 4 3 4 4 5
50
3 4 3 4 4 5 3 4 4 5 4 5 5 6 2 3 3 4 3 4 4 5 3 4 4 5 4 5 5 6 3 4 4 5 4 5 5 6 4 5 5 6 5 6 6 7 2 3 3 4
50
9 10 9 10 10 11 9 10 10 11 10 11 11 12 9 10 10 11 10 11 11 12 10 11 11 12 11 12 12 13 1 2 2 3 2 3 3 4 2 3 3 4 3 4 4 5 2 3 3 4
50
48 46 47 47 48 47 48 48 49 46 47 47 48 47 48 48 49 47 48 48 49 48 49 49 50 46 47 47 48 47 48 48 49 47 48 48 49 48 49 49 50 47 48 48 49 48 49 49 50 48
50
49 50 49 50 50 51 49 50 50 51 50 51 51 52 49 50 50 51 50 51 51 52 50 51 51 52 51 52 52 53 49 50 50 51 50 51 51 52 50 51 51 52 51 52 52 53 50 51 51 52
50
24 23 24 24 25 23 24 24 25 24 25 25 26 22 23 23 24 23 24 24 25 23 24 24 25 24 25 25 26 23 24 24 25 24 25 25 26 24 25 25 26 25 26 26 27 1 2 2 3 2
50
5 3 4 4 5 4 5 5 6 2 3 3 4 3 4 4 5 3 4 4 5 4 5 5 6 3 4 4 5 4 5 5 6 4 5 5 6 5 6 6 7 2 3 3 4 3 4 4 5 3
50
54 55 55 56 52 53 53 54 53 54 54 55 53 54 54 55 54 55 55 56 53 54 54 55 54 55 55 56 54 55 55 56 55 56 56 57 1 2 2 3 2 3 3 4 2 3 3 4 3 4
50
55 56 53 54 54 55 54 55 55 56 54 55 55 56 55 56 56 57 53 54 54 55 54 55 55 56 54 55 55 56 55 56 56 57 54 55 55 56 55 56 56 57 55 56 56 57 56 57 57 58
50
23 24 23 24 24 25 23 24 24 25 24 25 25 26 23 24 24 25 24 25 25 26 24 25 25 26 25 26 26 27 23 24 24 25 24 25 25 26 24 25 25 26 25 26 26 27 24 25 25 26
50
29 30 30 31 27 28 28 29 28 29 29 30 28 29 29 30 29 30 30 31 28 29 29 30 29 30 30 31 29 30 30 31 30 31 31 32 1 2 2 3 2 3 3 4 2 3 3 4 3 4
50
30 29 30 30 31 29 30 30 31 30 31 31 32 29 30 30 31 30 31 31 32 30 31 31 32 31 32 32 33 29 30 30 31 30 31 31 32 30 31 31 32 31 32 32 33 30 31 31 32 31
50
32 1 2 2 3 2 3 3 4 2 3 3 4 3 4 4 5 2 3 3 4 3 4 4 5 3 4 4 5 4 5 5 6 2 3 3 4 3 4 4 5 3 4 4 5 4 5 5 6 3
50
50 51 51 52 50 51 51 52 51 52 52 53 50 51 51 52 51 52 52 53 51 52 52 53 52 53 53 54 50 51 51 52 51 52 52 53 51 52 52 53 52 53 53 54 51 52 52 53 52 53
50
40 40 41 39 40 40 41 40 41 41 42 39 40 40 41 40 41 41 42 40 41 41 42 41 42 42 43 1 2 2 3 2 3 3 4 2 3 3 4 3 4 4 5 2 3 3 4 3 4 4
50
30 29 30 30 31 28 29 29 30 29 30 30 31 29 30 30 31 30 31 31 32 28 29 29 30 29 30 30 31 29 30 30 31 30 31 31 32 29 30 30 31 30 31 31 32 30 31 31 32 31
50
52 51 52 52 53 50 51 51 52 51 52 52 53 51 52 52 53 52 53 53 54 1 2 2 3 2 3 3 4 2 3 3 4 3 4 4 5 2 3 3 4 3 4 4 5 3 4 4 5 4
50
5 3 4 4 5 4 5 5 6 2 3 3 4 3 4 4 5 3 4 4 5 4 5 5 6 3 4 4 5 4 5 5 6 4 5 5 6 5 6 6 7 2 3 3 4 3 4 4 5 3
50
3 4 3 4 4 5 3 4 4 5 4 5 5 6 2 3 3 4 3 4 4 5 3 4 4 5 4 5 5 6 3 4 4 5 4 5 5 6 4 5 5 6 5 6 6 7 2 3 3 4
50
13 12 13 13 14 9 10 10 11 10 11 11 12 10 11 11 12 11 12 12 13 10 11 11 12 11 12 12 13 11 12 12 13 12 13 13 14 10 11 11 12 11 12 12 13 11 12 12 13 12
50
4 4 5 4 5 5 6 2 3 3 4 3 4 4 5 3 4 4 5 4 5 5 6 3 4 4 5 4 5 5 6 4 5 5 6 5 6 6 7 2 3 3 4 3 4 4 5 3 4 4
50
51 52 52 53 50 51 51 52 51 52 52 53 51 52 52 53 52 53 53 54 1 2 2 3 2 3 3 4 2 3 3 4 3 4 4 5 2 3 3 4 3 4 4 5 3 4 4 5 4 5
50
56 55 56 56 57 54 55 55 56 55 56 56 57 55 56 56 57 56 57 57 58 54 55 55 56 55 56 56 57 55 56 56 57 56 57 57 58 55 56 56 57 56 57 57 58 56 57 57 58 57
50
3 4 4 5 4 5 5 6 2 3 3 4 3 4 4 5 3 4 4 5 4 5 5 6 3 4 4 5 4 5 5 6 4 5 5 6 5 6 6 7 2 3 3 4 3 4 4 5 3 4
50
4 4 5 2 3 3 4 3 4 4 5 3 4 4 5 4 5 5 6 2 3 3 4 3 4 4 5 3 4 4 5 4 5 5 6 3 4 4 5 4 5 5 6 4 5 5 6 5 6 6
50
35 35 36 1 2 2 3 2 3 3 4 2 3 3 4 3 4 4 5 2 3 3 4 3 4 4 5 3 4 4 5 4 5 5 6 2 3 3 4 3 4 4 5 3 4 4 5 4 5 5
50
12 13 13 14 1 2 2 3 2 3 3 4 2 3 3 4 3 4 4 5 2 3 3 4 3 4 4 5 3 4 4 5 4 5 5 6 2 3 3 4 3 4 4 5 3 4 4 5 4 5
50
55 56 56 57 56 57 57 58 56 57 57 58 57 58 58 59 1 2 2 3 2 3 3 4 2 3 3 4 3 4 4 5 2 3 3 4 3 4 4 5 3 4 4 5 4 5 5 6 2 3
50
2 3 3 4 2 3 3 4 3 4 4 5 2 3 3 4 3 4 4 5 3 4 4 5 4 5 5 6 2 3 3 4 3 4 4 5 3 4 4 5 4 5 5 6 3 4 4 5 4 5
50
3 4 3 4 4 5 3 4 4 5 4 5 5 6 2 3 3 4 3 4 4 5 3 4 4 5 4 5 5 6 3 4 4 5 4 5 5 6 4 5 5 6 5 6 6 7 2 3 3 4
50
41 41 42 40 41 41 42 41 42 42 43 40 41 41 42 41 42 42 43 41 42 42 43 42 43 43 44 1 2 2 3 2 3 3 4 2 3 3 4 3 4 4 5 2 3 3 4 3 4 4
50
32 32 33 32 33 33 34 32 33 33 34 33 34 34 35 30 31 31 32 31 32 32 33 31 32 32 33 32 33 33 34 31 32 32 33 32 33 33 34 32 33 33 34 33 34 34 35 31 32 32
50
19 19 20 19 20 20 21 16 17 17 18 17 18 18 19 17 18 18 19 18 19 19 20 17 18 18 19 18 19 19 20 18 19 19 20 19 20 20 21 17 18 18 19 18 19 19 20 18 19 19
50
36 37 35 36 36 37 36 37 37 38 35 36 36 37 36 37 37 38 36 37 37 38 37 38 38 39 35 36 36 37 36 37 37 38 36 37 37 38 37 38 38 39 36 37 37 38 37 38 38 39
50
3 2 3 3 4 2 3 3 4 3 4 4 5 2 3 3 4 3 4 4 5 3 4 4 5 4 5 5 6 2 3 3 4 3 4 4 5 3 4 4 5 4 5 5 6 3 4 4 5 4
50
3 4 4 5 4 5 5 6 2 3 3 4 3 4 4 5 3 4 4 5 4 5 5 6 3 4 4 5 4 5 5 6 4 5 5 6 5 6 6 7 2 3 3 4 3 4 4 5 3 4
50
5 6 6 7 6 7 7 8 6 7 7 8 7 8 8 9 6 7 7 8 7 8 8 9 7 8 8 9 8 9 9 10 6 7 7 8 7 8 8 9 7 8 8 9 8 9 9 10 7 8
50
4 4 5 3 4 4 5 4 5 5 6 2 3 3 4 3 4 4 5 3 4 4 5 4 5 5 6 3 4 4 5 4 5 5 6 4 5 5 6 5 6 6 7 2 3 3 4 3 4 4
50
5 3 4 4 5 4 5 5 6 2 3 3 4 3 4 4 5 3 4 4 5 4 5 5 6 3 4 4 5 4 5 5 6 4 5 5 6 5 6 6 7 2 3 3 4 3 4 4 5 3
50
55 55 56 55 56 56 57 54 55 55 56 55 56 56 57 55 56 56 57 56 57 57 58 1 2 2 3 2 3 3 4 2 3 3 4 3 4 4 5 2 3 3 4 3 4 4 5 3 4 4
50
3 2 3 3 4 2 3 3 4 3 4 4 5 2 3 3 4 3 4 4 5 3 4 4 5 4 5 5 6 2 3 3 4 3 4 4 5 3 4 4 5 4 5 5 6 3 4 4 5 4
50
11 12 12 13 12 13 13 14 9 10 10 11 10 11 11 12 10 11 11 12 11 12 12 13 10 11 11 12 11 12 12 13 11 12 12 13 12 13 13 14 10 11 11 12 11 12 12 13 11 12
50
54 53 54 54 55 53 54 54 55 54 55 55 56 53 54 54 55 54 55 55 56 54 55 55 56 55 56 56 57 53 54 54 55 54 55 55 56 54 55 55 56 55 56 56 57 54 55 55 56 55
50
1 2 2 3 2 3 3 4 2 3 3 4 3 4 4 5 2 3 3 4 3 4 4 5 3 4 4 5 4 5 5 6 2 3 3 4 3 4 4 5 3 4 4 5 4 5 5 6 3 4
50
10 11 10 11 11 12 10 11 11 12 11 12 12 13 10 11 11 12 11 12 12 13 11 12 12 13 12 13 13 14 1 2 2 3 2 3 3 4 2 3 3 4 3 4 4 5 2 3 3 4
50
4 3 4 4 5 2 3 3 4 3 4 4 5 3 4 4 5 4 5 5 6 2 3 3 4 3 4 4 5 3 4 4 5 4 5 5 6 3 4 4 5 4 5 5 6 4 5 5 6 5
50
29 30 29 30 30 31 26 27 27 28 27 28 28 29 27 28 28 29 28 29 29 30 27 28 28 29 28 29 29 30 28 29 29 30 29 30 30 31 27 28 28 29 28 29 29 30 28 29 29 30
50
2 2 3 2 3 3 4 2 3 3 4 3 4 4 5 2 3 3 4 3 4 4 5 3 4 4 5 4 5 5 6 2 3 3 4 3 4 4 5 3 4 4 5 4 5 5 6 3 4 4
50
39 40 40 41 39 40 40 41 40 41 41 42 37 38 38 39 38 39 39 40 38 39 39 40 39 40 40 41 38 39 39 40 39 40 40 41 39 40 40 41 40 41 41 42 38 39 39 40 39 40
50
13 13 14 13 14 14 15 13 14 14 15 14 15 15 16 13 14 14 15 14 15 15 16 14 15 15 16 15 16 16 17 13 14 14 15 14 15 15 16 14 15 15 16 15 16 16 17 14 15 15
50
50 51 50 51 51 52 49 50 50 51 50 51 51 52 50 51 51 52 51 52 52 53 1 2 2 3 2 3 3 4 2 3 3 4 3 4 4 5 2 3 3 4 3 4 4 5 3 4 4 5
50
43 44 44 45 43 44 44 45 44 45 45 46 1 2 2 3 2 3 3 4 2 3 3 4 3 4 4 5 2 3 3 4 3 4 4 5 3 4 4 5 4 5 5 6 2 3 3 4 3 4
50
45 45 46 44 45 45 46 45 46 46 47 43 44 44 45 44 45 45 46 44 45 45 46 45 46 46 47 44 45 45 46 45 46 46 47 45 46 46 47 46 47 47 48 1 2 2 3 2 3 3
50
22 21 22 22 23 21 22 22 23 22 23 23 24 21 22 22 23 22 23 23 24 22 23 23 24 23 24 24 25 21 22 22 23 22 23 23 24 22 23 23 24 23 24 24 25 22 23 23 24 23
50
53 54 54 55 52 53 53 54 53 54 54 55 53 54 54 55 54 55 55 56 1 2 2 3 2 3 3 4 2 3 3 4 3 4 4 5 2 3 3 4 3 4 4 5 3 4 4 5 4 5
50
4 5 5 6 2 3 3 4 3 4 4 5 3 4 4 5 4 5 5 6 3 4 4 5 4 5 5 6 4 5 5 6 5 6 6 7 2 3 3 4 3 4 4 5 3 4 4 5 4 5
50
7 7 8 7 8 8 9 5 6 6 7 6 7 7 8 6 7 7 8 7 8 8 9 6 7 7 8 7 8 8 9 7 8 8 9 8 9 9 10 1 2 2 3 2 3 3 4 2 3 3
50
35 35 36 35 36 36 37 1 2 2 3 2 3 3 4 2 3 3 4 3 4 4 5 2 3 3 4 3 4 4 5 3 4 4 5 4 5 5 6 2 3 3 4 3 4 4 5 3 4 4
50
43 43 44 42 43 43 44 43 44 44 45 42 43 43 44 43 44 44 45 43 44 44 45 44 45 45 46 1 2 2 3 2 3 3 4 2 3 3 4 3 4 4 5 2 3 3 4 3 4 4
50
34 33 34 34 35 33 34 34 35 34 35 35 36 33 34 34 35 34 35 35 36 34 35 35 36 35 36 36 37 1 2 2 3 2 3 3 4 2 3 3 4 3 4 4 5 2 3 3 4 3
50
4 4 5 4 5 5 6 2 3 3 4 3 4 4 5 3 4 4 5 4 5 5 6 3 4 4 5 4 5 5 6 4 5 5 6 5 6 6 7 2 3 3 4 3 4 4 5 3 4 4
50
56 51 52 52 53 52 53 53 54 52 53 53 54 53 54 54 55 52 53 53 54 53 54 54 55 53 54 54 55 54 55 55 56 52 53 53 54 53 54 54 55 53 54 54 55 54 55 55 56 53
50
19 20 19 20 20 21 18 19 19 20 19 20 20 21 19 20 20 21 20 21 21 22 1 2 2 3 2 3 3 4 2 3 3 4 3 4 4 5 2 3 3 4 3 4 4 5 3 4 4 5
50
4 4 5 3 4 4 5 4 5 5 6 2 3 3 4 3 4 4 5 3 4 4 5 4 5 5 6 3 4 4 5 4 5 5 6 4 5 5 6 5 6 6 7 2 3 3 4 3 4 4
50
30 28 29 29 30 29 30 30 31 27 28 28 29 28 29 29 30 28 29 29 30 29 30 30 31 28 29 29 30 29 30 30 31 29 30 30 31 30 31 31 32 1 2 2 3 2 3 3 4 2
50
2 3 3 4 3 4 4 5 2 3 3 4 3 4 4 5 3 4 4 5 4 5 5 6 2 3 3 4 3 4 4 5 3 4 4 5 4 5 5 6 3 4 4 5 4 5 5 6 4 5
50
28 29 28 29 29 30 26 27 27 28 27 28 28 29 27 28 28 29 28 29 29 30 27 28 28 29 28 29 29 30 28 29 29 30 29 30 30 31 1 2 2 3 2 3 3 4 2 3 3 4
50
5 3 4 4 5 4 5 5 6 2 3 3 4 3 4 4 5 3 4 4 5 4 5 5 6 3 4 4 5 4 5 5 6 4 5 5 6 5 6 6 7 2 3 3 4 3 4 4 5 3
50
6 6 7 5 6 6 7 6 7 7 8 1 2 2 3 2 3 3 4 2 3 3 4 3 4 4 5 2 3 3 4 3 4 4 5 3 4 4 5 4 5 5 6 2 3 3 4 3 4 4
50
41 42 41 42 42 43 40 41 41 42 41 42 42 43 41 42 42 43 42 43 43 44 40 41 41 42 41 42 42 43 41 42 42 43 42 43 43 44 41 42 42 43 42 43 43 44 42 43 43 44
50
13 14 13 14 14 15 1 2 2 3 2 3 3 4 2 3 3 4 3 4 4 5 2 3 3 4 3 4 4 5 3 4 4 5 4 5 5 6 2 3 3 4 3 4 4 5 3 4 4 5
50
3 4 2 3 3 4 3 4 4 5 2 3 3 4 3 4 4 5 3 4 4 5 4 5 5 6 1 2 2 3 2 3 3 4 2 3 3 4 3 4 4 5 2 3 3 4 3 4 4 5
50
9 9 10 9 10 10 11 9 10 10 11 10 11 11 12 7 8 8 9 8 9 9 10 8 9 9 10 9 10 10 11 8 9 9 10 9 10 10 11 9 10 10 11 10 11 11 12 8 9 9
50
5 6 5 6 6 7 5 6 6 7 6 7 7 8 5 6 6 7 6 7 7 8 6 7 7 8 7 8 8 9 5 6 6 7 6 7 7 8 6 7 7 8 7 8 8 9 6 7 7 8
50
55 55 56 54 55 55 56 55 56 56 57 1 2 2 3 2 3 3 4 2 3 3 4 3 4 4 5 2 3 3 4 3 4 4 5 3 4 4 5 4 5 5 6 2 3 3 4 3 4 4
50
37 35 36 36 37 36 37 37 38 1 2 2 3 2 3 3 4 2 3 3 4 3 4 4 5 2 3 3 4 3 4 4 5 3 4 4 5 4 5 5 6 2 3 3 4 3 4 4 5 3
50
4 5 2 3 3 4 3 4 4 5 3 4 4 5 4 5 5 6 2 3 3 4 3 4 4 5 3 4 4 5 4 5 5 6 3 4 4 5 4 5 5 6 4 5 5 6 5 6 6 7
50
3 4 4 5 2 3 3 4 3 4 4 5 3 4 4 5 4 5 5 6 2 3 3 4 3 4 4 5 3 4 4 5 4 5 5 6 3 4 4 5 4 5 5 6 4 5 5 6 5 6
50
5 5 6 2 3 3 4 3 4 4 5 3 4 4 5 4 5 5 6 3 4 4 5 4 5 5 6 4 5 5 6 5 6 6 7 2 3 3 4 3 4 4 5 3 4 4 5 4 5 5
50
27 27 28 27 28 28 29 25 26 26 27 26 27 27 28 26 27 27 28 27 28 28 29 26 27 27 28 27 28 28 29 27 28 28 29 28 29 29 30 1 2 2 3 2 3 3 4 2 3 3
50
21 21 22 21 22 22 23 21 22 22 23 22 23 23 24 21 22 22 23 22 23 23 24 22 23 23 24 23 24 24 25 21 22 22 23 22 23 23 24 22 23 23 24 23 24 24 25 22 23 23
50
3 4 2 3 3 4 3 4 4 5 2 3 3 4 3 4 4 5 3 4 4 5 4 5 5 6 2 3 3 4 3 4 4 5 3 4 4 5 4 5 5 6 3 4 4 5 4 5 5 6
50
47 47 48 47 48 48 49 46 47 47 48 47 48 48 49 47 48 48 49 48 49 49 50 1 2 2 3 2 3 3 4 2 3 3 4 3 4 4 5 2 3 3 4 3 4 4 5 3 4 4
50
3 4 2 3 3 4 3 4 4 5 2 3 3 4 3 4 4 5 3 4 4 5 4 5 5 6 2 3 3 4 3 4 4 5 3 4 4 5 4 5 5 6 3 4 4 5 4 5 5 6
50
41 42 41 42 42 43 40 41 41 42 41 42 42 43 41 42 42 43 42 43 43 44 1 2 2 3 2 3 3 4 2 3 3 4 3 4 4 5 2 3 3 4 3 4 4 5 3 4 4 5
50
3 4 2 3 3 4 3 4 4 5 2 3 3 4 3 4 4 5 3 4 4 5 4 5 5 6 2 3 3 4 3 4 4 5 3 4 4 5 4 5 5 6 3 4 4 5 4 5 5 6
50
27 27 28 23 24 24 25 24 25 25 26 24 25 25 26 25 26 26 27 24 25 25 26 25 26 26 27 25 26 26 27 26 27 27 28 24 25 25 26 25 26 26 27 25 26 26 27 26 27 27
50
3 3 4 3 4 4 5 2 3 3 4 3 4 4 5 3 4 4 5 4 5 5 6 2 3 3 4 3 4 4 5 3 4 4 5 4 5 5 6 3 4 4 5 4 5 5 6 4 5 5
50
31 32 27 28 28 29 28 29 29 30 28 29 29 30 29 30 30 31 28 29 29 30 29 30 30 31 29 30 30 31 30 31 31 32 28 29 29 30 29 30 30 31 29 30 30 31 30 31 31 32
50
11 10 11 11 12 7 8 8 9 8 9 9 10 8 9 9 10 9 10 10 11 8 9 9 10 9 10 10 11 9 10 10 11 10 11 11 12 8 9 9 10 9 10 10 11 9 10 10 11 10
50
18 19 16 17 17 18 17 18 18 19 17 18 18 19 18 19 19 20 16 17 17 18 17 18 18 19 17 18 18 19 18 19 19 20 17 18 18 19 18 19 19 20 18 19 19 20 19 20 20 21
50
8 9 9 10 8 9 9 10 9 10 10 11 8 9 9 10 9 10 10 11 9 10 10 11 10 11 11 12 8 9 9 10 9 10 10 11 9 10 10 11 10 11 11 12 9 10 10 11 10 11
50
4 4 5 2 3 3 4 3 4 4 5 3 4 4 5 4 5 5 6 2 3 3 4 3 4 4 5 3 4 4 5 4 5 5 6 3 4 4 5 4 5 5 6 4 5 5 6 5 6 6
50
36 37 36 37 37 38 1 2 2 3 2 3 3 4 2 3 3 4 3 4 4 5 2 3 3 4 3 4 4 5 3 4 4 5 4 5 5 6 2 3 3 4 3 4 4 5 3 4 4 5
50
30 31 31 32 31 32 32 33 30 31 31 32 31 32 32 33 31 32 32 33 32 33 33 34 1 2 2 3 2 3 3 4 2 3 3 4 3 4 4 5 2 3 3 4 3 4 4 5 3 4
50
3 2 3 3 4 2 3 3 4 3 4 4 5 2 3 3 4 3 4 4 5 3 4 4 5 4 5 5 6 2 3 3 4 3 4 4 5 3 4 4 5 4 5 5 6 3 4 4 5 4
50
4 3 4 4 5 2 3 3 4 3 4 4 5 3 4 4 5 4 5 5 6 2 3 3 4 3 4 4 5 3 4 4 5 4 5 5 6 3 4 4 5 4 5 5 6 4 5 5 6 5
50
3 4 4 5 4 5 5 6 2 3 3 4 3 4 4 5 3 4 4 5 4 5 5 6 3 4 4 5 4 5 5 6 4 5 5 6 5 6 6 7 2 3 3 4 3 4 4 5 3 4
50
10 10 11 10 11 11 12 9 10 10 11 10 11 11 12 10 11 11 12 11 12 12 13 1 2 2 3 2 3 3 4 2 3 3 4 3 4 4 5 2 3 3 4 3 4 4 5 3 4 4
50
27 28 28 29 1 2 2 3 2 3 3 4 2 3 3 4 3 4 4 5 2 3 3 4 3 4 4 5 3 4 4 5 4 5 5 6 2 3 3 4 3 4 4 5 3 4 4 5 4 5
50
5 4 5 5 6 2 3 3 4 3 4 4 5 3 4 4 5 4 5 5 6 3 4 4 5 4 5 5 6 4 5 5 6 5 6 6 7 2 3 3 4 3 4 4 5 3 4 4 5 4
50
26 24 25 25 26 25 26 26 27 24 25 25 26 25 26 26 27 25 26 26 27 26 27 27 28 1 2 2 3 2 3 3 4 2 3 3 4 3 4 4 5 2 3 3 4 3 4 4 5 3
50
32 32 33 32 33 33 34 32 33 33 34 33 34 34 35 32 33 33 34 33 34 34 35 33 34 34 35 34 35 35 36 32 33 33 34 33 34 34 35 33 34 34 35 34 35 35 36 33 34 34
50
53 53 54 53 54 54 55 52 53 53 54 53 54 54 55 53 54 54 55 54 55 55 56 52 53 53 54 53 54 54 55 53 54 54 55 54 55 55 56 53 54 54 55 54 55 55 56 54 55 55
50
33 34 33 34 34 35 32 33 33 34 33 34 34 35 33 34 34 35 34 35 35 36 1 2 2 3 2 3 3 4 2 3 3 4 3 4 4 5 2 3 3 4 3 4 4 5 3 4 4 5
50
21 21 22 21 22 22 23 21 22 22 23 22 23 23 24 19 20 20 21 20 21 21 22 20 21 21 22 21 22 22 23 20 21 21 22 21 22 22 23 21 22 22 23 22 23 23 24 20 21 21
50
32 32 33 31 32 32 33 32 33 33 34 31 32 32 33 32 33 33 34 32 33 33 34 33 34 34 35 31 32 32 33 32 33 33 34 32 33 33 34 33 34 34 35 32 33 33 34 33 34 34
50
37 37 38 36 37 37 38 37 38 38 39 34 35 35 36 35 36 36 37 35 36 36 37 36 37 37 38 35 36 36 37 36 37 37 38 36 37 37 38 37 38 38 39 35 36 36 37 36 37 37
50
4 5 5 6 5 6 6 7 2 3 3 4 3 4 4 5 3 4 4 5 4 5 5 6 3 4 4 5 4 5 5 6 4 5 5 6 5 6 6 7 3 4 4 5 4 5 5 6 4 5
50
5 4 5 5 6 2 3 3 4 3 4 4 5 3 4 4 5 4 5 5 6 3 4 4 5 4 5 5 6 4 5 5 6 5 6 6 7 2 3 3 4 3 4 4 5 3 4 4 5 4
50
34 35 34 35 35 36 33 34 34 35 34 35 35 36 34 35 35 36 35 36 36 37 33 34 34 35 34 35 35 36 34 35 35 36 35 36 36 37 34 35 35 36 35 36 36 37 35 36 36 37
50
5 2 3 3 4 3 4 4 5 3 4 4 5 4 5 5 6 2 3 3 4 3 4 4 5 3 4 4 5 4 5 5 6 3 4 4 5 4 5 5 6 4 5 5 6 5 6 6 7 2
50
35 35 36 35 36 36 37 35 36 36 37 36 37 37 38 1 2 2 3 2 3 3 4 2 3 3 4 3 4 4 5 2 3 3 4 3 4 4 5 3 4 4 5 4 5 5 6 2 3 3
50
4 5 5 6 5 6 6 7 5 6 6 7 6 7 7 8 1 2 2 3 2 3 3 4 2 3 3 4 3 4 4 5 2 3 3 4 3 4 4 5 3 4 4 5 4 5 5 6 2 3
50
48 49 48 49 49 50 48 49 49 50 49 50 50 51 46 47 47 48 47 48 48 49 47 48 48 49 48 49 49 50 47 48 48 49 48 49 49 50 48 49 49 50 49 50 50 51 47 48 48 49
50
12 12 13 11 12 12 13 12 13 13 14 10 11 11 12 11 12 12 13 11 12 12 13 12 13 13 14 11 12 12 13 12 13 13 14 12 13 13 14 13 14 14 15 1 2 2 3 2 3 3
50
4 5 4 5 5 6 2 3 3 4 3 4 4 5 3 4 4 5 4 5 5 6 3 4 4 5 4 5 5 6 4 5 5 6 5 6 6 7 2 3 3 4 3 4 4 5 3 4 4 5
50
34 35 35 36 35 36 36 37 1 2 2 3 2 3 3 4 2 3 3 4 3 4 4 5 2 3 3 4 3 4 4 5 3 4 4 5 4 5 5 6 2 3 3 4 3 4 4 5 3 4
50
48 49 48 49 49 50 48 49 49 50 49 50 50 51 47 48 48 49 48 49 49 50 48 49 49 50 49 50 50 51 48 49 49 50 49 50 50 51 49 50 50 51 50 51 51 52 1 2 2 3
50
20 21 19 20 20 21 20 21 21 22 19 20 20 21 20 21 21 22 20 21 21 22 21 22 22 23 19 20 20 21 20 21 21 22 20 21 21 22 21 22 22 23 20 21 21 22 21 22 22 23
50
19 20 20 21 20 21 21 22 19 20 20 21 20 21 21 22 20 21 21 22 21 22 22 23 1 2 2 3 2 3 3 4 2 3 3 4 3 4 4 5 2 3 3 4 3 4 4 5 3 4
50
2 3 3 4 3 4 4 5 2 3 3 4 3 4 4 5 3 4 4 5 4 5 5 6 2 3 3 4 3 4 4 5 3 4 4 5 4 5 5 6 3 4 4 5 4 5 5 6 4 5
50
33 34 33 34 34 35 33 34 34 35 34 35 35 36 33 34 34 35 34 35 35 36 34 35 35 36 35 36 36 37 1 2 2 3 2 3 3 4 2 3 3 4 3 4 4 5 2 3 3 4
50
47 48 47 48 48 49 47 48 48 49 48 49 49 50 46 47 47 48 47 48 48 49 47 48 48 49 48 49 49 50 47 48 48 49 48 49 49 50 48 49 49 50 49 50 50 51 1 2 2 3
50
3 4 4 5 3 4 4 5 4 5 5 6 2 3 3 4 3 4 4 5 3 4 4 5 4 5 5 6 3 4 4 5 4 5 5 6 4 5 5 6 5 6 6 7 2 3 3 4 3 4
50
4 4 5 3 4 4 5 4 5 5 6 2 3 3 4 3 4 4 5 3 4 4 5 4 5 5 6 3 4 4 5 4 5 5 6 4 5 5 6 5 6 6 7 2 3 3 4 3 4 4
50
9 10 9 10 10 11 9 10 10 11 10 11 11 12 7 8 8 9 8 9 9 10 8 9 9 10 9 10 10 11 8 9 9 10 9 10 10 11 9 10 10 11 10 11 11 12 8 9 9 10
50
4 4 5 2 3 3 4 3 4 4 5 3 4 4 5 4 5 5 6 2 3 3 4 3 4 4 5 3 4 4 5 4 5 5 6 3 4 4 5 4 5 5 6 4 5 5 6 5 6 6
50
5 5 6 2 3 3 4 3 4 4 5 3 4 4 5 4 5 5 6 3 4 4 5 4 5 5 6 4 5 5 6 5 6 6 7 2 3 3 4 3 4 4 5 3 4 4 5 4 5 5
50
3 4 2 3 3 4 3 4 4 5 2 3 3 4 3 4 4 5 3 4 4 5 4 5 5 6 2 3 3 4 3 4 4 5 3 4 4 5 4 5 5 6 3 4 4 5 4 5 5 6
50
7 5 6 6 7 6 7 7 8 3 4 4 5 4 5 5 6 4 5 5 6 5 6 6 7 4 5 5 6 5 6 6 7 5 6 6 7 6 7 7 8 4 5 5 6 5 6 6 7 5
50
38 38 39 35 36 36 37 36 37 37 38 36 37 37 38 37 38 38 39 36 37 37 38 37 38 38 39 37 38 38 39 38 39 39 40 1 2 2 3 2 3 3 4 2 3 3 4 3 4 4
50
54 54 55 54 55 55 56 53 54 54 55 54 55 55 56 54 55 55 56 55 56 56 57 53 54 54 55 54 55 55 56 54 55 55 56 55 56 56 57 54 55 55 56 55 56 56 57 55 56 56
50
1 2 2 3 2 3 3 4 2 3 3 4 3 4 4 5 2 3 3 4 3 4 4 5 3 4 4 5 4 5 5 6 2 3 3 4 3 4 4 5 3 4 4 5 4 5 5 6 3 4
50
5 5 6 2 3 3 4 3 4 4 5 3 4 4 5 4 5 5 6 3 4 4 5 4 5 5 6 4 5 5 6 5 6 6 7 2 3 3 4 3 4 4 5 3 4 4 5 4 5 5
50
5 4 5 5 6 2 3 3 4 3 4 4 5 3 4 4 5 4 5 5 6 3 4 4 5 4 5 5 6 4 5 5 6 5 6 6 7 2 3 3 4 3 4 4 5 3 4 4 5 4
50
29 30 30 31 28 29 29 30 29 30 30 31 29 30 30 31 30 31 31 32 28 29 29 30 29 30 30 31 29 30 30 31 30 31 31 32 29 30 30 31 30 31 31 32 30 31 31 32 31 32
50
4 5 5 6 2 3 3 4 3 4 4 5 3 4 4 5 4 5 5 6 3 4 4 5 4 5 5 6 4 5 5 6 5 6 6 7 2 3 3 4 3 4 4 5 3 4 4 5 4 5
50
50 51 51 52 51 52 52 53 50 51 51 52 51 52 52 53 51 52 52 53 52 53 53 54 1 2 2 3 2 3 3 4 2 3 3 4 3 4 4 5 2 3 3 4 3 4 4 5 3 4
50
3 4 3 4 4 5 3 4 4 5 4 5 5 6 3 4 4 5 4 5 5 6 4 5 5 6 5 6 6 7 1 2 2 3 2 3 3 4 2 3 3 4 3 4 4 5 2 3 3 4
50
3 3 4 2 3 3 4 3 4 4 5 2 3 3 4 3 4 4 5 3 4 4 5 4 5 5 6 2 3 3 4 3 4 4 5 3 4 4 5 4 5 5 6 3 4 4 5 4 5 5
50
34 35 35 36 35 36 36 37 34 35 35 36 35 36 36 37 35 36 36 37 36 37 37 38 1 2 2 3 2 3 3 4 2 3 3 4 3 4 4 5 2 3 3 4 3 4 4 5 3 4
50
47 48 43 44 44 45 44 45 45 46 44 45 45 46 45 46 46 47 44 45 45 46 45 46 46 47 45 46 46 47 46 47 47 48 44 45 45 46 45 46 46 47 45 46 46 47 46 47 47 48
50
56 56 57 55 56 56 57 56 57 57 58 54 55 55 56 55 56 56 57 55 56 56 57 56 57 57 58 55 56 56 57 56 57 57 58 56 57 57 58 57 58 58 59 1 2 2 3 2 3 3
50
51 52 52 53 52 53 53 54 51 52 52 53 52 53 53 54 52 53 53 54 53 54 54 55 51 52 52 53 52 53 53 54 52 53 53 54 53 54 54 55 52 53 53 54 53 54 54 55 53 54
50
13 14 14 15 13 14 14 15 14 15 15 16 13 14 14 15 14 15 15 16 14 15 15 16 15 16 16 17 13 14 14 15 14 15 15 16 14 15 15 16 15 16 16 17 14 15 15 16 15 16
50
38 39 39 40 39 40 40 41 39 40 40 41 40 41 41 42 39 40 40 41 40 41 41 42 40 41 41 42 41 42 42 43 1 2 2 3 2 3 3 4 2 3 3 4 3 4 4 5 2 3
50
24 22 23 23 24 23 24 24 25 22 23 23 24 23 24 24 25 23 24 24 25 24 25 25 26 1 2 2 3 2 3 3 4 2 3 3 4 3 4 4 5 2 3 3 4 3 4 4 5 3
50
39 38 39 39 40 36 37 37 38 37 38 38 39 37 38 38 39 38 39 39 40 37 38 38 39 38 39 39 40 38 39 39 40 39 40 40 41 1 2 2 3 2 3 3 4 2 3 3 4 3
50
4 2 3 3 4 3 4 4 5 2 3 3 4 3 4 4 5 3 4 4 5 4 5 5 6 2 3 3 4 3 4 4 5 3 4 4 5 4 5 5 6 3 4 4 5 4 5 5 6 4
50
40 41 41 42 1 2 2 3 2 3 3 4 2 3 3 4 3 4 4 5 2 3 3 4 3 4 4 5 3 4 4 5 4 5 5 6 2 3 3 4 3 4 4 5 3 4 4 5 4 5
50
34 35 35 36 33 34 34 35 34 35 35 36 34 35 35 36 35 36 36 37 1 2 2 3 2 3 3 4 2 3 3 4 3 4 4 5 2 3 3 4 3 4 4 5 3 4 4 5 4 5
50
42 40 41 41 42 41 42 42 43 1 2 2 3 2 3 3 4 2 3 3 4 3 4 4 5 2 3 3 4 3 4 4 5 3 4 4 5 4 5 5 6 2 3 3 4 3 4 4 5 3
50
14 15 14 15 15 16 13 14 14 15 14 15 15 16 14 15 15 16 15 16 16 17 1 2 2 3 2 3 3 4 2 3 3 4 3 4 4 5 2 3 3 4 3 4 4 5 3 4 4 5
50
52 52 53 52 53 53 54 52 53 53 54 53 54 54 55 52 53 53 54 53 54 54 55 53 54 54 55 54 55 55 56 52 53 53 54 53 54 54 55 53 54 54 55 54 55 55 56 53 54 54
50
2 2 3 2 3 3 4 1 2 2 3 2 3 3 4 2 3 3 4 3 4 4 5 1 2 2 3 2 3 3 4 2 3 3 4 3 4 4 5 2 3 3 4 3 4 4 5 3 4 4
50
1 2 2 3 2 3 3 4 2 3 3 4 3 4 4 5 2 3 3 4 3 4 4 5 3 4 4 5 4 5 5 6 2 3 3 4 3 4 4 5 3 4 4 5 4 5 5 6 3 4
50
3 3 4 3 4 4 5 3 4 4 5 4 5 5 6 2 3 3 4 3 4 4 5 3 4 4 5 4 5 5 6 3 4 4 5 4 5 5 6 4 5 5 6 5 6 6 7 2 3 3
50
4 4 5 2 3 3 4 3 4 4 5 3 4 4 5 4 5 5 6 2 3 3 4 3 4 4 5 3 4 4 5 4 5 5 6 3 4 4 5 4 5 5 6 4 5 5 6 5 6 6
50
3 4 4 5 2 3 3 4 3 4 4 5 3 4 4 5 4 5 5 6 2 3 3 4 3 4 4 5 3 4 4 5 4 5 5 6 3 4 4 5 4 5 5 6 4 5 5 6 5 6
50
2 3 2 3 3 4 2 3 3 4 3 4 4 5 2 3 3 4 3 4 4 5 3 4 4 5 4 5 5 6 2 3 3 4 3 4 4 5 3 4 4 5 4 5 5 6 3 4 4 5
50
37 38 37 38 38 39 37 38 38 39 38 39 39 40 37 38 38 39 38 39 39 40 38 39 39 40 39 40 40 41 37 38 38 39 38 39 39 40 38 39 39 40 39 40 40 41 38 39 39 40
50
44 45 45 46 1 2 2 3 2 3 3 4 2 3 3 4 3 4 4 5 2 3 3 4 3 4 4 5 3 4 4 5 4 5 5 6 2 3 3 4 3 4 4 5 3 4 4 5 4 5
50
4 5 3 4 4 5 4 5 5 6 2 3 3 4 3 4 4 5 3 4 4 5 4 5 5 6 3 4 4 5 4 5 5 6 4 5 5 6 5 6 6 7 2 3 3 4 3 4 4 5
50
32 33 33 34 29 30 30 31 30 31 31 32 30 31 31 32 31 32 32 33 30 31 31 32 31 32 32 33 31 32 32 33 32 33 33 34 30 31 31 32 31 32 32 33 31 32 32 33 32 33
50
54 54 55 1 2 2 3 2 3 3 4 2 3 3 4 3 4 4 5 2 3 3 4 3 4 4 5 3 4 4 5 4 5 5 6 2 3 3 4 3 4 4 5 3 4 4 5 4 5 5
50
55 52 53 53 54 53 54 54 55 53 54 54 55 54 55 55 56 1 2 2 3 2 3 3 4 2 3 3 4 3 4 4 5 2 3 3 4 3 4 4 5 3 4 4 5 4 5 5 6 2
50
10 11 10 11 11 12 9 10 10 11 10 11 11 12 10 11 11 12 11 12 12 13 1 2 2 3 2 3 3 4 2 3 3 4 3 4 4 5 2 3 3 4 3 4 4 5 3 4 4 5
50
54 55 55 56 53 54 54 55 54 55 55 56 54 55 55 56 55 56 56 57 1 2 2 3 2 3 3 4 2 3 3 4 3 4 4 5 2 3 3 4 3 4 4 5 3 4 4 5 4 5
50
3 3 4 3 4 4 5 3 4 4 5 4 5 5 6 2 3 3 4 3 4 4 5 3 4 4 5 4 5 5 6 3 4 4 5 4 5 5 6 4 5 5 6 5 6 6 7 2 3 3
50
40 41 40 41 41 42 37 38 38 39 38 39 39 40 38 39 39 40 39 40 40 41 38 39 39 40 39 40 40 41 39 40 40 41 40 41 41 42 38 39 39 40 39 40 40 41 39 40 40 41
50
11 12 11 12 12 13 10 11 11 12 11 12 12 13 11 12 12 13 12 13 13 14 1 2 2 3 2 3 3 4 2 3 3 4 3 4 4 5 2 3 3 4 3 4 4 5 3 4 4 5
50
5 3 4 4 5 4 5 5 6 2 3 3 4 3 4 4 5 3 4 4 5 4 5 5 6 3 4 4 5 4 5 5 6 4 5 5 6 5 6 6 7 2 3 3 4 3 4 4 5 3
50
6 7 7 8 3 4 4 5 4 5 5 6 4 5 5 6 5 6 6 7 4 5 5 6 5 6 6 7 5 6 6 7 6 7 7 8 4 5 5 6 5 6 6 7 5 6 6 7 6 7
50
5 4 5 5 6 2 3 3 4 3 4 4 5 3 4 4 5 4 5 5 6 3 4 4 5 4 5 5 6 4 5 5 6 5 6 6 7 2 3 3 4 3 4 4 5 3 4 4 5 4
50
31 31 32 31 32 32 33 28 29 29 30 29 30 30 31 29 30 30 31 30 31 31 32 29 30 30 31 30 31 31 32 30 31 31 32 31 32 32 33 29 30 30 31 30 31 31 32 30 31 31
50
4 4 5 3 4 4 5 4 5 5 6 2 3 3 4 3 4 4 5 3 4 4 5 4 5 5 6 3 4 4 5 4 5 5 6 4 5 5 6 5 6 6 7 2 3 3 4 3 4 4
50
21 22 20 21 21 22 21 22 22 23 20 21 21 22 21 22 22 23 21 22 22 23 22 23 23 24 20 21 21 22 21 22 22 23 21 22 22 23 22 23 23 24 21 22 22 23 22 23 23 24
50
1 0 1 1 2 1 2 2 3 1 2 2 3 2 3 3 4 1 2 2 3 2 3 3 4 2 3 3 4 3 4 4 5 1 2 2 3 2 3 3 4 2 3 3 4 3 4 4 5 2
50
50 51 51 52 50 51 51 52 51 52 52 53 1 2 2 3 2 3 3 4 2 3 3 4 3 4 4 5 2 3 3 4 3 4 4 5 3 4 4 5 4 5 5 6 2 3 3 4 3 4
50
25 25 26 25 26 26 27 25 26 26 27 26 27 27 28 1 2 2 3 2 3 3 4 2 3 3 4 3 4 4 5 2 3 3 4 3 4 4 5 3 4 4 5 4 5 5 6 2 3 3
50
48 48 49 48 49 49 50 47 48 48 49 48 49 49 50 48 49 49 50 49 50 50 51 1 2 2 3 2 3 3 4 2 3 3 4 3 4 4 5 2 3 3 4 3 4 4 5 3 4 4
50
36 37 35 36 36 37 36 37 37 38 34 35 35 36 35 36 36 37 35 36 36 37 36 37 37 38 35 36 36 37 36 37 37 38 36 37 37 38 37 38 38 39 1 2 2 3 2 3 3 4
50
5 3 4 4 5 4 5 5 6 2 3 3 4 3 4 4 5 3 4 4 5 4 5 5 6 3 4 4 5 4 5 5 6 4 5 5 6 5 6 6 7 2 3 3 4 3 4 4 5 3
50
47 46 47 47 48 45 46 46 47 46 47 47 48 46 47 47 48 47 48 48 49 1 2 2 3 2 3 3 4 2 3 3 4 3 4 4 5 2 3 3 4 3 4 4 5 3 4 4 5 4
50
28 28 29 28 29 29 30 28 29 29 30 29 30 30 31 1 2 2 3 2 3 3 4 2 3 3 4 3 4 4 5 2 3 3 4 3 4 4 5 3 4 4 5 4 5 5 6 2 3 3
50
3 4 4 5 4 5 5 6 2 3 3 4 3 4 4 5 3 4 4 5 4 5 5 6 3 4 4 5 4 5 5 6 4 5 5 6 5 6 6 7 2 3 3 4 3 4 4 5 3 4
50
2 3 3 4 3 4 4 5 2 3 3 4 3 4 4 5 3 4 4 5 4 5 5 6 2 3 3 4 3 4 4 5 3 4 4 5 4 5 5 6 3 4 4 5 4 5 5 6 4 5
50
4 4 5 4 5 5 6 2 3 3 4 3 4 4 5 3 4 4 5 4 5 5 6 3 4 4 5 4 5 5 6 4 5 5 6 5 6 6 7 2 3 3 4 3 4 4 5 3 4 4
50
43 43 44 40 41 41 42 41 42 42 43 41 42 42 43 42 43 43 44 41 42 42 43 42 43 43 44 42 43 43 44 43 44 44 45 1 2 2 3 2 3 3 4 2 3 3 4 3 4 4
50
54 55 53 54 54 55 54 55 55 56 51 52 52 53 52 53 53 54 52 53 53 54 53 54 54 55 52 53 53 54 53 54 54 55 53 54 54 55 54 55 55 56 52 53 53 54 53 54 54 55
50
4 5 4 5 5 6 2 3 3 4 3 4 4 5 3 4 4 5 4 5 5 6 3 4 4 5 4 5 5 6 4 5 5 6 5 6 6 7 2 3 3 4 3 4 4 5 3 4 4 5
50
30 31 29 30 30 31 30 31 31 32 29 30 30 31 30 31 31 32 30 31 31 32 31 32 32 33 29 30 30 31 30 31 31 32 30 31 31 32 31 32 32 33 30 31 31 32 31 32 32 33
50
27 28 1 2 2 3 2 3 3 4 2 3 3 4 3 4 4 5 2 3 3 4 3 4 4 5 3 4 4 5 4 5 5 6 2 3 3 4 3 4 4 5 3 4 4 5 4 5 5 6
50
15 15 16 15 16 16 17 13 14 14 15 14 15 15 16 14 15 15 16 15 16 16 17 14 15 15 16 15 16 16 17 15 16 16 17 16 17 17 18 1 2 2 3 2 3 3 4 2 3 3
50
27 27 28 27 28 28 29 27 28 28 29 28 29 29 30 27 28 28 29 28 29 29 30 28 29 29 30 29 30 30 31 1 2 2 3 2 3 3 4 2 3 3 4 3 4 4 5 2 3 3
50
3 3 4 3 4 4 5 3 4 4 5 4 5 5 6 2 3 3 4 3 4 4 5 3 4 4 5 4 5 5 6 3 4 4 5 4 5 5 6 4 5 5 6 5 6 6 7 2 3 3
50
22 23 23 24 22 23 23 24 23 24 24 25 20 21 21 22 21 22 22 23 21 22 22 23 22 23 23 24 21 22 22 23 22 23 23 24 22 23 23 24 23 24 24 25 21 22 22 23 22 23
50
44 45 45 46 45 46 46 47 44 45 45 46 45 46 46 47 45 46 46 47 46 47 47 48 1 2 2 3 2 3 3 4 2 3 3 4 3 4 4 5 2 3 3 4 3 4 4 5 3 4
50
15 15 16 13 14 14 15 14 15 15 16 14 15 15 16 15 16 16 17 1 2 2 3 2 3 3 4 2 3 3 4 3 4 4 5 2 3 3 4 3 4 4 5 3 4 4 5 4 5 5
50
7 8 8 9 7 8 8 9 8 9 9 10 1 2 2 3 2 3 3 4 2 3 3 4 3 4 4 5 2 3 3 4 3 4 4 5 3 4 4 5 4 5 5 6 2 3 3 4 3 4
50
6 7 6 7 7 8 6 7 7 8 7 8 8 9 5 6 6 7 6 7 7 8 6 7 7 8 7 8 8 9 6 7 7 8 7 8 8 9 7 8 8 9 8 9 9 10 1 2 2 3
50
8 9 9 10 9 10 10 11 8 9 9 10 9 10 10 11 9 10 10 11 10 11 11 12 1 2 2 3 2 3 3 4 2 3 3 4 3 4 4 5 2 3 3 4 3 4 4 5 3 4
50
4 2 3 3 4 3 4 4 5 2 3 3 4 3 4 4 5 3 4 4 5 4 5 5 6 2 3 3 4 3 4 4 5 3 4 4 5 4 5 5 6 3 4 4 5 4 5 5 6 4
50
22 22 23 22 23 23 24 19 20 20 21 20 21 21 22 20 21 21 22 21 22 22 23 20 21 21 22 21 22 22 23 21 22 22 23 22 23 23 24 20 21 21 22 21 22 22 23 21 22 22
50
4 4 5 4 5 5 6 2 3 3 4 3 4 4 5 3 4 4 5 4 5 5 6 3 4 4 5 4 5 5 6 4 5 5 6 5 6 6 7 2 3 3 4 3 4 4 5 3 4 4
50
3 4 4 5 4 5 5 6 2 3 3 4 3 4 4 5 3 4 4 5 4 5 5 6 3 4 4 5 4 5 5 6 4 5 5 6 5 6 6 7 2 3 3 4 3 4 4 5 3 4
50
4 5 5 6 2 3 3 4 3 4 4 5 3 4 4 5 4 5 5 6 3 4 4 5 4 5 5 6 4 5 5 6 5 6 6 7 2 3 3 4 3 4 4 5 3 4 4 5 4 5
50
24 25 24 25 25 26 23 24 24 25 24 25 25 26 24 25 25 26 25 26 26 27 23 24 24 25 24 25 25 26 24 25 25 26 25 26 26 27 24 25 25 26 25 26 26 27 25 26 26 27
50
42 43 41 42 42 43 42 43 43 44 1 2 2 3 2 3 3 4 2 3 3 4 3 4 4 5 2 3 3 4 3 4 4 5 3 4 4 5 4 5 5 6 2 3 3 4 3 4 4 5
50
25 24 25 25 26 1 2 2 3 2 3 3 4 2 3 3 4 3 4 4 5 2 3 3 4 3 4 4 5 3 4 4 5 4 5 5 6 2 3 3 4 3 4 4 5 3 4 4 5 4
50
2 2 3 2 3 3 4 2 3 3 4 3 4 4 5 2 3 3 4 3 4 4 5 3 4 4 5 4 5 5 6 2 3 3 4 3 4 4 5 3 4 4 5 4 5 5 6 3 4 4
50
3 3 4 3 4 4 5 2 3 3 4 3 4 4 5 3 4 4 5 4 5 5 6 2 3 3 4 3 4 4 5 3 4 4 5 4 5 5 6 3 4 4 5 4 5 5 6 4 5 5
50
4 5 5 6 4 5 5 6 5 6 6 7 4 5 5 6 5 6 6 7 5 6 6 7 6 7 7 8 1 2 2 3 2 3 3 4 2 3 3 4 3 4 4 5 2 3 3 4 3 4
50
3 2 3 3 4 2 3 3 4 3 4 4 5 2 3 3 4 3 4 4 5 3 4 4 5 4 5 5 6 2 3 3 4 3 4 4 5 3 4 4 5 4 5 5 6 3 4 4 5 4
50
49 47 48 48 49 48 49 49 50 47 48 48 49 48 49 49 50 48 49 49 50 49 50 50 51 47 48 48 49 48 49 49 50 48 49 49 50 49 50 50 51 48 49 49 50 49 50 50 51 49
50
3 4 4 5 2 3 3 4 3 4 4 5 3 4 4 5 4 5 5 6 2 3 3 4 3 4 4 5 3 4 4 5 4 5 5 6 3 4 4 5 4 5 5 6 4 5 5 6 5 6
50
37 36 37 37 38 36 37 37 38 37 38 38 39 1 2 2 3 2 3 3 4 2 3 3 4 3 4 4 5 2 3 3 4 3 4 4 5 3 4 4 5 4 5 5 6 2 3 3 4 3
50
5 3 4 4 5 4 5 5 6 2 3 3 4 3 4 4 5 3 4 4 5 4 5 5 6 3 4 4 5 4 5 5 6 4 5 5 6 5 6 6 7 2 3 3 4 3 4 4 5 3
50
4 4 5 3 4 4 5 4 5 5 6 2 3 3 4 3 4 4 5 3 4 4 5 4 5 5 6 3 4 4 5 4 5 5 6 4 5 5 6 5 6 6 7 2 3 3 4 3 4 4
50
34 31 32 32 33 32 33 33 34 32 33 33 34 33 34 34 35 1 2 2 3 2 3 3 4 2 3 3 4 3 4 4 5 2 3 3 4 3 4 4 5 3 4 4 5 4 5 5 6 2
50
3 4 3 4 4 5 3 4 4 5 4 5 5 6 3 4 4 5 4 5 5 6 4 5 5 6 5 6 6 7 3 4 4 5 4 5 5 6 4 5 5 6 5 6 6 7 4 5 5 6
50
31 32 32 33 32 33 33 34 32 33 33 34 33 34 34 35 32 33 33 34 33 34 34 35 33 34 34 35 34 35 35 36 32 33 33 34 33 34 34 35 33 34 34 35 34 35 35 36 33 34
50
12 13 11 12 12 13 12 13 13 14 10 11 11 12 11 12 12 13 11 12 12 13 12 13 13 14 11 12 12 13 12 13 13 14 12 13 13 14 13 14 14 15 1 2 2 3 2 3 3 4
50
4 5 2 3 3 4 3 4 4 5 3 4 4 5 4 5 5 6 2 3 3 4 3 4 4 5 3 4 4 5 4 5 5 6 3 4 4 5 4 5 5 6 4 5 5 6 5 6 6 7
50
44 44 45 44 45 45 46 44 45 45 46 45 46 46 47 1 2 2 3 2 3 3 4 2 3 3 4 3 4 4 5 2 3 3 4 3 4 4 5 3 4 4 5 4 5 5 6 2 3 3
50
19 20 20 21 20 21 21 22 18 19 19 20 19 20 20 21 19 20 20 21 20 21 21 22 19 20 20 21 20 21 21 22 20 21 21 22 21 22 22 23 1 2 2 3 2 3 3 4 2 3
50
20 21 21 22 21 22 22 23 19 20 20 21 20 21 21 22 20 21 21 22 21 22 22 23 20 21 21 22 21 22 22 23 21 22 22 23 22 23 23 24 1 2 2 3 2 3 3 4 2 3
50
54 55 55 56 54 55 55 56 55 56 56 57 53 54 54 55 54 55 55 56 54 55 55 56 55 56 56 57 54 55 55 56 55 56 56 57 55 56 56 57 56 57 57 58 1 2 2 3 2 3
50
3 3 4 2 3 3 4 3 4 4 5 2 3 3 4 3 4 4 5 3 4 4 5 4 5 5 6 2 3 3 4 3 4 4 5 3 4 4 5 4 5 5 6 3 4 4 5 4 5 5
50
6 7 7 8 6 7 7 8 7 8 8 9 6 7 7 8 7 8 8 9 7 8 8 9 8 9 9 10 1 2 2 3 2 3 3 4 2 3 3 4 3 4 4 5 2 3 3 4 3 4
50
44 44 45 44 45 45 46 43 44 44 45 44 45 45 46 44 45 45 46 45 46 46 47 43 44 44 45 44 45 45 46 44 45 45 46 45 46 46 47 44 45 45 46 45 46 46 47 45 46 46
50
2 3 3 4 3 4 4 5 3 4 4 5 4 5 5 6 2 3 3 4 3 4 4 5 3 4 4 5 4 5 5 6 3 4 4 5 4 5 5 6 4 5 5 6 5 6 6 7 2 3
50
41 37 38 38 39 38 39 39 40 38 39 39 40 39 40 40 41 38 39 39 40 39 40 40 41 39 40 40 41 40 41 41 42 1 2 2 3 2 3 3 4 2 3 3 4 3 4 4 5 2
50
13 13 14 13 14 14 15 13 14 14 15 14 15 15 16 1 2 2 3 2 3 3 4 2 3 3 4 3 4 4 5 2 3 3 4 3 4 4 5 3 4 4 5 4 5 5 6 2 3 3
50
20 20 21 19 20 20 21 20 21 21 22 1 2 2 3 2 3 3 4 2 3 3 4 3 4 4 5 2 3 3 4 3 4 4 5 3 4 4 5 4 5 5 6 2 3 3 4 3 4 4
50
19 20 19 20 20 21 19 20 20 21 20 21 21 22 19 20 20 21 20 21 21 22 20 21 21 22 21 22 22 23 1 2 2 3 2 3 3 4 2 3 3 4 3 4 4 5 2 3 3 4
50
3 4 2 3 3 4 3 4 4 5 2 3 3 4 3 4 4 5 3 4 4 5 4 5 5 6 2 3 3 4 3 4 4 5 3 4 4 5 4 5 5 6 3 4 4 5 4 5 5 6
50
2 2 3 2 3 3 4 2 3 3 4 3 4 4 5 2 3 3 4 3 4 4 5 3 4 4 5 4 5 5 6 2 3 3 4 3 4 4 5 3 4 4 5 4 5 5 6 3 4 4
50
52 53 52 53 53 54 51 52 52 53 52 53 53 54 52 53 53 54 53 54 54 55 1 2 2 3 2 3 3 4 2 3 3 4 3 4 4 5 2 3 3 4 3 4 4 5 3 4 4 5
50
16 16 17 16 17 17 18 1 2 2 3 2 3 3 4 2 3 3 4 3 4 4 5 2 3 3 4 3 4 4 5 3 4 4 5 4 5 5 6 2 3 3 4 3 4 4 5 3 4 4
50
53 53 54 50 51 51 52 51 52 52 53 51 52 52 53 52 53 53 54 51 52 52 53 52 53 53 54 52 53 53 54 53 54 54 55 1 2 2 3 2 3 3 4 2 3 3 4 3 4 4
50
28 28 29 27 28 28 29 28 29 29 30 25 26 26 27 26 27 27 28 26 27 27 28 27 28 28 29 26 27 27 28 27 28 28 29 27 28 28 29 28 29 29 30 26 27 27 28 27 28 28
50
36 34 35 35 36 35 36 36 37 34 35 35 36 35 36 36 37 35 36 36 37 36 37 37 38 34 35 35 36 35 36 36 37 35 36 36 37 36 37 37 38 35 36 36 37 36 37 37 38 36
50
4 5 5 6 2 3 3 4 3 4 4 5 3 4 4 5 4 5 5 6 3 4 4 5 4 5 5 6 4 5 5 6 5 6 6 7 2 3 3 4 3 4 4 5 3 4 4 5 4 5
50
21 22 21 22 22 23 20 21 21 22 21 22 22 23 21 22 22 23 22 23 23 24 20 21 21 22 21 22 22 23 21 22 22 23 22 23 23 24 21 22 22 23 22 23 23 24 22 23 23 24
50
3 3 4 3 4 4 5 3 4 4 5 4 5 5 6 2 3 3 4 3 4 4 5 3 4 4 5 4 5 5 6 3 4 4 5 4 5 5 6 4 5 5 6 5 6 6 7 2 3 3
50
3 3 4 3 4 4 5 3 4 4 5 4 5 5 6 2 3 3 4 3 4 4 5 3 4 4 5 4 5 5 6 3 4 4 5 4 5 5 6 4 5 5 6 5 6 6 7 2 3 3
50
55 54 55 55 56 53 54 54 55 54 55 55 56 54 55 55 56 55 56 56 57 1 2 2 3 2 3 3 4 2 3 3 4 3 4 4 5 2 3 3 4 3 4 4 5 3 4 4 5 4
50
56 56 57 55 56 56 57 56 57 57 58 55 56 56 57 56 57 57 58 56 57 57 58 57 58 58 59 1 2 2 3 2 3 3 4 2 3 3 4 3 4 4 5 2 3 3 4 3 4 4
50
53 53 54 52 53 53 54 53 54 54 55 51 52 52 53 52 53 53 54 52 53 53 54 53 54 54 55 52 53 53 54 53 54 54 55 53 54 54 55 54 55 55 56 1 2 2 3 2 3 3
50
27 28 28 29 27 28 28 29 28 29 29 30 1 2 2 3 2 3 3 4 2 3 3 4 3 4 4 5 2 3 3 4 3 4 4 5 3 4 4 5 4 5 5 6 2 3 3 4 3 4
50
53 54 54 55 50 51 51 52 51 52 52 53 51 52 52 53 52 53 53 54 51 52 52 53 52 53 53 54 52 53 53 54 53 54 54 55 51 52 52 53 52 53 53 54 52 53 53 54 53 54
50
26 26 27 26 27 27 28 26 27 27 28 27 28 28 29 25 26 26 27 26 27 27 28 26 27 27 28 27 28 28 29 26 27 27 28 27 28 28 29 27 28 28 29 28 29 29 30 1 2 2
50
2 3 3 4 2 3 3 4 3 4 4 5 2 3 3 4 3 4 4 5 3 4 4 5 4 5 5 6 1 2 2 3 2 3 3 4 2 3 3 4 3 4 4 5 2 3 3 4 3 4
50
34 34 35 34 35 35 36 34 35 35 36 35 36 36 37 34 35 35 36 35 36 36 37 35 36 36 37 36 37 37 38 1 2 2 3 2 3 3 4 2 3 3 4 3 4 4 5 2 3 3
50
5 2 3 3 4 3 4 4 5 3 4 4 5 4 5 5 6 2 3 3 4 3 4 4 5 3 4 4 5 4 5 5 6 3 4 4 5 4 5 5 6 4 5 5 6 5 6 6 7 2
50
55 56 55 56 56 57 54 55 55 56 55 56 56 57 55 56 56 57 56 57 57 58 1 2 2 3 2 3 3 4 2 3 3 4 3 4 4 5 2 3 3 4 3 4 4 5 3 4 4 5
50
6 7 7 8 7 8 8 9 6 7 7 8 7 8 8 9 7 8 8 9 8 9 9 10 1 2 2 3 2 3 3 4 2 3 3 4 3 4 4 5 2 3 3 4 3 4 4 5 3 4
50
4 5 4 5 5 6 2 3 3 4 3 4 4 5 3 4 4 5 4 5 5 6 3 4 4 5 4 5 5 6 4 5 5 6 5 6 6 7 2 3 3 4 3 4 4 5 3 4 4 5
50
3 4 4 5 2 3 3 4 3 4 4 5 3 4 4 5 4 5 5 6 2 3 3 4 3 4 4 5 3 4 4 5 4 5 5 6 3 4 4 5 4 5 5 6 4 5 5 6 5 6
50
13 14 12 13 13 14 13 14 14 15 12 13 13 14 13 14 14 15 13 14 14 15 14 15 15 16 1 2 2 3 2 3 3 4 2 3 3 4 3 4 4 5 2 3 3 4 3 4 4 5
50
4 2 3 3 4 3 4 4 5 2 3 3 4 3 4 4 5 3 4 4 5 4 5 5 6 2 3 3 4 3 4 4 5 3 4 4 5 4 5 5 6 3 4 4 5 4 5 5 6 4
50
17 17 18 16 17 17 18 17 18 18 19 14 15 15 16 15 16 16 17 15 16 16 17 16 17 17 18 15 16 16 17 16 17 17 18 16 17 17 18 17 18 18 19 15 16 16 17 16 17 17
50
25 25 26 22 23 23 24 23 24 24 25 23 24 24 25 24 25 25 26 23 24 24 25 24 25 25 26 24 25 25 26 25 26 26 27 1 2 2 3 2 3 3 4 2 3 3 4 3 4 4
50
10 8 9 9 10 9 10 10 11 8 9 9 10 9 10 10 11 9 10 10 11 10 11 11 12 1 2 2 3 2 3 3 4 2 3 3 4 3 4 4 5 2 3 3 4 3 4 4 5 3
50
44 45 44 45 45 46 1 2 2 3 2 3 3 4 2 3 3 4 3 4 4 5 2 3 3 4 3 4 4 5 3 4 4 5 4 5 5 6 2 3 3 4 3 4 4 5 3 4 4 5
50
4 5 2 3 3 4 3 4 4 5 3 4 4 5 4 5 5 6 2 3 3 4 3 4 4 5 3 4 4 5 4 5 5 6 3 4 4 5 4 5 5 6 4 5 5 6 5 6 6 7
50
55 55 56 54 55 55 56 55 56 56 57 54 55 55 56 55 56 56 57 55 56 56 57 56 57 57 58 1 2 2 3 2 3 3 4 2 3 3 4 3 4 4 5 2 3 3 4 3 4 4
50
4 3 4 4 5 3 4 4 5 4 5 5 6 2 3 3 4 3 4 4 5 3 4 4 5 4 5 5 6 3 4 4 5 4 5 5 6 4 5 5 6 5 6 6 7 2 3 3 4 3
50
4 5 2 3 3 4 3 4 4 5 3 4 4 5 4 5 5 6 2 3 3 4 3 4 4 5 3 4 4 5 4 5 5 6 3 4 4 5 4 5 5 6 4 5 5 6 5 6 6 7
50
8 9 8 9 9 10 7 8 8 9 8 9 9 10 8 9 9 10 9 10 10 11 1 2 2 3 2 3 3 4 2 3 3 4 3 4 4 5 2 3 3 4 3 4 4 5 3 4 4 5
50
20 21 18 19 19 20 19 20 20 21 19 20 20 21 20 21 21 22 1 2 2 3 2 3 3 4 2 3 3 4 3 4 4 5 2 3 3 4 3 4 4 5 3 4 4 5 4 5 5 6
50
24 22 23 23 24 23 24 24 25 1 2 2 3 2 3 3 4 2 3 3 4 3 4 4 5 2 3 3 4 3 4 4 5 3 4 4 5 4 5 5 6 2 3 3 4 3 4 4 5 3
50
14 15 15 16 14 15 15 16 15 16 16 17 14 15 15 16 15 16 16 17 15 16 16 17 16 17 17 18 1 2 2 3 2 3 3 4 2 3 3 4 3 4 4 5 2 3 3 4 3 4
50
56 54 55 55 56 55 56 56 57 52 53 53 54 53 54 54 55 53 54 54 55 54 55 55 56 53 54 54 55 54 55 55 56 54 55 55 56 55 56 56 57 53 54 54 55 54 55 55 56 54
50
54 51 52 52 53 52 53 53 54 52 53 53 54 53 54 54 55 51 52 52 53 52 53 53 54 52 53 53 54 53 54 54 55 52 53 53 54 53 54 54 55 53 54 54 55 54 55 55 56 1
50
34 35 35 36 35 36 36 37 35 36 36 37 36 37 37 38 1 2 2 3 2 3 3 4 2 3 3 4 3 4 4 5 2 3 3 4 3 4 4 5 3 4 4 5 4 5 5 6 2 3
50
33 31 32 32 33 32 33 33 34 29 30 30 31 30 31 31 32 30 31 31 32 31 32 32 33 30 31 31 32 31 32 32 33 31 32 32 33 32 33 33 34 30 31 31 32 31 32 32 33 31
50
10 10 11 10 11 11 12 8 9 9 10 9 10 10 11 9 10 10 11 10 11 11 12 9 10 10 11 10 11 11 12 10 11 11 12 11 12 12 13 1 2 2 3 2 3 3 4 2 3 3
50
53 52 53 53 54 50 51 51 52 51 52 52 53 51 52 52 53 52 53 53 54 51 52 52 53 52 53 53 54 52 53 53 54 53 54 54 55 1 2 2 3 2 3 3 4 2 3 3 4 3
50
3 4 4 5 3 4 4 5 4 5 5 6 2 3 3 4 3 4 4 5 3 4 4 5 4 5 5 6 3 4 4 5 4 5 5 6 4 5 5 6 5 6 6 7 2 3 3 4 3 4
50
52 52 53 52 53 53 54 52 53 53 54 53 54 54 55 1 2 2 3 2 3 3 4 2 3 3 4 3 4 4 5 2 3 3 4 3 4 4 5 3 4 4 5 4 5 5 6 2 3 3
50
32 33 33 34 33 34 34 35 1 2 2 3 2 3 3 4 2 3 3 4 3 4 4 5 2 3 3 4 3 4 4 5 3 4 4 5 4 5 5 6 2 3 3 4 3 4 4 5 3 4
50
36 37 36 37 37 38 36 37 37 38 37 38 38 39 36 37 37 38 37 38 38 39 37 38 38 39 38 39 39 40 1 2 2 3 2 3 3 4 2 3 3 4 3 4 4 5 2 3 3 4
50
44 1 2 2 3 2 3 3 4 2 3 3 4 3 4 4 5 2 3 3 4 3 4 4 5 3 4 4 5 4 5 5 6 2 3 3 4 3 4 4 5 3 4 4 5 4 5 5 6 3
50
4 2 3 3 4 3 4 4 5 2 3 3 4 3 4 4 5 3 4 4 5 4 5 5 6 2 3 3 4 3 4 4 5 3 4 4 5 4 5 5 6 3 4 4 5 4 5 5 6 4
50
17 18 18 19 18 19 19 20 17 18 18 19 18 19 19 20 18 19 19 20 19 20 20 21 17 18 18 19 18 19 19 20 18 19 19 20 19 20 20 21 18 19 19 20 19 20 20 21 19 20
50
24 25 25 26 23 24 24 25 24 25 25 26 24 25 25 26 25 26 26 27 23 24 24 25 24 25 25 26 24 25 25 26 25 26 26 27 24 25 25 26 25 26 26 27 25 26 26 27 26 27
50
26 26 27 24 25 25 26 25 26 26 27 25 26 26 27 26 27 27 28 1 2 2 3 2 3 3 4 2 3 3 4 3 4 4 5 2 3 3 4 3 4 4 5 3 4 4 5 4 5 5
50
19 20 17 18 18 19 18 19 19 20 18 19 19 20 19 20 20 21 1 2 2 3 2 3 3 4 2 3 3 4 3 4 4 5 2 3 3 4 3 4 4 5 3 4 4 5 4 5 5 6
50
16 17 16 17 17 18 16 17 17 18 17 18 18 19 16 17 17 18 17 18 18 19 17 18 18 19 18 19 19 20 1 2 2 3 2 3 3 4 2 3 3 4 3 4 4 5 2 3 3 4
50
8 8 9 1 2 2 3 2 3 3 4 2 3 3 4 3 4 4 5 2 3 3 4 3 4 4 5 3 4 4 5 4 5 5 6 2 3 3 4 3 4 4 5 3 4 4 5 4 5 5
50
21 22 21 22 22 23 21 22 22 23 22 23 23 24 1 2 2 3 2 3 3 4 2 3 3 4 3 4 4 5 2 3 3 4 3 4 4 5 3 4 4 5 4 5 5 6 2 3 3 4
50
5 3 4 4 5 4 5 5 6 2 3 3 4 3 4 4 5 3 4 4 5 4 5 5 6 3 4 4 5 4 5 5 6 4 5 5 6 5 6 6 7 1 2 2 3 2 3 3 4 2
50
4 4 5 4 5 5 6 4 5 5 6 5 6 6 7 1 2 2 3 2 3 3 4 2 3 3 4 3 4 4 5 2 3 3 4 3 4 4 5 3 4 4 5 4 5 5 6 2 3 3
50
15 15 16 13 14 14 15 14 15 15 16 14 15 15 16 15 16 16 17 13 14 14 15 14 15 15 16 14 15 15 16 15 16 16 17 14 15 15 16 15 16 16 17 15 16 16 17 16 17 17
50
2 3 3 4 3 4 4 5 3 4 4 5 4 5 5 6 2 3 3 4 3 4 4 5 3 4 4 5 4 5 5 6 3 4 4 5 4 5 5 6 4 5 5 6 5 6 6 7 2 3
50
4 2 3 3 4 3 4 4 5 2 3 3 4 3 4 4 5 3 4 4 5 4 5 5 6 1 2 2 3 2 3 3 4 2 3 3 4 3 4 4 5 2 3 3 4 3 4 4 5 3
50
2 3 3 4 3 4 4 5 3 4 4 5 4 5 5 6 2 3 3 4 3 4 4 5 3 4 4 5 4 5 5 6 3 4 4 5 4 5 5 6 4 5 5 6 5 6 6 7 2 3
50
5 5 6 5 6 6 7 5 6 6 7 6 7 7 8 3 4 4 5 4 5 5 6 4 5 5 6 5 6 6 7 4 5 5 6 5 6 6 7 5 6 6 7 6 7 7 8 4 5 5
50
12 13 13 14 12 13 13 14 13 14 14 15 12 13 13 14 13 14 14 15 13 14 14 15 14 15 15 16 12 13 13 14 13 14 14 15 13 14 14 15 14 15 15 16 13 14 14 15 14 15
50
4 5 3 4 4 5 4 5 5 6 2 3 3 4 3 4 4 5 3 4 4 5 4 5 5 6 3 4 4 5 4 5 5 6 4 5 5 6 5 6 6 7 2 3 3 4 3 4 4 5
50
3 4 1 2 2 3 2 3 3 4 2 3 3 4 3 4 4 5 1 2 2 3 2 3 3 4 2 3 3 4 3 4 4 5 2 3 3 4 3 4 4 5 3 4 4 5 4 5 5 6
50
2 3 3 4 3 4 4 5 2 3 3 4 3 4 4 5 3 4 4 5 4 5 5 6 2 3 3 4 3 4 4 5 3 4 4 5 4 5 5 6 3 4 4 5 4 5 5 6 4 5
50
13 11 12 12 13 12 13 13 14 11 12 12 13 12 13 13 14 12 13 13 14 13 14 14 15 1 2 2 3 2 3 3 4 2 3 3 4 3 4 4 5 2 3 3 4 3 4 4 5 3
50
6 5 6 6 7 5 6 6 7 6 7 7 8 5 6 6 7 6 7 7 8 6 7 7 8 7 8 8 9 5 6 6 7 6 7 7 8 6 7 7 8 7 8 8 9 6 7 7 8 7
50
45 42 43 43 44 43 44 44 45 43 44 44 45 44 45 45 46 42 43 43 44 43 44 44 45 43 44 44 45 44 45 45 46 43 44 44 45 44 45 45 46 44 45 45 46 45 46 46 47 1
50
4 5 3 4 4 5 4 5 5 6 2 3 3 4 3 4 4 5 3 4 4 5 4 5 5 6 3 4 4 5 4 5 5 6 4 5 5 6 5 6 6 7 2 3 3 4 3 4 4 5
50
3 2 3 3 4 2 3 3 4 3 4 4 5 2 3 3 4 3 4 4 5 3 4 4 5 4 5 5 6 1 2 2 3 2 3 3 4 2 3 3 4 3 4 4 5 2 3 3 4 3
50
35 35 36 35 36 36 37 35 36 36 37 36 37 37 38 34 35 35 36 35 36 36 37 35 36 36 37 36 37 37 38 35 36 36 37 36 37 37 38 36 37 37 38 37 38 38 39 1 2 2
50
3 4 4 5 3 4 4 5 4 5 5 6 2 3 3 4 3 4 4 5 3 4 4 5 4 5 5 6 3 4 4 5 4 5 5 6 4 5 5 6 5 6 6 7 2 3 3 4 3 4
50
15 14 15 15 16 14 15 15 16 15 16 16 17 13 14 14 15 14 15 15 16 14 15 15 16 15 16 16 17 14 15 15 16 15 16 16 17 15 16 16 17 16 17 17 18 1 2 2 3 2
50
5 2 3 3 4 3 4 4 5 3 4 4 5 4 5 5 6 2 3 3 4 3 4 4 5 3 4 4 5 4 5 5 6 3 4 4 5 4 5 5 6 4 5 5 6 5 6 6 7 2
50
3 4 2 3 3 4 3 4 4 5 2 3 3 4 3 4 4 5 3 4 4 5 4 5 5 6 2 3 3 4 3 4 4 5 3 4 4 5 4 5 5 6 3 4 4 5 4 5 5 6
50
3 4 4 5 2 3 3 4 3 4 4 5 3 4 4 5 4 5 5 6 2 3 3 4 3 4 4 5 3 4 4 5 4 5 5 6 3 4 4 5 4 5 5 6 4 5 5 6 5 6
50
8 6 7 7 8 7 8 8 9 6 7 7 8 7 8 8 9 7 8 8 9 8 9 9 10 6 7 7 8 7 8 8 9 7 8 8 9 8 9 9 10 7 8 8 9 8 9 9 10 8
50
43 44 44 45 43 44 44 45 44 45 45 46 42 43 43 44 43 44 44 45 43 44 44 45 44 45 45 46 43 44 44 45 44 45 45 46 44 45 45 46 45 46 46 47 1 2 2 3 2 3
50
10 11 11 12 1 2 2 3 2 3 3 4 2 3 3 4 3 4 4 5 2 3 3 4 3 4 4 5 3 4 4 5 4 5 5 6 2 3 3 4 3 4 4 5 3 4 4 5 4 5
50
16 17 17 18 16 17 17 18 17 18 18 19 16 17 17 18 17 18 18 19 17 18 18 19 18 19 19 20 1 2 2 3 2 3 3 4 2 3 3 4 3 4 4 5 2 3 3 4 3 4
50
49 50 47 48 48 49 48 49 49 50 48 49 49 50 49 50 50 51 1 2 2 3 2 3 3 4 2 3 3 4 3 4 4 5 2 3 3 4 3 4 4 5 3 4 4 5 4 5 5 6
50
4 5 4 5 5 6 2 3 3 4 3 4 4 5 3 4 4 5 4 5 5 6 3 4 4 5 4 5 5 6 4 5 5 6 5 6 6 7 2 3 3 4 3 4 4 5 3 4 4 5
50
43 44 42 43 43 44 43 44 44 45 1 2 2 3 2 3 3 4 2 3 3 4 3 4 4 5 2 3 3 4 3 4 4 5 3 4 4 5 4 5 5 6 2 3 3 4 3 4 4 5
50
13 14 13 14 14 15 13 14 14 15 14 15 15 16 1 2 2 3 2 3 3 4 2 3 3 4 3 4 4 5 2 3 3 4 3 4 4 5 3 4 4 5 4 5 5 6 2 3 3 4
50
6 7 2 3 3 4 3 4 4 5 3 4 4 5 4 5 5 6 3 4 4 5 4 5 5 6 4 5 5 6 5 6 6 7 3 4 4 5 4 5 5 6 4 5 5 6 5 6 6 7
50
55 55 56 55 56 56 57 55 56 56 57 56 57 57 58 1 2 2 3 2 3 3 4 2 3 3 4 3 4 4 5 2 3 3 4 3 4 4 5 3 4 4 5 4 5 5 6 2 3 3
50
9 9 10 9 10 10 11 8 9 9 10 9 10 10 11 9 10 10 11 10 11 11 12 1 2 2 3 2 3 3 4 2 3 3 4 3 4 4 5 2 3 3 4 3 4 4 5 3 4 4
50
25 20 21 21 22 21 22 22 23 21 22 22 23 22 23 23 24 21 22 22 23 22 23 23 24 22 23 23 24 23 24 24 25 21 22 22 23 22 23 23 24 22 23 23 24 23 24 24 25 22
50
7 7 8 7 8 8 9 7 8 8 9 8 9 9 10 5 6 6 7 6 7 7 8 6 7 7 8 7 8 8 9 6 7 7 8 7 8 8 9 7 8 8 9 8 9 9 10 6 7 7
50
3 4 4 5 3 4 4 5 4 5 5 6 2 3 3 4 3 4 4 5 3 4 4 5 4 5 5 6 3 4 4 5 4 5 5 6 4 5 5 6 5 6 6 7 2 3 3 4 3 4
50
36 36 37 36 37 37 38 36 37 37 38 37 38 38 39 36 37 37 38 37 38 38 39 37 38 38 39 38 39 39 40 36 37 37 38 37 38 38 39 37 38 38 39 38 39 39 40 37 38 38
50
49 49 50 49 50 50 51 1 2 2 3 2 3 3 4 2 3 3 4 3 4 4 5 2 3 3 4 3 4 4 5 3 4 4 5 4 5 5 6 2 3 3 4 3 4 4 5 3 4 4
50
3 3 4 2 3 3 4 3 4 4 5 2 3 3 4 3 4 4 5 3 4 4 5 4 5 5 6 2 3 3 4 3 4 4 5 3 4 4 5 4 5 5 6 3 4 4 5 4 5 5
50
11 10 11 11 12 1 2 2 3 2 3 3 4 2 3 3 4 3 4 4 5 2 3 3 4 3 4 4 5 3 4 4 5 4 5 5 6 2 3 3 4 3 4 4 5 3 4 4 5 4
50
24 24 25 24 25 25 26 24 25 25 26 25 26 26 27 23 24 24 25 24 25 25 26 24 25 25 26 25 26 26 27 24 25 25 26 25 26 26 27 25 26 26 27 26 27 27 28 1 2 2
50
28 29 29 30 29 30 30 31 27 28 28 29 28 29 29 30 28 29 29 30 29 30 30 31 28 29 29 30 29 30 30 31 29 30 30 31 30 31 31 32 1 2 2 3 2 3 3 4 2 3
50
11 11 12 10 11 11 12 11 12 12 13 10 11 11 12 11 12 12 13 11 12 12 13 12 13 13 14 1 2 2 3 2 3 3 4 2 3 3 4 3 4 4 5 2 3 3 4 3 4 4
50
4 2 3 3 4 3 4 4 5 2 3 3 4 3 4 4 5 3 4 4 5 4 5 5 6 2 3 3 4 3 4 4 5 3 4 4 5 4 5 5 6 3 4 4 5 4 5 5 6 4
50
48 49 49 50 49 50 50 51 49 50 50 51 50 51 51 52 49 50 50 51 50 51 51 52 50 51 51 52 51 52 52 53 49 50 50 51 50 51 51 52 50 51 51 52 51 52 52 53 50 51
50
51 51 52 50 51 51 52 51 52 52 53 50 51 51 52 51 52 52 53 51 52 52 53 52 53 53 54 1 2 2 3 2 3 3 4 2 3 3 4 3 4 4 5 2 3 3 4 3 4 4
50
7 1 2 2 3 2 3 3 4 2 3 3 4 3 4 4 5 2 3 3 4 3 4 4 5 3 4 4 5 4 5 5 6 2 3 3 4 3 4 4 5 3 4 4 5 4 5 5 6 3
50
39 40 40 41 37 38 38 39 38 39 39 40 38 39 39 40 39 40 40 41 38 39 39 40 39 40 40 41 39 40 40 41 40 41 41 42 1 2 2 3 2 3 3 4 2 3 3 4 3 4
50
3 2 3 3 4 2 3 3 4 3 4 4 5 2 3 3 4 3 4 4 5 3 4 4 5 4 5 5 6 2 3 3 4 3 4 4 5 3 4 4 5 4 5 5 6 3 4 4 5 4
50
28 27 28 28 29 27 28 28 29 28 29 29 30 25 26 26 27 26 27 27 28 26 27 27 28 27 28 28 29 26 27 27 28 27 28 28 29 27 28 28 29 28 29 29 30 26 27 27 28 27
50
20 20 21 19 20 20 21 20 21 21 22 19 20 20 21 20 21 21 22 20 21 21 22 21 22 22 23 1 2 2 3 2 3 3 4 2 3 3 4 3 4 4 5 2 3 3 4 3 4 4
50
46 47 47 48 45 46 46 47 46 47 47 48 46 47 47 48 47 48 48 49 45 46 46 47 46 47 47 48 46 47 47 48 47 48 48 49 46 47 47 48 47 48 48 49 47 48 48 49 48 49
50
27 27 28 27 28 28 29 24 25 25 26 25 26 26 27 25 26 26 27 26 27 27 28 25 26 26 27 26 27 27 28 26 27 27 28 27 28 28 29 25 26 26 27 26 27 27 28 26 27 27
50
43 44 44 45 44 45 45 46 43 44 44 45 44 45 45 46 44 45 45 46 45 46 46 47 1 2 2 3 2 3 3 4 2 3 3 4 3 4 4 5 2 3 3 4 3 4 4 5 3 4
50
14 13 14 14 15 11 12 12 13 12 13 13 14 12 13 13 14 13 14 14 15 12 13 13 14 13 14 14 15 13 14 14 15 14 15 15 16 1 2 2 3 2 3 3 4 2 3 3 4 3
50
49 50 49 50 50 51 1 2 2 3 2 3 3 4 2 3 3 4 3 4 4 5 2 3 3 4 3 4 4 5 3 4 4 5 4 5 5 6 2 3 3 4 3 4 4 5 3 4 4 5
50
32 29 30 30 31 30 31 31 32 30 31 31 32 31 32 32 33 29 30 30 31 30 31 31 32 30 31 31 32 31 32 32 33 30 31 31 32 31 32 32 33 31 32 32 33 32 33 33 34 1
50
41 41 42 41 42 42 43 41 42 42 43 42 43 43 44 41 42 42 43 42 43 43 44 42 43 43 44 43 44 44 45 41 42 42 43 42 43 43 44 42 43 43 44 43 44 44 45 42 43 43
50
27 27 28 26 27 27 28 27 28 28 29 26 27 27 28 27 28 28 29 27 28 28 29 28 29 29 30 26 27 27 28 27 28 28 29 27 28 28 29 28 29 29 30 27 28 28 29 28 29 29
50
21 22 21 22 22 23 21 22 22 23 22 23 23 24 21 22 22 23 22 23 23 24 22 23 23 24 23 24 24 25 21 22 22 23 22 23 23 24 22 23 23 24 23 24 24 25 22 23 23 24
50
3 4 3 4 4 5 2 3 3 4 3 4 4 5 3 4 4 5 4 5 5 6 2 3 3 4 3 4 4 5 3 4 4 5 4 5 5 6 3 4 4 5 4 5 5 6 4 5 5 6
50
48 49 48 49 49 50 1 2 2 3 2 3 3 4 2 3 3 4 3 4 4 5 2 3 3 4 3 4 4 5 3 4 4 5 4 5 5 6 2 3 3 4 3 4 4 5 3 4 4 5
50
4 3 4 4 5 3 4 4 5 4 5 5 6 2 3 3 4 3 4 4 5 3 4 4 5 4 5 5 6 3 4 4 5 4 5 5 6 4 5 5 6 5 6 6 7 2 3 3 4 3
50
4 3 4 4 5 3 4 4 5 4 5 5 6 2 3 3 4 3 4 4 5 3 4 4 5 4 5 5 6 3 4 4 5 4 5 5 6 4 5 5 6 5 6 6 7 2 3 3 4 3
50
14 12 13 13 14 13 14 14 15 11 12 12 13 12 13 13 14 12 13 13 14 13 14 14 15 12 13 13 14 13 14 14 15 13 14 14 15 14 15 15 16 1 2 2 3 2 3 3 4 2
50
43 41 42 42 43 42 43 43 44 39 40 40 41 40 41 41 42 40 41 41 42 41 42 42 43 40 41 41 42 41 42 42 43 41 42 42 43 42 43 43 44 40 41 41 42 41 42 42 43 41
50
23 23 24 21 22 22 23 22 23 23 24 22 23 23 24 23 24 24 25 1 2 2 3 2 3 3 4 2 3 3 4 3 4 4 5 2 3 3 4 3 4 4 5 3 4 4 5 4 5 5
50
3 4 3 4 4 5 3 4 4 5 4 5 5 6 2 3 3 4 3 4 4 5 3 4 4 5 4 5 5 6 3 4 4 5 4 5 5 6 4 5 5 6 5 6 6 7 2 3 3 4
50
23 23 24 22 23 23 24 23 24 24 25 21 22 22 23 22 23 23 24 22 23 23 24 23 24 24 25 22 23 23 24 23 24 24 25 23 24 24 25 24 25 25 26 1 2 2 3 2 3 3
50
4 5 3 4 4 5 4 5 5 6 2 3 3 4 3 4 4 5 3 4 4 5 4 5 5 6 3 4 4 5 4 5 5 6 4 5 5 6 5 6 6 7 2 3 3 4 3 4 4 5
50
4 4 5 4 5 5 6 2 3 3 4 3 4 4 5 3 4 4 5 4 5 5 6 3 4 4 5 4 5 5 6 4 5 5 6 5 6 6 7 2 3 3 4 3 4 4 5 3 4 4
50
42 40 41 41 42 41 42 42 43 40 41 41 42 41 42 42 43 41 42 42 43 42 43 43 44 1 2 2 3 2 3 3 4 2 3 3 4 3 4 4 5 2 3 3 4 3 4 4 5 3
50
48 49 49 50 45 46 46 47 46 47 47 48 46 47 47 48 47 48 48 49 46 47 47 48 47 48 48 49 47 48 48 49 48 49 49 50 46 47 47 48 47 48 48 49 47 48 48 49 48 49
50
44 44 45 43 44 44 45 44 45 45 46 41 42 42 43 42 43 43 44 42 43 43 44 43 44 44 45 42 43 43 44 43 44 44 45 43 44 44 45 44 45 45 46 42 43 43 44 43 44 44
50
24 24 25 22 23 23 24 23 24 24 25 23 24 24 25 24 25 25 26 22 23 23 24 23 24 24 25 23 24 24 25 24 25 25 26 23 24 24 25 24 25 25 26 24 25 25 26 25 26 26
50
3 4 3 4 4 5 3 4 4 5 4 5 5 6 2 3 3 4 3 4 4 5 3 4 4 5 4 5 5 6 3 4 4 5 4 5 5 6 4 5 5 6 5 6 6 7 2 3 3 4
50
20 21 21 22 20 21 21 22 21 22 22 23 1 2 2 3 2 3 3 4 2 3 3 4 3 4 4 5 2 3 3 4 3 4 4 5 3 4 4 5 4 5 5 6 2 3 3 4 3 4
50
53 49 50 50 51 50 51 51 52 50 51 51 52 51 52 52 53 50 51 51 52 51 52 52 53 51 52 52 53 52 53 53 54 1 2 2 3 2 3 3 4 2 3 3 4 3 4 4 5 2
50
26 27 23 24 24 25 24 25 25 26 24 25 25 26 25 26 26 27 24 25 25 26 25 26 26 27 25 26 26 27 26 27 27 28 1 2 2 3 2 3 3 4 2 3 3 4 3 4 4 5
50
39 38 39 39 40 38 39 39 40 39 40 40 41 38 39 39 40 39 40 40 41 39 40 40 41 40 41 41 42 1 2 2 3 2 3 3 4 2 3 3 4 3 4 4 5 2 3 3 4 3
50
36 36 37 32 33 33 34 33 34 34 35 33 34 34 35 34 35 35 36 33 34 34 35 34 35 35 36 34 35 35 36 35 36 36 37 33 34 34 35 34 35 35 36 34 35 35 36 35 36 36
50
7 8 8 9 1 2 2 3 2 3 3 4 2 3 3 4 3 4 4 5 2 3 3 4 3 4 4 5 3 4 4 5 4 5 5 6 2 3 3 4 3 4 4 5 3 4 4 5 4 5
50
55 56 55 56 56 57 55 56 56 57 56 57 57 58 55 56 56 57 56 57 57 58 56 57 57 58 57 58 58 59 1 2 2 3 2 3 3 4 2 3 3 4 3 4 4 5 2 3 3 4
50
10 9 10 10 11 1 2 2 3 2 3 3 4 2 3 3 4 3 4 4 5 2 3 3 4 3 4 4 5 3 4 4 5 4 5 5 6 2 3 3 4 3 4 4 5 3 4 4 5 4
50
2 2 3 2 3 3 4 2 3 3 4 3 4 4 5 2 3 3 4 3 4 4 5 3 4 4 5 4 5 5 6 2 3 3 4 3 4 4 5 3 4 4 5 4 5 5 6 3 4 4
50
4 5 3 4 4 5 4 5 5 6 2 3 3 4 3 4 4 5 3 4 4 5 4 5 5 6 3 4 4 5 4 5 5 6 4 5 5 6 5 6 6 7 2 3 3 4 3 4 4 5
50
10 11 9 10 10 11 10 11 11 12 7 8 8 9 8 9 9 10 8 9 9 10 9 10 10 11 8 9 9 10 9 10 10 11 9 10 10 11 10 11 11 12 8 9 9 10 9 10 10 11
50
4 5 5 6 2 3 3 4 3 4 4 5 3 4 4 5 4 5 5 6 3 4 4 5 4 5 5 6 4 5 5 6 5 6 6 7 2 3 3 4 3 4 4 5 3 4 4 5 4 5
50
4 3 4 4 5 2 3 3 4 3 4 4 5 3 4 4 5 4 5 5 6 2 3 3 4 3 4 4 5 3 4 4 5 4 5 5 6 3 4 4 5 4 5 5 6 4 5 5 6 5
50
18 19 18 19 19 20 17 18 18 19 18 19 19 20 18 19 19 20 19 20 20 21 1 2 2 3 2 3 3 4 2 3 3 4 3 4 4 5 2 3 3 4 3 4 4 5 3 4 4 5
50
3 4 3 4 4 5 2 3 3 4 3 4 4 5 3 4 4 5 4 5 5 6 2 3 3 4 3 4 4 5 3 4 4 5 4 5 5 6 3 4 4 5 4 5 5 6 4 5 5 6
50
30 29 30 30 31 29 30 30 31 30 31 31 32 1 2 2 3 2 3 3 4 2 3 3 4 3 4 4 5 2 3 3 4 3 4 4 5 3 4 4 5 4 5 5 6 2 3 3 4 3
50
6 7 7 8 7 8 8 9 4 5 5 6 5 6 6 7 5 6 6 7 6 7 7 8 5 6 6 7 6 7 7 8 6 7 7 8 7 8 8 9 5 6 6 7 6 7 7 8 6 7
50
2 3 2 3 3 4 2 3 3 4 3 4 4 5 2 3 3 4 3 4 4 5 3 4 4 5 4 5 5 6 1 2 2 3 2 3 3 4 2 3 3 4 3 4 4 5 2 3 3 4
50
3 4 4 5 2 3 3 4 3 4 4 5 3 4 4 5 4 5 5 6 2 3 3 4 3 4 4 5 3 4 4 5 4 5 5 6 3 4 4 5 4 5 5 6 4 5 5 6 5 6
50
1 2 2 3 2 3 3 4 2 3 3 4 3 4 4 5 2 3 3 4 3 4 4 5 3 4 4 5 4 5 5 6 2 3 3 4 3 4 4 5 3 4 4 5 4 5 5 6 3 4
50
3 4 4 5 4 5 5 6 1 2 2 3 2 3 3 4 2 3 3 4 3 4 4 5 2 3 3 4 3 4 4 5 3 4 4 5 4 5 5 6 2 3 3 4 3 4 4 5 3 4
50
56 53 54 54 55 54 55 55 56 54 55 55 56 55 56 56 57 1 2 2 3 2 3 3 4 2 3 3 4 3 4 4 5 2 3 3 4 3 4 4 5 3 4 4 5 4 5 5 6 2
50
49 47 48 48 49 48 49 49 50 47 48 48 49 48 49 49 50 48 49 49 50 49 50 50 51 1 2 2 3 2 3 3 4 2 3 3 4 3 4 4 5 2 3 3 4 3 4 4 5 3
50
13 13 14 11 12 12 13 12 13 13 14 12 13 13 14 13 14 14 15 11 12 12 13 12 13 13 14 12 13 13 14 13 14 14 15 12 13 13 14 13 14 14 15 13 14 14 15 14 15 15
50
4 4 5 4 5 5 6 2 3 3 4 3 4 4 5 3 4 4 5 4 5 5 6 3 4 4 5 4 5 5 6 4 5 5 6 5 6 6 7 2 3 3 4 3 4 4 5 3 4 4
50
2 3 3 4 3 4 4 5 3 4 4 5 4 5 5 6 2 3 3 4 3 4 4 5 3 4 4 5 4 5 5 6 3 4 4 5 4 5 5 6 4 5 5 6 5 6 6 7 2 3
50
47 48 46 47 47 48 47 48 48 49 1 2 2 3 2 3 3 4 2 3 3 4 3 4 4 5 2 3 3 4 3 4 4 5 3 4 4 5 4 5 5 6 2 3 3 4 3 4 4 5
50
11 12 12 13 12 13 13 14 12 13 13 14 13 14 14 15 1 2 2 3 2 3 3 4 2 3 3 4 3 4 4 5 2 3 3 4 3 4 4 5 3 4 4 5 4 5 5 6 2 3
50
2 3 2 3 3 4 2 3 3 4 3 4 4 5 2 3 3 4 3 4 4 5 3 4 4 5 4 5 5 6 2 3 3 4 3 4 4 5 3 4 4 5 4 5 5 6 3 4 4 5
50
21 22 20 21 21 22 21 22 22 23 20 21 21 22 21 22 22 23 21 22 22 23 22 23 23 24 1 2 2 3 2 3 3 4 2 3 3 4 3 4 4 5 2 3 3 4 3 4 4 5
50
12 12 13 1 2 2 3 2 3 3 4 2 3 3 4 3 4 4 5 2 3 3 4 3 4 4 5 3 4 4 5 4 5 5 6 2 3 3 4 3 4 4 5 3 4 4 5 4 5 5
50
18 19 17 18 18 19 18 19 19 20 17 18 18 19 18 19 19 20 18 19 19 20 19 20 20 21 17 18 18 19 18 19 19 20 18 19 19 20 19 20 20 21 18 19 19 20 19 20 20 21
50
57 52 53 53 54 53 54 54 55 53 54 54 55 54 55 55 56 53 54 54 55 54 55 55 56 54 55 55 56 55 56 56 57 53 54 54 55 54 55 55 56 54 55 55 56 55 56 56 57 54
50
54 54 55 54 55 55 56 52 53 53 54 53 54 54 55 53 54 54 55 54 55 55 56 53 54 54 55 54 55 55 56 54 55 55 56 55 56 56 57 1 2 2 3 2 3 3 4 2 3 3
50
43 44 43 44 44 45 41 42 42 43 42 43 43 44 42 43 43 44 43 44 44 45 42 43 43 44 43 44 44 45 43 44 44 45 44 45 45 46 1 2 2 3 2 3 3 4 2 3 3 4
50
45 46 45 46 46 47 44 45 45 46 45 46 46 47 45 46 46 47 46 47 47 48 1 2 2 3 2 3 3 4 2 3 3 4 3 4 4 5 2 3 3 4 3 4 4 5 3 4 4 5
50
20 21 21 22 20 21 21 22 21 22 22 23 18 19 19 20 19 20 20 21 19 20 20 21 20 21 21 22 19 20 20 21 20 21 21 22 20 21 21 22 21 22 22 23 19 20 20 21 20 21
50
1 2 2 3 2 3 3 4 2 3 3 4 3 4 4 5 2 3 3 4 3 4 4 5 3 4 4 5 4 5 5 6 2 3 3 4 3 4 4 5 3 4 4 5 4 5 5 6 3 4
50
14 15 15 16 13 14 14 15 14 15 15 16 14 15 15 16 15 16 16 17 1 2 2 3 2 3 3 4 2 3 3 4 3 4 4 5 2 3 3 4 3 4 4 5 3 4 4 5 4 5
50
45 46 46 47 45 46 46 47 46 47 47 48 1 2 2 3 2 3 3 4 2 3 3 4 3 4 4 5 2 3 3 4 3 4 4 5 3 4 4 5 4 5 5 6 2 3 3 4 3 4
50
7 7 8 6 7 7 8 7 8 8 9 5 6 6 7 6 7 7 8 6 7 7 8 7 8 8 9 6 7 7 8 7 8 8 9 7 8 8 9 8 9 9 10 1 2 2 3 2 3 3
50
4 4 5 2 3 3 4 3 4 4 5 3 4 4 5 4 5 5 6 2 3 3 4 3 4 4 5 3 4 4 5 4 5 5 6 3 4 4 5 4 5 5 6 4 5 5 6 5 6 6
50
35 36 36 37 33 34 34 35 34 35 35 36 34 35 35 36 35 36 36 37 34 35 35 36 35 36 36 37 35 36 36 37 36 37 37 38 1 2 2 3 2 3 3 4 2 3 3 4 3 4
50
3 3 4 2 3 3 4 3 4 4 5 2 3 3 4 3 4 4 5 3 4 4 5 4 5 5 6 2 3 3 4 3 4 4 5 3 4 4 5 4 5 5 6 3 4 4 5 4 5 5
50
36 37 36 37 37 38 33 34 34 35 34 35 35 36 34 35 35 36 35 36 36 37 34 35 35 36 35 36 36 37 35 36 36 37 36 37 37 38 34 35 35 36 35 36 36 37 35 36 36 37
50
12 12 13 12 13 13 14 11 12 12 13 12 13 13 14 12 13 13 14 13 14 14 15 1 2 2 3 2 3 3 4 2 3 3 4 3 4 4 5 2 3 3 4 3 4 4 5 3 4 4
50
23 24 23 24 24 25 1 2 2 3 2 3 3 4 2 3 3 4 3 4 4 5 2 3 3 4 3 4 4 5 3 4 4 5 4 5 5 6 2 3 3 4 3 4 4 5 3 4 4 5
50
3 4 4 5 3 4 4 5 4 5 5 6 2 3 3 4 3 4 4 5 3 4 4 5 4 5 5 6 3 4 4 5 4 5 5 6 4 5 5 6 5 6 6 7 2 3 3 4 3 4
50
43 44 44 45 44 45 45 46 43 44 44 45 44 45 45 46 44 45 45 46 45 46 46 47 43 44 44 45 44 45 45 46 44 45 45 46 45 46 46 47 44 45 45 46 45 46 46 47 45 46
50
3 4 4 5 3 4 4 5 4 5 5 6 2 3 3 4 3 4 4 5 3 4 4 5 4 5 5 6 3 4 4 5 4 5 5 6 4 5 5 6 5 6 6 7 2 3 3 4 3 4
50
2 3 3 4 3 4 4 5 3 4 4 5 4 5 5 6 2 3 3 4 3 4 4 5 3 4 4 5 4 5 5 6 3 4 4 5 4 5 5 6 4 5 5 6 5 6 6 7 2 3
50
20 21 20 21 21 22 20 21 21 22 21 22 22 23 19 20 20 21 20 21 21 22 20 21 21 22 21 22 22 23 20 21 21 22 21 22 22 23 21 22 22 23 22 23 23 24 1 2 2 3
50
43 44 44 45 44 45 45 46 44 45 45 46 45 46 46 47 44 45 45 46 45 46 46 47 45 46 46 47 46 47 47 48 44 45 45 46 45 46 46 47 45 46 46 47 46 47 47 48 45 46
50
6 6 7 6 7 7 8 6 7 7 8 7 8 8 9 4 5 5 6 5 6 6 7 5 6 6 7 6 7 7 8 5 6 6 7 6 7 7 8 6 7 7 8 7 8 8 9 5 6 6
50
28 28 29 28 29 29 30 28 29 29 30 29 30 30 31 26 27 27 28 27 28 28 29 27 28 28 29 28 29 29 30 27 28 28 29 28 29 29 30 28 29 29 30 29 30 30 31 27 28 28
50
3 2 2 1 2 1 1 0 1 1 2 1 2 2 3 1 2 2 3 2 3 3 4 1 2 2 3 2 3 3 4 2 3 3 4 3 4 4 5 1 2 2 3 2 3 3 4 2 3 3
50
7 8 7 8 8 9 1 2 2 3 2 3 3 4 2 3 3 4 3 4 4 5 2 3 3 4 3 4 4 5 3 4 4 5 4 5 5 6 2 3 3 4 3 4 4 5 3 4 4 5
50
4 4 5 3 4 4 5 4 5 5 6 2 3 3 4 3 4 4 5 3 4 4 5 4 5 5 6 3 4 4 5 4 5 5 6 4 5 5 6 5 6 6 7 2 3 3 4 3 4 4
50
17 17 18 17 18 18 19 17 18 18 19 18 19 19 20 15 16 16 17 16 17 17 18 16 17 17 18 17 18 18 19 16 17 17 18 17 18 18 19 17 18 18 19 18 19 19 20 16 17 17
50
43 44 44 45 44 45 45 46 1 2 2 3 2 3 3 4 2 3 3 4 3 4 4 5 2 3 3 4 3 4 4 5 3 4 4 5 4 5 5 6 2 3 3 4 3 4 4 5 3 4
50
34 35 35 36 35 36 36 37 35 36 36 37 36 37 37 38 34 35 35 36 35 36 36 37 35 36 36 37 36 37 37 38 35 36 36 37 36 37 37 38 36 37 37 38 37 38 38 39 1 2
50
52 53 52 53 53 54 50 51 51 52 51 52 52 53 51 52 52 53 52 53 53 54 51 52 52 53 52 53 53 54 52 53 53 54 53 54 54 55 1 2 2 3 2 3 3 4 2 3 3 4
50
3 3 4 3 4 4 5 3 4 4 5 4 5 5 6 2 3 3 4 3 4 4 5 3 4 4 5 4 5 5 6 3 4 4 5 4 5 5 6 4 5 5 6 5 6 6 7 2 3 3
50
39 37 38 38 39 38 39 39 40 37 38 38 39 38 39 39 40 38 39 39 40 39 40 40 41 1 2 2 3 2 3 3 4 2 3 3 4 3 4 4 5 2 3 3 4 3 4 4 5 3
50
2 2 3 2 3 3 4 2 3 3 4 3 4 4 5 2 3 3 4 3 4 4 5 3 4 4 5 4 5 5 6 2 3 3 4 3 4 4 5 3 4 4 5 4 5 5 6 3 4 4
50
9 10 10 11 9 10 10 11 10 11 11 12 9 10 10 11 10 11 11 12 10 11 11 12 11 12 12 13 1 2 2 3 2 3 3 4 2 3 3 4 3 4 4 5 2 3 3 4 3 4
50
17 18 18 19 15 16 16 17 16 17 17 18 16 17 17 18 17 18 18 19 16 17 17 18 17 18 18 19 17 18 18 19 18 19 19 20 1 2 2 3 2 3 3 4 2 3 3 4 3 4
50
4 3 4 4 5 3 4 4 5 4 5 5 6 2 3 3 4 3 4 4 5 3 4 4 5 4 5 5 6 3 4 4 5 4 5 5 6 4 5 5 6 5 6 6 7 2 3 3 4 3
50
52 53 53 54 52 53 53 54 53 54 54 55 52 53 53 54 53 54 54 55 53 54 54 55 54 55 55 56 1 2 2 3 2 3 3 4 2 3 3 4 3 4 4 5 2 3 3 4 3 4
50
4 4 5 4 5 5 6 4 5 5 6 5 6 6 7 4 5 5 6 5 6 6 7 5 6 6 7 6 7 7 8 1 2 2 3 2 3 3 4 2 3 3 4 3 4 4 5 2 3 3
50
54 55 54 55 55 56 54 55 55 56 55 56 56 57 53 54 54 55 54 55 55 56 54 55 55 56 55 56 56 57 54 55 55 56 55 56 56 57 55 56 56 57 56 57 57 58 1 2 2 3
50
1 2 2 3 2 3 3 4 2 3 3 4 3 4 4 5 2 3 3 4 3 4 4 5 3 4 4 5 4 5 5 6 2 3 3 4 3 4 4 5 3 4 4 5 4 5 5 6 3 4
50
31 30 31 31 32 29 30 30 31 30 31 31 32 30 31 31 32 31 32 32 33 1 2 2 3 2 3 3 4 2 3 3 4 3 4 4 5 2 3 3 4 3 4 4 5 3 4 4 5 4
50
11 10 11 11 12 10 11 11 12 11 12 12 13 10 11 11 12 11 12 12 13 11 12 12 13 12 13 13 14 1 2 2 3 2 3 3 4 2 3 3 4 3 4 4 5 2 3 3 4 3
50
38 38 39 38 39 39 40 37 38 38 39 38 39 39 40 38 39 39 40 39 40 40 41 1 2 2 3 2 3 3 4 2 3 3 4 3 4 4 5 2 3 3 4 3 4 4 5 3 4 4
50
41 42 41 42 42 43 40 41 41 42 41 42 42 43 41 42 42 43 42 43 43 44 1 2 2 3 2 3 3 4 2 3 3 4 3 4 4 5 2 3 3 4 3 4 4 5 3 4 4 5
50
29 29 30 29 30 30 31 28 29 29 30 29 30 30 31 29 30 30 31 30 31 31 32 1 2 2 3 2 3 3 4 2 3 3 4 3 4 4 5 2 3 3 4 3 4 4 5 3 4 4
50
27 27 28 25 26 26 27 26 27 27 28 26 27 27 28 27 28 28 29 25 26 26 27 26 27 27 28 26 27 27 28 27 28 28 29 26 27 27 28 27 28 28 29 27 28 28 29 28 29 29
50
48 45 46 46 47 46 47 47 48 46 47 47 48 47 48 48 49 1 2 2 3 2 3 3 4 2 3 3 4 3 4 4 5 2 3 3 4 3 4 4 5 3 4 4 5 4 5 5 6 2
50
27 28 28 29 28 29 29 30 27 28 28 29 28 29 29 30 28 29 29 30 29 30 30 31 1 2 2 3 2 3 3 4 2 3 3 4 3 4 4 5 2 3 3 4 3 4 4 5 3 4
50
53 52 53 53 54 51 52 52 53 52 53 53 54 52 53 53 54 53 54 54 55 51 52 52 53 52 53 53 54 52 53 53 54 53 54 54 55 52 53 53 54 53 54 54 55 53 54 54 55 54
50
19 19 20 1 2 2 3 2 3 3 4 2 3 3 4 3 4 4 5 2 3 3 4 3 4 4 5 3 4 4 5 4 5 5 6 2 3 3 4 3 4 4 5 3 4 4 5 4 5 5
50
39 40 39 40 40 41 39 40 40 41 40 41 41 42 37 38 38 39 38 39 39 40 38 39 39 40 39 40 40 41 38 39 39 40 39 40 40 41 39 40 40 41 40 41 41 42 38 39 39 40
50
3 4 4 5 3 4 4 5 4 5 5 6 2 3 3 4 3 4 4 5 3 4 4 5 4 5 5 6 3 4 4 5 4 5 5 6 4 5 5 6 5 6 6 7 2 3 3 4 3 4
50
48 49 49 50 1 2 2 3 2 3 3 4 2 3 3 4 3 4 4 5 2 3 3 4 3 4 4 5 3 4 4 5 4 5 5 6 2 3 3 4 3 4 4 5 3 4 4 5 4 5
50
47 48 48 49 47 48 48 49 48 49 49 50 1 2 2 3 2 3 3 4 2 3 3 4 3 4 4 5 2 3 3 4 3 4 4 5 3 4 4 5 4 5 5 6 2 3 3 4 3 4
50
3 4 4 5 4 5 5 6 2 3 3 4 3 4 4 5 3 4 4 5 4 5 5 6 3 4 4 5 4 5 5 6 4 5 5 6 5 6 6 7 2 3 3 4 3 4 4 5 3 4
50
5 2 3 3 4 3 4 4 5 3 4 4 5 4 5 5 6 2 3 3 4 3 4 4 5 3 4 4 5 4 5 5 6 3 4 4 5 4 5 5 6 4 5 5 6 5 6 6 7 2
50
19 17 18 18 19 18 19 19 20 1 2 2 3 2 3 3 4 2 3 3 4 3 4 4 5 2 3 3 4 3 4 4 5 3 4 4 5 4 5 5 6 2 3 3 4 3 4 4 5 3
50
41 41 42 41 42 42 43 39 40 40 41 40 41 41 42 40 41 41 42 41 42 42 43 40 41 41 42 41 42 42 43 41 42 42 43 42 43 43 44 1 2 2 3 2 3 3 4 2 3 3
50
3 4 3 4 4 5 2 3 3 4 3 4 4 5 3 4 4 5 4 5 5 6 2 3 3 4 3 4 4 5 3 4 4 5 4 5 5 6 3 4 4 5 4 5 5 6 4 5 5 6
50
36 36 37 36 37 37 38 35 36 36 37 36 37 37 38 36 37 37 38 37 38 38 39 35 36 36 37 36 37 37 38 36 37 37 38 37 38 38 39 36 37 37 38 37 38 38 39 37 38 38
50
34 34 35 34 35 35 36 1 2 2 3 2 3 3 4 2 3 3 4 3 4 4 5 2 3 3 4 3 4 4 5 3 4 4 5 4 5 5 6 2 3 3 4 3 4 4 5 3 4 4
50
52 53 52 53 53 54 52 53 53 54 53 54 54 55 52 53 53 54 53 54 54 55 53 54 54 55 54 55 55 56 1 2 2 3 2 3 3 4 2 3 3 4 3 4 4 5 2 3 3 4
50
49 50 48 49 49 50 49 50 50 51 48 49 49 50 49 50 50 51 49 50 50 51 50 51 51 52 1 2 2 3 2 3 3 4 2 3 3 4 3 4 4 5 2 3 3 4 3 4 4 5
50
4 3 4 4 5 3 4 4 5 4 5 5 6 2 3 3 4 3 4 4 5 3 4 4 5 4 5 5 6 3 4 4 5 4 5 5 6 4 5 5 6 5 6 6 7 2 3 3 4 3
50
2 3 3 4 3 4 4 5 2 3 3 4 3 4 4 5 3 4 4 5 4 5 5 6 2 3 3 4 3 4 4 5 3 4 4 5 4 5 5 6 3 4 4 5 4 5 5 6 4 5
50
8 9 8 9 9 10 8 9 9 10 9 10 10 11 6 7 7 8 7 8 8 9 7 8 8 9 8 9 9 10 7 8 8 9 8 9 9 10 8 9 9 10 9 10 10 11 7 8 8 9
50
54 53 54 54 55 51 52 52 53 52 53 53 54 52 53 53 54 53 54 54 55 52 53 53 54 53 54 54 55 53 54 54 55 54 55 55 56 1 2 2 3 2 3 3 4 2 3 3 4 3
50
30 29 30 30 31 29 30 30 31 30 31 31 32 29 30 30 31 30 31 31 32 30 31 31 32 31 32 32 33 1 2 2 3 2 3 3 4 2 3 3 4 3 4 4 5 2 3 3 4 3
50
42 43 40 41 41 42 41 42 42 43 41 42 42 43 42 43 43 44 40 41 41 42 41 42 42 43 41 42 42 43 42 43 43 44 41 42 42 43 42 43 43 44 42 43 43 44 43 44 44 45
50
10 9 10 10 11 9 10 10 11 10 11 11 12 9 10 10 11 10 11 11 12 10 11 11 12 11 12 12 13 1 2 2 3 2 3 3 4 2 3 3 4 3 4 4 5 2 3 3 4 3
50
3 4 4 5 3 4 4 5 4 5 5 6 2 3 3 4 3 4 4 5 3 4 4 5 4 5 5 6 3 4 4 5 4 5 5 6 4 5 5 6 5 6 6 7 2 3 3 4 3 4
50
12 13 8 9 9 10 9 10 10 11 9 10 10 11 10 11 11 12 9 10 10 11 10 11 11 12 10 11 11 12 11 12 12 13 9 10 10 11 10 11 11 12 10 11 11 12 11 12 12 13
50
31 32 30 31 31 32 31 32 32 33 30 31 31 32 31 32 32 33 31 32 32 33 32 33 33 34 1 2 2 3 2 3 3 4 2 3 3 4 3 4 4 5 2 3 3 4 3 4 4 5
50
4 4 5 2 3 3 4 3 4 4 5 3 4 4 5 4 5 5 6 2 3 3 4 3 4 4 5 3 4 4 5 4 5 5 6 3 4 4 5 4 5 5 6 4 5 5 6 5 6 6
50
19 20 19 20 20 21 18 19 19 20 19 20 20 21 19 20 20 21 20 21 21 22 18 19 19 20 19 20 20 21 19 20 20 21 20 21 21 22 19 20 20 21 20 21 21 22 20 21 21 22
50
49 49 50 49 50 50 51 49 50 50 51 50 51 51 52 49 50 50 51 50 51 51 52 50 51 51 52 51 52 52 53 49 50 50 51 50 51 51 52 50 51 51 52 51 52 52 53 50 51 51
50
5 5 6 2 3 3 4 3 4 4 5 3 4 4 5 4 5 5 6 3 4 4 5 4 5 5 6 4 5 5 6 5 6 6 7 2 3 3 4 3 4 4 5 3 4 4 5 4 5 5
50
4 5 5 6 2 3 3 4 3 4 4 5 3 4 4 5 4 5 5 6 3 4 4 5 4 5 5 6 4 5 5 6 5 6 6 7 2 3 3 4 3 4 4 5 3 4 4 5 4 5
50
11 12 11 12 12 13 1 2 2 3 2 3 3 4 2 3 3 4 3 4 4 5 2 3 3 4 3 4 4 5 3 4 4 5 4 5 5 6 2 3 3 4 3 4 4 5 3 4 4 5
50
2 3 3 4 3 4 4 5 2 3 3 4 3 4 4 5 3 4 4 5 4 5 5 6 2 3 3 4 3 4 4 5 3 4 4 5 4 5 5 6 3 4 4 5 4 5 5 6 4 5
50
47 48 46 47 47 48 47 48 48 49 44 45 45 46 45 46 46 47 45 46 46 47 46 47 47 48 45 46 46 47 46 47 47 48 46 47 47 48 47 48 48 49 45 46 46 47 46 47 47 48
50
17 18 17 18 18 19 17 18 18 19 18 19 19 20 15 16 16 17 16 17 17 18 16 17 17 18 17 18 18 19 16 17 17 18 17 18 18 19 17 18 18 19 18 19 19 20 16 17 17 18
50
20 18 19 19 20 19 20 20 21 18 19 19 20 19 20 20 21 19 20 20 21 20 21 21 22 1 2 2 3 2 3 3 4 2 3 3 4 3 4 4 5 2 3 3 4 3 4 4 5 3
50
23 24 24 25 21 22 22 23 22 23 23 24 22 23 23 24 23 24 24 25 22 23 23 24 23 24 24 25 23 24 24 25 24 25 25 26 1 2 2 3 2 3 3 4 2 3 3 4 3 4
50
3 3 4 3 4 4 5 2 3 3 4 3 4 4 5 3 4 4 5 4 5 5 6 2 3 3 4 3 4 4 5 3 4 4 5 4 5 5 6 3 4 4 5 4 5 5 6 4 5 5
50
10 11 10 11 11 12 8 9 9 10 9 10 10 11 9 10 10 11 10 11 11 12 9 10 10 11 10 11 11 12 10 11 11 12 11 12 12 13 1 2 2 3 2 3 3 4 2 3 3 4
50
2 3 3 4 2 3 3 4 3 4 4 5 2 3 3 4 3 4 4 5 3 4 4 5 4 5 5 6 2 3 3 4 3 4 4 5 3 4 4 5 4 5 5 6 3 4 4 5 4 5
50
5 2 3 3 4 3 4 4 5 3 4 4 5 4 5 5 6 2 3 3 4 3 4 4 5 3 4 4 5 4 5 5 6 3 4 4 5 4 5 5 6 4 5 5 6 5 6 6 7 1
50
32 33 1 2 2 3 2 3 3 4 2 3 3 4 3 4 4 5 2 3 3 4 3 4 4 5 3 4 4 5 4 5 5 6 2 3 3 4 3 4 4 5 3 4 4 5 4 5 5 6
50
37 38 38 39 36 37 37 38 37 38 38 39 37 38 38 39 38 39 39 40 1 2 2 3 2 3 3 4 2 3 3 4 3 4 4 5 2 3 3 4 3 4 4 5 3 4 4 5 4 5
50
19 19 20 18 19 19 20 19 20 20 21 17 18 18 19 18 19 19 20 18 19 19 20 19 20 20 21 18 19 19 20 19 20 20 21 19 20 20 21 20 21 21 22 1 2 2 3 2 3 3
50
23 24 24 25 22 23 23 24 23 24 24 25 23 24 24 25 24 25 25 26 22 23 23 24 23 24 24 25 23 24 24 25 24 25 25 26 23 24 24 25 24 25 25 26 24 25 25 26 25 26
50
28 29 28 29 29 30 28 29 29 30 29 30 30 31 28 29 29 30 29 30 30 31 29 30 30 31 30 31 31 32 28 29 29 30 29 30 30 31 29 30 30 31 30 31 31 32 29 30 30 31
50
24 23 24 24 25 23 24 24 25 24 25 25 26 1 2 2 3 2 3 3 4 2 3 3 4 3 4 4 5 2 3 3 4 3 4 4 5 3 4 4 5 4 5 5 6 2 3 3 4 3
50
2 3 3 4 2 3 3 4 3 4 4 5 2 3 3 4 3 4 4 5 3 4 4 5 4 5 5 6 2 3 3 4 3 4 4 5 3 4 4 5 4 5 5 6 3 4 4 5 4 5
50
31 32 32 33 31 32 32 33 32 33 33 34 1 2 2 3 2 3 3 4 2 3 3 4 3 4 4 5 2 3 3 4 3 4 4 5 3 4 4 5 4 5 5 6 2 3 3 4 3 4
50
5 6 5 6 6 7 4 5 5 6 5 6 6 7 5 6 6 7 6 7 7 8 1 2 2 3 2 3 3 4 2 3 3 4 3 4 4 5 2 3 3 4 3 4 4 5 3 4 4 5
50
48 49 49 50 49 50 50 51 47 48 48 49 48 49 49 50 48 49 49 50 49 50 50 51 48 49 49 50 49 50 50 51 49 50 50 51 50 51 51 52 1 2 2 3 2 3 3 4 2 3
50
29 30 30 31 30 31 31 32 30 31 31 32 31 32 32 33 1 2 2 3 2 3 3 4 2 3 3 4 3 4 4 5 2 3 3 4 3 4 4 5 3 4 4 5 4 5 5 6 2 3
50
38 39 37 38 38 39 38 39 39 40 37 38 38 39 38 39 39 40 38 39 39 40 39 40 40 41 1 2 2 3 2 3 3 4 2 3 3 4 3 4 4 5 2 3 3 4 3 4 4 5
50
5 4 5 5 6 2 3 3 4 3 4 4 5 3 4 4 5 4 5 5 6 3 4 4 5 4 5 5 6 4 5 5 6 5 6 6 7 2 3 3 4 3 4 4 5 3 4 4 5 4
50
3 4 4 5 3 4 4 5 4 5 5 6 2 3 3 4 3 4 4 5 3 4 4 5 4 5 5 6 3 4 4 5 4 5 5 6 4 5 5 6 5 6 6 7 2 3 3 4 3 4
50
24 25 25 26 22 23 23 24 23 24 24 25 23 24 24 25 24 25 25 26 23 24 24 25 24 25 25 26 24 25 25 26 25 26 26 27 1 2 2 3 2 3 3 4 2 3 3 4 3 4
50
55 54 55 55 56 54 55 55 56 55 56 56 57 54 55 55 56 55 56 56 57 55 56 56 57 56 57 57 58 54 55 55 56 55 56 56 57 55 56 56 57 56 57 57 58 55 56 56 57 56
50
3 4 3 4 4 5 3 4 4 5 4 5 5 6 2 3 3 4 3 4 4 5 3 4 4 5 4 5 5 6 3 4 4 5 4 5 5 6 4 5 5 6 5 6 6 7 2 3 3 4
50
42 43 42 43 43 44 42 43 43 44 43 44 44 45 40 41 41 42 41 42 42 43 41 42 42 43 42 43 43 44 41 42 42 43 42 43 43 44 42 43 43 44 43 44 44 45 41 42 42 43
50
31 31 32 28 29 29 30 29 30 30 31 29 30 30 31 30 31 31 32 29 30 30 31 30 31 31 32 30 31 31 32 31 32 32 33 1 2 2 3 2 3 3 4 2 3 3 4 3 4 4
50
35 36 36 37 36 37 37 38 34 35 35 36 35 36 36 37 35 36 36 37 36 37 37 38 35 36 36 37 36 37 37 38 36 37 37 38 37 38 38 39 1 2 2 3 2 3 3 4 2 3
50
33 34 31 32 32 33 32 33 33 34 32 33 33 34 33 34 34 35 1 2 2 3 2 3 3 4 2 3 3 4 3 4 4 5 2 3 3 4 3 4 4 5 3 4 4 5 4 5 5 6
50
49 47 48 48 49 48 49 49 50 46 47 47 48 47 48 48 49 47 48 48 49 48 49 49 50 47 48 48 49 48 49 49 50 48 49 49 50 49 50 50 51 1 2 2 3 2 3 3 4 2
50
21 17 18 18 19 18 19 19 20 18 19 19 20 19 20 20 21 18 19 19 20 19 20 20 21 19 20 20 21 20 21 21 22 1 2 2 3 2 3 3 4 2 3 3 4 3 4 4 5 2
50
51 51 52 51 52 52 53 51 52 52 53 52 53 53 54 50 51 51 52 51 52 52 53 51 52 52 53 52 53 53 54 51 52 52 53 52 53 53 54 52 53 53 54 53 54 54 55 1 2 2
50
54 52 53 53 54 53 54 54 55 51 52 52 53 52 53 53 54 52 53 53 54 53 54 54 55 52 53 53 54 53 54 54 55 53 54 54 55 54 55 55 56 1 2 2 3 2 3 3 4 2
50
10 11 10 11 11 12 10 11 11 12 11 12 12 13 10 11 11 12 11 12 12 13 11 12 12 13 12 13 13 14 1 2 2 3 2 3 3 4 2 3 3 4 3 4 4 5 2 3 3 4
50
5 2 3 3 4 3 4 4 5 3 4 4 5 4 5 5 6 2 3 3 4 3 4 4 5 3 4 4 5 4 5 5 6 3 4 4 5 4 5 5 6 4 5 5 6 5 6 6 7 2
50
44 44 45 43 44 44 45 44 45 45 46 43 44 44 45 44 45 45 46 44 45 45 46 45 46 46 47 43 44 44 45 44 45 45 46 44 45 45 46 45 46 46 47 44 45 45 46 45 46 46
50
19 20 18 19 19 20 19 20 20 21 17 18 18 19 18 19 19 20 18 19 19 20 19 20 20 21 18 19 19 20 19 20 20 21 19 20 20 21 20 21 21 22 1 2 2 3 2 3 3 4
50
20 21 20 21 21 22 19 20 20 21 20 21 21 22 20 21 21 22 21 22 22 23 1 2 2 3 2 3 3 4 2 3 3 4 3 4 4 5 2 3 3 4 3 4 4 5 3 4 4 5
50
33 34 34 35 34 35 35 36 32 33 33 34 33 34 34 35 33 34 34 35 34 35 35 36 33 34 34 35 34 35 35 36 34 35 35 36 35 36 36 37 1 2 2 3 2 3 3 4 2 3
50
39 40 36 37 37 38 37 38 38 39 37 38 38 39 38 39 39 40 37 38 38 39 38 39 39 40 38 39 39 40 39 40 40 41 1 2 2 3 2 3 3 4 2 3 3 4 3 4 4 5
50
27 28 28 29 28 29 29 30 28 29 29 30 29 30 30 31 28 29 29 30 29 30 30 31 29 30 30 31 30 31 31 32 28 29 29 30 29 30 30 31 29 30 30 31 30 31 31 32 29 30
50
32 31 32 32 33 30 31 31 32 31 32 32 33 31 32 32 33 32 33 33 34 1 2 2 3 2 3 3 4 2 3 3 4 3 4 4 5 2 3 3 4 3 4 4 5 3 4 4 5 4
50
34 30 31 31 32 31 32 32 33 31 32 32 33 32 33 33 34 31 32 32 33 32 33 33 34 32 33 33 34 33 34 34 35 1 2 2 3 2 3 3 4 2 3 3 4 3 4 4 5 2
50
17 16 17 17 18 13 14 14 15 14 15 15 16 14 15 15 16 15 16 16 17 14 15 15 16 15 16 16 17 15 16 16 17 16 17 17 18 14 15 15 16 15 16 16 17 15 16 16 17 16
50
24 21 22 22 23 22 23 23 24 22 23 23 24 23 24 24 25 1 2 2 3 2 3 3 4 2 3 3 4 3 4 4 5 2 3 3 4 3 4 4 5 3 4 4 5 4 5 5 6 2
50
55 56 56 57 53 54 54 55 54 55 55 56 54 55 55 56 55 56 56 57 54 55 55 56 55 56 56 57 55 56 56 57 56 57 57 58 1 2 2 3 2 3 3 4 2 3 3 4 3 4
50
20 20 21 18 19 19 20 19 20 20 21 19 20 20 21 20 21 21 22 18 19 19 20 19 20 20 21 19 20 20 21 20 21 21 22 19 20 20 21 20 21 21 22 20 21 21 22 21 22 22
50
2 2 3 2 3 3 4 2 3 3 4 3 4 4 5 2 3 3 4 3 4 4 5 3 4 4 5 4 5 5 6 1 2 2 3 2 3 3 4 2 3 3 4 3 4 4 5 2 3 3
50
9 7 8 8 9 8 9 9 10 7 8 8 9 8 9 9 10 8 9 9 10 9 10 10 11 1 2 2 3 2 3 3 4 2 3 3 4 3 4 4 5 2 3 3 4 3 4 4 5 3
50
20 19 20 20 21 19 20 20 21 20 21 21 22 17 18 18 19 18 19 19 20 18 19 19 20 19 20 20 21 18 19 19 20 19 20 20 21 19 20 20 21 20 21 21 22 18 19 19 20 19
50
4 5 2 3 3 4 3 4 4 5 3 4 4 5 4 5 5 6 2 3 3 4 3 4 4 5 3 4 4 5 4 5 5 6 3 4 4 5 4 5 5 6 4 5 5 6 5 6 6 7
50
8 9 7 8 8 9 8 9 9 10 5 6 6 7 6 7 7 8 6 7 7 8 7 8 8 9 6 7 7 8 7 8 8 9 7 8 8 9 8 9 9 10 6 7 7 8 7 8 8 9
50
38 39 34 35 35 36 35 36 36 37 35 36 36 37 36 37 37 38 35 36 36 37 36 37 37 38 36 37 37 38 37 38 38 39 35 36 36 37 36 37 37 38 36 37 37 38 37 38 38 39
50
26 27 27 28 27 28 28 29 27 28 28 29 28 29 29 30 27 28 28 29 28 29 29 30 28 29 29 30 29 30 30 31 27 28 28 29 28 29 29 30 28 29 29 30 29 30 30 31 28 29
50
3 4 4 5 3 4 4 5 4 5 5 6 2 3 3 4 3 4 4 5 3 4 4 5 4 5 5 6 3 4 4 5 4 5 5 6 4 5 5 6 5 6 6 7 2 3 3 4 3 4
50
7 5 6 6 7 6 7 7 8 5 6 6 7 6 7 7 8 6 7 7 8 7 8 8 9 5 6 6 7 6 7 7 8 6 7 7 8 7 8 8 9 6 7 7 8 7 8 8 9 7
50
26 27 25 26 26 27 26 27 27 28 25 26 26 27 26 27 27 28 26 27 27 28 27 28 28 29 25 26 26 27 26 27 27 28 26 27 27 28 27 28 28 29 26 27 27 28 27 28 28 29
50
2 3 2 3 3 4 2 3 3 4 3 4 4 5 2 3 3 4 3 4 4 5 3 4 4 5 4 5 5 6 2 3 3 4 3 4 4 5 3 4 4 5 4 5 5 6 3 4 4 5
50
42 43 43 44 43 44 44 45 40 41 41 42 41 42 42 43 41 42 42 43 42 43 43 44 41 42 42 43 42 43 43 44 42 43 43 44 43 44 44 45 41 42 42 43 42 43 43 44 42 43
