1000
2
32 48
2
32 49
2
32 50
2
32 51
2
32 52
2
32 53
2
32 54
2
32 55
2
32 56
2
32 57
2
32 58
2
32 59
2
32 60
2
33 0
2
33 1
2
33 2
2
33 3
2
33 4
2
33 5
2
33 6
2
33 7
2
33 8
2
33 9
2
33 10
2
33 11
2
33 12
2
33 13
2
33 14
2
33 15
2
33 16
2
33 17
2
33 18
2
33 19
2
33 20
2
33 21
2
33 22
2
33 23
2
33 24
2
33 25
2
33 26
2
33 27
2
33 28
2
33 29
2
33 30
2
33 31
2
33 32
2
33 33
2
33 34
2
33 35
2
33 36
2
33 37
2
33 38
2
33 39
2
33 40
2
33 41
2
33 42
2
33 43
2
33 44
2
33 45
2
33 46
2
33 47
2
33 48
2
33 49
2
33 50
2
33 51
2
33 52
2
33 53
2
33 54
2
33 55
2
33 56
2
33 57
2
33 58
2
33 59
2
33 60
2
34 0
2
34 1
2
34 2
2
34 3
2
34 4
2
34 5
2
34 6
2
34 7
2
34 8
2
34 9
2
34 10
2
34 11
2
34 12
2
34 13
2
34 14
2
34 15
2
34 16
2
34 17
2
34 18
2
34 19
2
34 20
2
34 21
2
34 22
2
34 23
2
34 24
2
34 25
2
34 26
2
34 27
2
34 28
2
34 29
2
34 30
2
34 31
2
34 32
2
34 33
2
34 34
2
34 35
2
34 36
2
34 37
2
34 38
2
34 39
2
34 40
2
34 41
2
34 42
2
34 43
2
34 44
2
34 45
2
34 46
2
34 47
2
34 48
2
34 49
2
34 50
2
34 51
2
34 52
2
34 53
2
34 54
2
34 55
2
34 56
2
34 57
2
34 58
2
34 59
2
34 60
2
35 0
2
35 1
2
35 2
2
35 3
2
35 4
2
35 5
2
35 6
2
35 7
2
35 8
2
35 9
2
35 10
2
35 11
2
35 12
2
35 13
2
35 14
2
35 15
2
35 16
2
35 17
2
35 18
2
35 19
2
35 20
2
35 21
2
35 22
2
35 23
2
35 24
2
35 25
2
35 26
2
35 27
2
35 28
2
35 29
2
35 30
2
35 31
2
35 32
2
35 33
2
35 34
2
35 35
2
35 36
2
35 37
2
35 38
2
35 39
2
35 40
2
35 41
2
35 42
2
35 43
2
35 44
2
35 45
2
35 46
2
35 47
2
35 48
2
35 49
2
35 50
2
35 51
2
35 52
2
35 53
2
35 54
2
35 55
2
35 56
2
35 57
2
35 58
2
35 59
2
35 60
2
36 0
2
36 1
2
36 2
2
36 3
2
36 4
2
36 5
2
36 6
2
36 7
2
36 8
2
36 9
2
36 10
2
36 11
2
36 12
2
36 13
2
36 14
2
36 15
2
36 16
2
36 17
2
36 18
2
36 19
2
36 20
2
36 21
2
36 22
2
36 23
2
36 24
2
36 25
2
36 26
2
36 27
2
36 28
2
36 29
2
36 30
2
36 31
2
36 32
2
36 33
2
36 34
2
36 35
2
36 36
2
36 37
2
36 38
2
36 39
2
36 40
2
36 41
2
36 42
2
36 43
2
36 44
2
36 45
2
36 46
2
36 47
2
36 48
2
36 49
2
36 50
2
36 51
2
36 52
2
36 53
2
36 54
2
36 55
2
36 56
2
36 57
2
36 58
2
36 59
2
36 60
2
37 0
2
37 1
2
37 2
2
37 3
2
37 4
2
37 5
2
37 6
2
37 7
2
37 8
2
37 9
2
37 10
2
37 11
2
37 12
2
37 13
2
37 14
2
37 15
2
37 16
2
37 17
2
37 18
2
37 19
2
37 20
2
37 21
2
37 22
2
37 23
2
37 24
2
37 25
2
37 26
2
37 27
2
37 28
2
37 29
2
37 30
2
37 31
2
37 32
2
37 33
2
37 34
2
37 35
2
37 36
2
37 37
2
37 38
2
37 39
2
37 40
2
37 41
2
37 42
2
37 43
2
37 44
2
37 45
2
37 46
2
37 47
2
37 48
2
37 49
2
37 50
2
37 51
2
37 52
2
37 53
2
37 54
2
37 55
2
37 56
2
37 57
2
37 58
2
37 59
2
37 60
2
38 0
2
38 1
2
38 2
2
38 3
2
38 4
2
38 5
2
38 6
2
38 7
2
38 8
2
38 9
2
38 10
2
38 11
2
38 12
2
38 13
2
38 14
2
38 15
2
38 16
2
38 17
2
38 18
2
38 19
2
38 20
2
38 21
2
38 22
2
38 23
2
38 24
2
38 25
2
38 26
2
38 27
2
38 28
2
38 29
2
38 30
2
38 31
2
38 32
2
38 33
2
38 34
2
38 35
2
38 36
2
38 37
2
38 38
2
38 39
2
38 40
2
38 41
2
38 42
2
38 43
2
38 44
2
38 45
2
38 46
2
38 47
2
38 48
2
38 49
2
38 50
2
38 51
2
38 52
2
38 53
2
38 54
2
38 55
2
38 56
2
38 57
2
38 58
2
38 59
2
38 60
2
39 0
2
39 1
2
39 2
2
39 3
2
39 4
2
39 5
2
39 6
2
39 7
2
39 8
2
39 9
2
39 10
2
39 11
2
39 12
2
39 13
2
39 14
2
39 15
2
39 16
2
39 17
2
39 18
2
39 19
2
39 20
2
39 21
2
39 22
2
39 23
2
39 24
2
39 25
2
39 26
2
39 27
2
39 28
2
39 29
2
39 30
2
39 31
2
39 32
2
39 33
2
39 34
2
39 35
2
39 36
2
39 37
2
39 38
2
39 39
2
39 40
2
39 41
2
39 42
2
39 43
2
39 44
2
39 45
2
39 46
2
39 47
2
39 48
2
39 49
2
39 50
2
39 51
2
39 52
2
39 53
2
39 54
2
39 55
2
39 56
2
39 57
2
39 58
2
39 59
2
39 60
2
40 0
2
40 1
2
40 2
2
40 3
2
40 4
2
40 5
2
40 6
2
40 7
2
40 8
2
40 9
2
40 10
2
40 11
2
40 12
2
40 13
2
40 14
2
40 15
2
40 16
2
40 17
2
40 18
2
40 19
2
40 20
2
40 21
2
40 22
2
40 23
2
40 24
2
40 25
2
40 26
2
40 27
2
40 28
2
40 29
2
40 30
2
40 31
2
40 32
2
40 33
2
40 34
2
40 35
2
40 36
2
40 37
2
40 38
2
40 39
2
40 40
2
40 41
2
40 42
2
40 43
2
40 44
2
40 45
2
40 46
2
40 47
2
40 48
2
40 49
2
40 50
2
40 51
2
40 52
2
40 53
2
40 54
2
40 55
2
40 56
2
40 57
2
40 58
2
40 59
2
40 60
2
41 0
2
41 1
2
41 2
2
41 3
2
41 4
2
41 5
2
41 6
2
41 7
2
41 8
2
41 9
2
41 10
2
41 11
2
41 12
2
41 13
2
41 14
2
41 15
2
41 16
2
41 17
2
41 18
2
41 19
2
41 20
2
41 21
2
41 22
2
41 23
2
41 24
2
41 25
2
41 26
2
41 27
2
41 28
2
41 29
2
41 30
2
41 31
2
41 32
2
41 33
2
41 34
2
41 35
2
41 36
2
41 37
2
41 38
2
41 39
2
41 40
2
41 41
2
41 42
2
41 43
2
41 44
2
41 45
2
41 46
2
41 47
2
41 48
2
41 49
2
41 50
2
41 51
2
41 52
2
41 53
2
41 54
2
41 55
2
41 56
2
41 57
2
41 58
2
41 59
2
41 60
2
42 0
2
42 1
2
42 2
2
42 3
2
42 4
2
42 5
2
42 6
2
42 7
2
42 8
2
42 9
2
42 10
2
42 11
2
42 12
2
42 13
2
42 14
2
42 15
2
42 16
2
42 17
2
42 18
2
42 19
2
42 20
2
42 21
2
42 22
2
42 23
2
42 24
2
42 25
2
42 26
2
42 27
2
42 28
2
42 29
2
42 30
2
42 31
2
42 32
2
42 33
2
42 34
2
42 35
2
42 36
2
42 37
2
42 38
2
42 39
2
42 40
2
42 41
2
42 42
2
42 43
2
42 44
2
42 45
2
42 46
2
42 47
2
42 48
2
42 49
2
42 50
2
42 51
2
42 52
2
42 53
2
42 54
2
42 55
2
42 56
2
42 57
2
42 58
2
42 59
2
42 60
2
43 0
2
43 1
2
43 2
2
43 3
2
43 4
2
43 5
2
43 6
2
43 7
2
43 8
2
43 9
2
43 10
2
43 11
2
43 12
2
43 13
2
43 14
2
43 15
2
43 16
2
43 17
2
43 18
2
43 19
2
43 20
2
43 21
2
43 22
2
43 23
2
43 24
2
43 25
2
43 26
2
43 27
2
43 28
2
43 29
2
43 30
2
43 31
2
43 32
2
43 33
2
43 34
2
43 35
2
43 36
2
43 37
2
43 38
2
43 39
2
43 40
2
43 41
2
43 42
2
43 43
2
43 44
2
43 45
2
43 46
2
43 47
2
43 48
2
43 49
2
43 50
2
43 51
2
43 52
2
43 53
2
43 54
2
43 55
2
43 56
2
43 57
2
43 58
2
43 59
2
43 60
2
44 0
2
44 1
2
44 2
2
44 3
2
44 4
2
44 5
2
44 6
2
44 7
2
44 8
2
44 9
2
44 10
2
44 11
2
44 12
2
44 13
2
44 14
2
44 15
2
44 16
2
44 17
2
44 18
2
44 19
2
44 20
2
44 21
2
44 22
2
44 23
2
44 24
2
44 25
2
44 26
2
44 27
2
44 28
2
44 29
2
44 30
2
44 31
2
44 32
2
44 33
2
44 34
2
44 35
2
44 36
2
44 37
2
44 38
2
44 39
2
44 40
2
44 41
2
44 42
2
44 43
2
44 44
2
44 45
2
44 46
2
44 47
2
44 48
2
44 49
2
44 50
2
44 51
2
44 52
2
44 53
2
44 54
2
44 55
2
44 56
2
44 57
2
44 58
2
44 59
2
44 60
2
45 0
2
45 1
2
45 2
2
45 3
2
45 4
2
45 5
2
45 6
2
45 7
2
45 8
2
45 9
2
45 10
2
45 11
2
45 12
2
45 13
2
45 14
2
45 15
2
45 16
2
45 17
2
45 18
2
45 19
2
45 20
2
45 21
2
45 22
2
45 23
2
45 24
2
45 25
2
45 26
2
45 27
2
45 28
2
45 29
2
45 30
2
45 31
2
45 32
2
45 33
2
45 34
2
45 35
2
45 36
2
45 37
2
45 38
2
45 39
2
45 40
2
45 41
2
45 42
2
45 43
2
45 44
2
45 45
2
45 46
2
45 47
2
45 48
2
45 49
2
45 50
2
45 51
2
45 52
2
45 53
2
45 54
2
45 55
2
45 56
2
45 57
2
45 58
2
45 59
2
45 60
2
46 0
2
46 1
2
46 2
2
46 3
2
46 4
2
46 5
2
46 6
2
46 7
2
46 8
2
46 9
2
46 10
2
46 11
2
46 12
2
46 13
2
46 14
2
46 15
2
46 16
2
46 17
2
46 18
2
46 19
2
46 20
2
46 21
2
46 22
2
46 23
2
46 24
2
46 25
2
46 26
2
46 27
2
46 28
2
46 29
2
46 30
2
46 31
2
46 32
2
46 33
2
46 34
2
46 35
2
46 36
2
46 37
2
46 38
2
46 39
2
46 40
2
46 41
2
46 42
2
46 43
2
46 44
2
46 45
2
46 46
2
46 47
2
46 48
2
46 49
2
46 50
2
46 51
2
46 52
2
46 53
2
46 54
2
46 55
2
46 56
2
46 57
2
46 58
2
46 59
2
46 60
2
47 0
2
47 1
2
47 2
2
47 3
2
47 4
2
47 5
2
47 6
2
47 7
2
47 8
2
47 9
2
47 10
2
47 11
2
47 12
2
47 13
2
47 14
2
47 15
2
47 16
2
47 17
2
47 18
2
47 19
2
47 20
2
47 21
2
47 22
2
47 23
2
47 24
2
47 25
2
47 26
2
47 27
2
47 28
2
47 29
2
47 30
2
47 31
2
47 32
2
47 33
2
47 34
2
47 35
2
47 36
2
47 37
2
47 38
2
47 39
2
47 40
2
47 41
2
47 42
2
47 43
2
47 44
2
47 45
2
47 46
2
47 47
2
47 48
2
47 49
2
47 50
2
47 51
2
47 52
2
47 53
2
47 54
2
47 55
2
47 56
2
47 57
2
47 58
2
47 59
2
47 60
2
48 0
2
48 1
2
48 2
2
48 3
2
48 4
2
48 5
2
48 6
2
48 7
2
48 8
2
48 9
2
48 10
2
48 11
2
48 12
2
48 13
2
48 14
2
48 15
2
48 16
2
48 17
2
48 18
2
48 19
2
48 20
2
48 21
2
48 22
2
48 23
2
48 24
2
48 25
2
48 26
2
48 27
2
48 28
2
48 29
2
48 30
2
48 31
2
48 32
2
48 33
2
48 34
2
48 35
2
48 36
2
48 37
2
48 38
2
48 39
2
48 40
2
48 41
2
48 42
2
48 43
2
48 44
2
48 45
2
48 46
2
48 47
2
48 48
2
48 49
2
48 50
2
48 51
2
48 52
2
48 53
2
48 54
2
48 55
2
48 56
2
48 57
2
48 58
2
48 59
2
48 60
2
49 0
2
49 1
2
49 2
2
49 3
2
49 4
2
49 5
2
49 6
2
49 7
2
49 8
2
49 9
2
49 10
