5
18
11
9
5
5
15
7
3
11
1
14
0
4
12
4
12
2
17
18
13
2
19
17
1
12
18
0
17
16
10
17
11
9
3
6
1
0
14
11
3
6
14
0
13
14
2
15
5
9
15
12
9
0
4
19
4
15
3
4
7
7
5
8
2
12
12
9
15
6
13
12
14
18
0
1
0
9
12
4
9
8
4
7
8
4
16
11
13
8
3
8
6
8
15
4
0
9
19
17
17
12
11
17
0
10
11
17
1
19
14
1
5
0
12
0
1
3
8
5
16
11
9
8
14
16
17
4
14
10
6
6
12
18
9
13
16
13
17
15
9
0
7
0
16
6
4
8
11
12
10
15
19
3
12
14
13
4
12
10
4
5
6
0
3
2
7
5
12
10
16
7
18
18
13
18
13
3
15
15
11
13
16
5
8
4
2
2
5
6
19
14
0
9
4
13
7
15
16
4
5
11
6
16
6
7
15
4
13
1
10
7
7
7
6
15
10
5
7
12
5
11
19
8
17
8
19
5
0
7
14
14
4
13
7
7
10
9
18
15
17
5
13
14
8
1
17
16
4
17
10
11
8
2
14
5
11
18
13
10
3
0
15
5
19
6
9
12
15
6
8
5
12
2
11
8
3
0
8
2
14
7
0
3
7
19
7
12
12
11
19
0
11
0
10
10
15
17
17
19
9
5
19
0
7
15
2
14
2
12
6
4
2
0
11
7
13
10
2
12
10
16
10
19
0
3
7
3
11
1
6
0
6
0
17
18
17
15
14
7
16
15
16
15
17
2
6
11
16
14
5
19
13
12
2
1
14
2
19
15
18
10
6
13
4
13
5
18
15
4
3
4
11
16
18
1
16
0
11
8
12
17
10
7
4
11
16
1
2
10
10
15
4
13
2
0
17
8
5
6
2
13
4
2
9
3
9
1
15
19
19
7
4
18
16
2
8
14
7
8
19
6
16
14
15
1
6
18
0
10
9
2
18
15
17
14
18
4
18
7
7
3
10
13
7
12
10
9
18
14
2
15
13
8
16
19
11
18
13
12
9
10
5
6
7
7
0
8
4
16
8
17
8
7
12
14
19
8
18
17
7
5
19
15
4
15
1
7
19
9
7
5
1
19
7
17
13
17
13
8
13
1
7
2
19
0
6
4
1
4
16
17
18
19
7
19
5
9
8
3
3
9
9
4
9
16
6
9
3
9
3
7
12
17
5
17
6
15
19
2
1
14
2
12
4
12
6
2
14
19
8
11
14
4
5
7
16
13
2
18
5
4
14
10
10
1
1
2
13
13
3
10
3
3
10
10
11
1
16
12
13
13
7
16
6
16
17
13
5
14
4
13
4
6
15
3
1
0
19
12
11
11
12
18
8
9
1
14
7
7
0
0
1
6
9
19
19
9
16
3
11
13
19
9
4
12
0
6
2
3
5
7
16
2
17
9
2
17
6
7
4
6
2
6
7
10
9
0
14
13
11
4
11
3
11
10
10
4
2
15
13
5
11
9
1
14
9
15
7
14
0
13
13
11
7
1
17
18
18
15
19
2
7
17
4
18
2
2
13
10
17
14
11
7
16
5
13
13
8
12
5
13
12
0
1
19
5
11
13
4
16
11
15
10
19
2
3
17
3
2
16
3
3
3
14
3
11
9
15
0
8
4
19
8
14
11
10
4
16
7
3
1
5
13
17
19
12
14
8
16
19
18
13
1
6
14
16
18
0
15
7
8
19
19
6
15
3
12
9
2
9
1
11
1
9
17
14
11
1
5
0
17
0
6
3
1
6
0
2
4
3
1
14
4
0
1
13
7
8
15
5
3
11
6
17
5
3
4
16
0
18
14
8
9
5
2
5
13
18
19
0
14
15
6
6
3
11
19
17
0
15
8
0
0
14
12
5
15
9
11
6
12
18
18
17
1
4
15
19
19
11
0
10
17
19
12
9
10
1
17
0
7
4
18
2
8
13
1
10
10
16
19
6
19
19
15
7
9
13
12
12
13
16
16
12
7
17
15
9
15
17
0
18
0
7
17
18
7
0
3
14
17
4
11
15
13
0
0
4
3
5
16
18
6
19
16
7
18
13
5
8
15
16
3
18
5
10
6
6
16
5
6
1
9
9
1
11
6
8
16
11
0
6
3
6
2
12
17
1
6
7
11
1
10
4
12
1
12
9
5
7
10
13
6
18
12
12
13
10
19
2
5
3
10
19
10
19
13
7
5
6
8
5
10
9
11
14
0
10
7
10
15
8
5
0
14
12
19
13
16
