2147483594
2147483597
8589934453
68719476632
536870830
34359738276
137438953394
34359738298
268435392
4294967158
1073741535
4294967211
68719476436
2147483598
8589934501
4294967188
2147483573
34359738296
4294967186
4294967135
68719476642
2147483561
2147483513
17179869031
2147483542
274877906858
8589934426
1073741739
34359738285
4294967237
137438953398
268435392
34359738308
137438953178
4294967136
137438953176
8589934334
2147483509
8589934516
549755813330
4294967135
34359738270
2147483584
2147483484
274877906395
1099511627621
68719476633
8589934495
4294967201
8589934534
8589934492
2147483540
2147483591
549755813749
274877902804
68719476220
34359738287
536870639
536870851
8589934486
68719476646
17179869105
2147483596
274877906418
137438953314
17179869028
34359738215
68719476440
268434936
1073741760
68719476667
2147483560
8589934526
34359738227
137438953411
4294967205
17179869084
4294967167
549755813584
137438953394
137438953413
17179869021
17179869091
17179869122
4294967195
2147483553
2147483590
134217652
17179869104
8589934497
8589934532
4294963184
536870855
4294967236
34359738205
549755813833
8589934524
1073741283
4294967227
67108774
17179869014
2147483485
34359738096
2147483589
4294967158
268435361
137438953297
1073741666
274877906891
68719476476
34359738312
4294967235
17179869014
8589934435
137438953374
549755813585
8589934518
8589934496
536870853
137438953417
17179868661
34359738084
8589934070
134217667
274877906887
268434921
2199023255271
2147483593
68719476458
2199023255014
134217651
4294967224
35184372088573
4294966757
1073741650
4294967242
4398046510568
17179869126
4294967151
134217590
4294967236
1073741764
1073741555
68719476683
549755812849
274877906874
137438953413
2147483537
8589934504
2147483554
137438953170
17179869095
4294967123
2147483480
68719476679
17179869128
17179868879
549755813789
17179867118
8589934481
549755811823
34359738307
34359738275
8589934514
34359738277
1073741657
2147483549
17179869072
8589934517
549755813621
1073741667
68719476678
4294963155
1073741652
17179869009
17179869133
34359738266
4294966249
134217564
4294967236
8589934424
4294967246
68719475703
4294967135
274877904878
536870807
137438953386
4398046509029
2147483536
2147483547
536870806
2199023255380
17179868916
2147483483
1073741658
2147483587
137438953182
35184372088724
274877906891
4294967185
1073741732
17179868896
2147483567
33554370
2147483564
34359738307
137438952432
4294967122
536870848
268435152
17179868650
536870811
8589934540
34359738313
8589934418
17179869132
34359738305
4294967205
4294967151
268435289
4294967240
8589934429
1073741765
536870847
137438953416
8589934455
549755813793
536870828
2199023255444
68719476595
4294967204
268435320
536870782
4294967133
34359738301
1099511627693
16777125
137438953297
2147483585
1073741767
134217676
8589934511
8589934431
68719474652
4294967164
549755813723
8589934431
4398046511037
1073741718
536870841
2199023253479
4398046511011
67108812
274877906403
4294967233
4294967220
4294967244
536870838
4294967225
8589934532
4294967233
34359738215
68719476204
4398046510799
549755813806
4294967162
68719476633
8589934542
2147483580
67108728
17179869092
68719476654
268435400
274877906866
268435368
1099511627666
549755813605
8589934485
68719476643
274877906802
1073741756
1099511627720
17179869099
274877906879
68719476647
2147483589
8589934527
8589934492
274877906425
137438953175
4398046510992
8589934415
4294967214
4294967224
2147482584
8589934519
4294967186
17179869124
536870371
34359738089
68719476684
17179869093
274877906785
4294967242
536870637
2199023255387
274877906799
8589934522
274877906859
34359738100
2147483475
4294967241
17179869122
549755813730
1073741711
1073741299
1073741763
2147483557
68719476588
34359738312
1099511627719
17179868914
137438953413
536870811
4294967206
68719475703
33554378
137438951379
274877906853
67108798
137438953415
1099511627707
137438953413
1073741767
8589934535
137438953418
4194225
268435288
34359738305
68719476681
67108791
549755813826
68719476682
137438953398
17179869076
2147483591
549755813821
4294967125
17179869127
4294967018
4294967183
68719476667
4294967136
8589934495
2147483567
17179869073
68719476591
4294967208
68719476579
1073741763
17179869080
4294967222
268435343
536870379
1073741529
2147481556
68719476647
8589934482
274877906832
4294967231
17179868664
1073741769
67108591
33554376
549755813734
4294966993
34359738309
17179869112
34359738199
134217555
268435304
2147483586
34359738220
137438953416
4294967188
274877906858
8589934523
34359738205
549755813819
8589934537
549755813779
1073741728
8589934528
17179869116
68719476656
34359738262
8589934497
34359738296
4294967234
17179869096
2147483556
274877906392
137438953402
8589934535
17179869121
34359738199
268435405
8589934287
4294967233
8589934308
8796093021943
4294963197
4294967200
4294966773
34359738276
34359734239
68719476674
68719476573
4294967131
274877905902
1073741771
549755813711
137438953360
8589934530
2147483541
549755813723
8589934452
2147483587
34359738288
34359738271
2147483539
17179868144
68719476645
8589934441
137438953325
8589934533
137438953170
1073741557
134217651
2147483586
17179865078
1099511627680
274877902812
17179869024
17179869095
68719476628
1099511627480
268435370
274877906842
4294967184
4294967150
8589934417
2147483583
4294967237
1099511627665
33554370
68719476677
549755813830
134217632
68719476675
274877906789
34359737841
137438953415
34359738210
4294967195
1073741712
68719476569
4294967222
8589934502
8589934069
134217673
274877906881
536870836
68719476665
137438953327
549755813597
1099511627710
2147483570
68719476675
17179869109
536870848
4294967147
34359738267
34359738300
2147483582
2147483108
8796093022155
34359738311
4294967230
137438953372
549755811810
549755813788
4294967146
8589934454
4294967244
8589934438
34359738316
17179869114
2147483103
2199023255418
33554332
34359738284
549755813749
2147483580
8589934491
1073741754
34359738270
34359738282
8589934523
1073741539
536870822
549755813716
268435177
4294967221
268435349
268435387
68719476656
8589934528
274877906864
2147483589
274877906417
34359738274
8589934457
1073741283
2147483586
8589934528
8589934532
8589934434
4294967187
34359738295
67108779
8589934503
137438953414
68719476461
2147483596
68719476631
1073741718
2147483122
34359738314
1073741558
1099511627511
34359738232
2147483513
68719476637
34359738098
8589934539
274877906886
68719476665
274877906839
1099511627645
68719476574
4294967201
35184372088777
1073741714
34359730133
1099511627497
2147483587
4398046510937
34359737847
536870856
274877906845
4294967216
549755813600
8589934492
1073741694
137438953380
274877906869
137438945239
17179869077
268435306
17179869073
137438953366
8589934542
34359738271
1073741744
8589934514
34359738304
8589934534
17179869130
68719476600
8589934438
68719476667
2147483538
4294967193
1073741751
549755813778
134217664
17179869108
2147483591
35184372088753
134217632
2147483591
8589934505
17179869087
137438952949
8589934533
17179869012
17592186044261
2147483481
34359738258
274877906784
1073741677
4294967004
2147483597
8589934531
137438953320
4398046510568
17179869126
67108808
536870837
274877906833
8589934499
4294967130
68719476679
68719476678
2147483562
68719476600
8589934326
34359738304
536870839
549755813733
134217623
4294967033
274877906801
68719476607
1099511627215
4294967159
4294967131
68719476657
8589934531
17179869018
137438953365
2199023255281
4294967146
4294967120
34359738259
549755813824
137438953363
17179869094
68719476654
67108803
67108803
68719476585
4294967241
17179869105
8589934540
34359738230
4294967240
17179869016
2147483475
67108707
8589934512
4294966996
17179869052
268435362
68719476592
17179869123
8796093021649
1073741656
68719476685
2199023255260
536870651
8589934325
536870613
268435368
4294967235
34359737339
274877906640
549755813735
137438952928
4294967198
1073741270
8796093022078
536870742
8589934440
68719476583
274877906881
2147483504
34359737852
536870812
4294967187
68719476655
536870827
137438953401
274877906778
8589934482
68719476220
1073741688
8589934519
8589934523
4398046511005
4294967237
68719476458
34359738255
536870856
4294967148
4294967024
2147483556
4294967234
68719476570
137438953187
274877905895
4398046510561
1099511627516
137438953303
34359738196
17179869115
2147483569
1099511627726
17179868885
536870851
1048443
137438953298
34359738273
536870818
8589934506
8589934523
1073741265
4294967205
536869845
17179869120
17179869079
137438953414
134217566
34359738079
536870850
8589934458
1073741771
68719476599
8796093021689
8796093022057
137438953398
1073741769
1073741681
1073741752
1073741758
4294967023
67108767
137438953343
17179869112
2147483591
34359738309
134217455
17179869125
8388526
34359738202
2147483596
1073741742
68719476660
68719476644
536870749
17179869133
2147483564
17179868917
17179869106
274877906770
1073741740
137438953295
1099511627678
34359736289
68719476680
2147483596
2147483548
4294967198
1073741529
8589934540
17179869092
137438953397
8589934332
8589934294
17179869127
8388496
8589934541
134217588
68719476682
17179869133
1073741745
536870610
2147483344
34359738270
536870850
2199023255271
68719476577
1073741299
536870744
34359737810
536870767
4398046494703
34359738306
4294967242
137438953378
1073741724
4294967028
536870852
1073741716
4294967166
137438953309
8589934485
68719476566
137438953209
8589934538
34359738260
1073741651
68719476680
8589934523
137438953383
4294967205
1073741732
8589934462
1099511627664
536870775
67108564
34359738265
17179869102
68719476176
536870833
17179868642
268435279
549755811809
2147483567
2147483485
137438953409
4294967238
137438953297
4294967231
1073741765
8589934492
34359738278
68719476629
2147483575
2147483546
1073741767
536870838
8589934533
8589934529
536870845
4294967187
17179869099
34359738232
33554368
549755813754
536870830
2147483593
8589934525
4294967127
549755813758
137438953302
2147483576
68719476605
4294966223
2147483571
2199023255385
17179868896
68719476625
17179869016
268435399
4294966259
134217573
16777132
8796093022129
34359738204
4294967162
17179869071
274877906783
137438953413
33554287
8589933527
17179869108
17179869098
68719476682
549755813746
34359738268
4294967239
68719472620
17179869084
4294966783
137438953314
68719476562
274877906873
2147483583
4294967011
17179869032
67108779
16777115
536870851
4294967235
68719476210
549755813824
17179869080
17179869039
549755813736
1073741747
17179868892
536870736
34359738263
137438953420
274877906854
549755813615
1073741721
8589934325
17179869121
1073741548
2147483563
8589934479
34359738277
68719476660
137438952936
68719476628
8589934538
8589934528
17179868889
33554374
34359738280
2147483554
4294966994
4294966759
17179869104
2147483595
536870805
536870862
137438952947
4294967016
549755813747
134217670
17179869088
4294967235
17179868918
17179869080
137438953324
68719476432
34359738298
34359738273
68719476634
68719476571
137438953378
1073741722
274877906814
536870850
17179869088
137438953315
549755813753
4294967240
137438953384
34359737318
8589934463
134217668
549755813601
34359738074
34359738288
274877906390
68719476653
17179869132
34359738264
274877906851
549755813337
34359738279
34359738257
8589934533
17179869072
274877906847
34359738223
274877906889
17592186042330
17179868917
549755813799
2147483509
268435384
536870800
33554368
1099511626718
67108797
549755813329
34359738231
268435382
67108808
4398046510927
34359738268
17179868890
4294967243
137438953316
274877905896
17179868914
4398046510943
8589934433
8796093021669
68719476644
68719476657
68719474656
17179869096
4294967238
1073741766
68719476579
274877906891
137438952423
68719476634
17179869090
17179868133
134217639
68719476686
1073741746
