2
3
6
0
18
19
9
7
3
18
4
4
13
8
5
9
9
9
10
3
16
6
3
8
9
19
2
18
19
19
11
19
12
3
17
15
13
5
1
17
0
17
17
14
18
6
19
9
19
10
13
15
4
10
16
16
18
2
12
7
1
7
16
16
15
6
6
15
13
10
11
6
1
5
12
14
18
2
9
16
4
7
7
3
1
14
7
8
1
11
19
11
18
11
8
7
1
18
19
2
18
19
6
9
12
18
0
6
15
16
19
16
1
1
7
8
19
7
11
14
17
6
7
6
1
2
13
3
13
0
17
18
17
6
11
19
15
9
4
15
13
3
2
3
19
2
18
14
11
11
17
5
17
12
19
11
14
13
12
9
11
11
2
10
6
5
15
19
11
8
14
6
3
11
1
3
19
14
7
18
10
10
5
2
18
5
4
16
14
14
15
17
9
3
14
7
13
3
6
10
19
15
7
10
9
0
19
4
9
15
3
17
5
2
0
7
12
12
6
13
15
9
18
0
19
19
9
6
1
10
11
13
7
8
5
19
14
17
17
4
2
16
17
10
3
10
6
12
3
1
1
8
1
2
1
1
16
9
10
5
11
8
1
11
18
15
7
8
4
2
4
11
11
17
3
15
9
12
0
8
11
3
1
3
6
6
16
18
6
7
3
11
7
15
13
8
13
2
13
15
13
4
10
15
17
2
19
13
11
5
0
2
9
3
6
12
19
12
18
0
6
8
13
15
15
13
10
5
0
2
10
8
17
14
5
2
14
9
12
4
8
15
6
10
0
8
11
15
18
8
6
15
18
6
1
11
15
0
1
13
12
17
11
3
14
16
6
18
9
9
6
16
9
9
15
0
13
8
15
3
12
19
4
7
8
0
18
18
9
2
9
7
7
11
0
7
19
1
14
18
13
0
5
16
15
11
16
2
0
12
2
16
14
3
3
16
12
14
0
5
12
1
13
2
5
13
6
1
13
2
11
16
19
6
4
6
1
10
19
2
18
4
6
13
2
5
9
8
8
3
11
10
10
6
6
18
11
9
13
0
8
18
10
15
7
14
7
18
6
17
15
12
12
12
18
16
9
3
16
6
10
10
3
1
8
6
14
14
15
16
3
14
8
6
5
0
6
17
4
13
12
12
9
19
7
2
0
1
3
6
16
11
13
10
15
7
16
4
18
5
4
4
17
1
4
12
0
11
9
18
14
5
4
10
12
18
2
8
7
6
4
1
6
2
13
13
11
17
16
15
18
0
2
0
11
2
10
9
15
14
3
11
16
0
14
1
18
9
13
6
0
12
15
1
17
11
0
18
6
12
8
3
15
5
6
16
5
4
12
9
2
5
0
19
18
0
6
4
0
5
18
3
8
9
19
7
10
7
9
2
11
14
9
1
10
15
6
12
1
0
11
17
9
19
18
7
18
16
19
2
0
0
5
17
17
16
15
5
6
15
6
15
18
11
0
14
5
7
18
10
3
0
8
1
4
4
18
2
19
11
13
3
14
2
11
2
16
4
2
15
15
7
9
18
12
0
5
8
9
18
9
14
4
5
15
3
11
11
7
18
8
1
16
5
11
1
13
15
11
0
10
2
5
13
8
2
10
0
2
5
4
13
2
2
13
16
3
15
2
19
5
10
19
11
0
7
9
4
11
15
8
9
15
6
19
18
5
9
9
6
7
7
11
8
13
3
12
16
5
13
18
1
2
2
0
0
6
6
16
8
3
12
8
17
4
11
5
4
13
1
6
1
3
1
2
5
6
4
11
13
3
17
8
17
18
11
0
15
7
5
17
9
12
5
18
13
7
7
10
7
10
9
9
3
16
7
17
7
15
14
0
12
8
0
4
17
11
4
3
16
7
13
2
15
6
3
1
14
3
10
9
5
15
2
11
19
12
0
14
17
11
1
3
11
5
3
2
16
18
8
18
11
16
15
8
8
15
0
7
1
7
8
13
10
10
17
18
3
1
12
5
12
7
5
17
14
12
12
2
14
8
11
1
1
17
1
11
4
16
13
5
8
9
7
11
9
15
15
16
17
8
1
18
17
14
16
3
16
19
4
8
19
12
12
19
5
6
0
1
17
17
14
10
5
3
3
13
14
5
0
0
2
3
3
2
16
9
8
19
13
2
5
10
0
8
12
10
19
3
13
18
19
3
3
14
9
2
4
5
11
17
5
2
14
14
17
4
9
2
10
9
5
11
5
8
8
11
2
14
12
7
7
13
1
3
1
4
2
1
11
9
12
1
8
10
8
1
4
11
8
