17
10
9
8
9
0
19
16
14
10
16
9
10
13
8
7
19
16
5
2
3
16
13
0
5
15
12
5
9
11
9
6
14
19
5
13
10
9
16
11
15
0
12
7
6
19
4
10
5
15
3
13
10
8
8
7
19
19
15
6
2
19
9
2
7
6
14
6
4
9
19
3
17
10
3
16
7
5
3
12
18
14
1
2
14
0
5
1
11
17
14
2
0
5
8
9
4
17
16
19
6
18
4
2
1
4
12
7
11
6
5
4
2
1
8
19
6
11
14
19
14
3
17
4
9
15
7
2
3
8
18
2
13
0
0
17
15
10
15
4
16
1
7
6
4
18
7
19
17
0
2
3
7
5
18
7
6
9
1
17
7
13
1
7
2
6
16
13
10
17
8
5
3
0
3
18
2
16
8
0
18
3
1
10
2
17
7
17
7
18
3
9
0
12
4
6
0
10
12
19
11
4
7
1
10
13
15
8
15
12
14
1
11
19
1
15
0
19
8
18
16
7
10
11
6
1
4
3
0
14
1
16
7
16
17
17
17
2
4
7
10
14
0
4
7
17
14
1
12
5
18
9
17
7
16
12
18
13
4
1
10
18
6
15
15
3
4
10
3
1
15
13
0
3
4
12
14
7
5
1
12
8
17
1
10
8
4
0
8
14
1
10
0
5
13
16
3
9
13
18
7
4
1
8
10
12
4
13
19
3
17
8
5
12
10
3
15
17
15
5
16
2
3
10
15
3
1
7
0
17
8
8
8
8
17
18
12
5
7
0
16
5
5
6
19
0
5
10
10
14
7
13
4
15
4
16
12
9
18
13
13
1
13
2
5
3
0
1
11
10
13
5
14
19
10
4
11
0
3
6
9
14
12
17
16
3
11
14
8
5
10
18
15
6
5
2
8
5
12
6
11
11
2
14
18
13
15
13
13
9
14
6
17
18
8
9
14
2
9
9
14
10
14
1
17
4
10
19
2
12
0
3
18
6
7
14
7
12
15
1
14
15
4
7
5
12
5
5
2
6
14
13
5
18
18
2
16
11
10
3
3
8
14
2
11
11
10
4
0
19
0
12
0
12
13
18
14
14
18
11
12
19
0
14
17
10
6
16
5
12
15
11
16
15
5
6
14
12
10
5
14
10
11
8
7
10
2
14
3
11
2
15
12
3
7
7
0
19
8
18
13
7
4
5
0
14
12
12
19
10
4
11
10
10
10
2
7
18
2
9
13
6
15
13
7
15
12
7
18
13
13
0
12
9
3
8
0
15
2
17
10
0
16
0
3
12
13
16
9
7
15
1
12
14
17
14
16
16
0
12
1
7
8
12
4
14
13
9
9
13
9
18
5
14
19
4
0
12
12
12
4
18
3
1
18
5
9
9
12
16
11
16
4
11
11
8
13
16
3
2
15
16
11
15
10
0
2
1
19
17
18
1
2
19
17
4
15
15
0
7
10
16
9
0
18
5
1
3
19
6
7
13
15
18
3
12
19
0
11
8
1
14
14
13
6
13
1
2
4
1
14
4
13
0
0
17
6
7
0
17
0
9
12
18
4
1
1
19
15
17
16
1
2
7
14
16
9
3
1
16
6
7
18
14
5
18
5
8
0
17
17
15
3
11
11
10
0
17
19
1
0
19
4
13
15
0
11
15
14
18
17
15
17
18
4
16
3
2
9
5
16
11
19
5
16
6
12
7
6
8
12
6
16
6
18
9
6
18
1
7
2
13
5
5
16
8
17
0
9
5
11
7
16
3
12
4
10
16
18
11
10
5
12
14
19
7
3
1
1
0
13
1
10
8
17
3
10
17
14
15
9
1
6
3
6
0
5
15
8
5
2
15
9
4
2
12
8
4
14
10
16
19
13
14
14
12
18
2
9
11
19
3
14
2
15
0
5
10
16
7
3
12
16
19
3
13
19
9
6
16
4
15
18
12
4
4
10
18
15
6
3
11
18
1
13
16
13
2
3
5
18
10
1
10
13
12
6
9
1
17
16
3
10
16
7
1
3
18
11
17
9
11
11
1
8
9
0
4
1
2
1
4
2
9
15
15
6
13
14
19
5
3
0
8
15
7
18
14
17
18
17
3
0
10
18
3
0
4
11
11
13
3
15
6
3
10
6
5
17
15
1
5
5
9
5
19
1
10
11
19
11
13
17
9
2
10
11
8
11
10
15
11
9
6
13
13
18
5
19
15
18
13
18
14
4
3
1
1
2
3
17
9
6
3
12
17
18
3
18
15
12
5
9
18
9
3
13
4
19
13
