16365
2097123
4194227
146
8168
80
149
8138
1125899906842576
281474976710623
143
144115188075855810
274877906875
246
67108842
32701
73
140737488355254
562949953421234
35184372088827
21
2199023255475
18014398509481934
70368744177659
68
2251799813685205
1048541
2147483639
32738
34359738299
9007199254740984
152
72
67108816
70
36028797018963945
145
144
16777146
144115188075855870
4194266
995
288230376151711681
144
4069
281474976710595
65
4194291
524278
73
562949953421284
1073741748
156
34359738297
17592186044400
15
1073741804
74
76
72
1125899906842594
33554406
4398046511081
36028797018963938
17179869156
35184372088812
4194238
1073741820
131050
576460752303423482
4294967262
34359738305
262103
16381
72
2147483597
274877906940
69
67108822
536870911
4194243
16372
8589934541
8589934555
137438953424
72
149
150
143
32746
32738
153
72
153
2251799813685203
524226
288230376151711691
72057594037927877
71
140737488355266
77
137438953448
73
70368744177645
288230376151711713
4503599627370473
151
473
281474976710578
157
70
16360
72057594037927873
9007199254740963
1125899906842563
1125899906842619
72057594037927934
149
70368744177609
1048551
-1
1125899906842557
67108842
8388594
134217723
576460752303423481
17179869163
524280
76
1125899906842603
72057594037927858
149
64
448
66
28
77
143
71
34359738311
8796093022178
4057
68719476675
456
455
2147483582
4503599627370492
70368744177627
143
72
536870841
36028797018963935
151
131025
72
17592186044342
2199023255499
9
524231
1048507
69
4398046511098
1099511627740
54
16777184
562949953421260
274877906867
153
1073741823
226
8796093022196
57
481
69
77
1048515
524277
70368744177633
4398046511072
37
156
151
8388545
68719476691
72
4398046511045
1073741797
4194292
17179869147
68
268435384
62
8589934520
64
972
78
281474976710608
274877906917
1048552
146
64
274877906918
154
66
35184372088808
140737488355324
144
71
68719476707
17179869140
4503599627370421
76
73
18014398509481959
9007199254740917
4503599627370466
73
75
576460752303423415
1980
71
2199023255496
8589934545
2199023255507
4398046511035
8388556
4503599627370475
4398046511030
576460752303423455
9007199254740932
156
562949953421283
2147483587
1099511627744
72057594037927897
2147483621
524251
8142
150
8796093022179
65520
1990
72057594037927884
72
576460752303423433
137438953425
33554427
549755813842
148
18014398509481975
150
8589934549
148
155
17179869132
33554402
65457
66
17592186044360
69
65
36028797018963895
145
32733
8796093022204
2038
562949953421289
4194279
524269
148
21
1003
2147483620
32750
147
281474976710618
8388579
4017
449
576460752303423474
1125899906842600
145
140737488355252
9007199254740921
134217688
149
2097123
153
36028797018963937
78
268435450
157
9007199254740933
562949953421294
536870854
23
536870883
70
70368744177604
64
501
524246
143
70
148
65528
4503599627370461
146
8165
2031
4082
36028797018963964
274877906866
68719476682
549755813812
140737488355305
70368744177639
66
134217689
958
65504
268435382
151
4294967279
16777179
70368744177649
2004
34359738362
72057594037927935
17179869144
143
36028797018963966
154
146
137438953414
1975
1125899906842567
1125899906842568
131013
66
155
146
72057594037927888
65533
32755
137438953437
140737488355296
4398046511084
137438953403
549755813855
9007199254740946
494
146
485
4294967246
4398046511089
76
68719476669
131063
1099511627754
4503599627370483
268435399
2251799813685216
268435416
549755813823
60
475
32691
8796093022165
34359738326
502
524268
8589934587
72057594037927875
140737488355304
154
4079
25
134217710
16378
146
4294967245
960
69
131045
61
65458
-1
147
17592186044338
65
9007199254740952
68
131031
4503599627370467
268435378
1048506
1099511627754
68719476716
549755813853
65481
2147483591
2033
262122
65
2251799813685190
67108814
58
33554422
65
35184372088793
16777196
536870901
32744
65
8159
1073741747
268435429
157
134217665
157
1125899906842592
144115188075855856
4194295
983
562949953421254
1099511627749
524220
2199023255534
268435419
288230376151711737
2147483595
34359738348
8178
1004
9007199254740988
262141
150
78
34359738318
576460752303423471
110
72
986
8589934547
576460752303423460
16777154
524227
73
1048510
147
68719476701
281474976710596
73
2251799813685193
268435436
52
576460752303423418
69
1073741800
35184372088812
76
68719476727
1073741775
9007199254740962
71
144
157
68
4194249
2199023255502
8589934548
17179869160
2147483623
4294967269
153
145
8796093022168
8589934578
153
281474976710624
288230376151711723
8796093022182
1048548
35184372088779
8121
1073741813
9007199254740924
137438953396
-1
64
262080
17592186044379
1099511627763
2251799813685210
16361
35184372088761
9007199254740947
35184372088831
36028797018963923
72057594037927925
16777187
1099511627759
576460752303423468
144115188075855842
210
152
2147483611
965
4074
155
17592186044345
994
72057594037927902
156
36028797018963892
4194267
2251799813685227
1048544
67108796
4062
1073741798
262104
35184372088810
131060
137438953417
103
156
549755813847
36028797018963942
17592186044389
503
1048553
67
1048537
4194237
17179869157
4503599627370454
70
154
16339
65
74
524242
274877906934
4503599627370444
1048524
16777159
480
17179869164
4294967242
68719476676
288230376151711707
74
77
576460752303423469
137438953449
32766
2199023255510
549755813880
72
137438953443
9007199254740989
137438953410
2199023255486
95
34359738306
32746
4033
71
1979
8796093022162
154
36028797018963939
183
145
151
101
150
4294967286
4398046511063
4028
149
32
54
70368744177622
77
65465
78
68
16320
137438953418
150
134217697
36028797018963946
4503599627370471
274877906914
274877906900
93
41
152
262073
76
536870886
4503599627370426
68719476709
-1
24
17592186044363
2147483615
441
17179869161
281474976710581
549755813813
82
8388550
150
151
1048511
35184372088791
68
33
65510
2251799813685170
72057594037927927
2199023255473
2097129
68719476705
140737488355326
76
140737488355299
281474976710610
8388599
16
64
120
2147483619
35184372088767
68719476694
152
35184372088754
68719476684
144
549755813845
146
67108789
72
48
4503599627370462
17179869159
36028797018963916
33554359
140737488355290
4503599627370476
148
16335
2097150
4503599627370436
70
134217657
1973
134217658
1099511627750
234
144115188075855828
2251799813685174
67
67108809
67108819
134217682
67108843
156
144115188075855831
8120
68
64
145
67108858
478
1010
154
143
16777192
288230376151711720
1048569
4503599627370487
25
68
18014398509481961
151
72057594037927909
140737488355301
1099511627769
140737488355256
146
1099511627774
36028797018963924
148
2251799813685179
1073741799
67108834
2
36028797018963959
2097131
562949953421262
8388598
8156
67
16777147
70
549755813861
16359
70368744177663
1099511627702
4398046511041
482
460
149
2147483628
274877906923
92
8388534
19
281474976710649
524234
42
4089
145
524218
36028797018963943
89
40
524238
9007199254740968
144115188075855871
268435418
37
67
2097095
72
2199023255514
68719476658
34359738330
131065
4398046511093
75
4503599627370457
8589934523
16777169
64
68
1020
230
-1
66
65
148
134217691
67
71
153
2097148
54
131069
4503599627370489
92
155
4294967287
268435386
137438953423
150
65
67108836
16777209
152
281474976710636
4398046511051
145
8144
1073741756
199
108
6
145
2199023255497
549755813864
8125
4194283
16777152
1048561
524271
118
64
2199023255493
268435447
549755813861
4095
8589934521
4194297
8388589
2251799813685224
155
152
18014398509481962
144
231
70368744177642
2147483628
151
2147483622
461
8589934527
35184372088770
140737488355300
94
32697
140737488355317
486
69
70
65494
143
2097137
72057594037927878
524241
137438953430
130997
562949953421244
33554401
18014398509481927
151
1125899906842565
144115188075855852
8388587
4503599627370488
50
149
74
36028797018963893
7
274877906914
4398046511031
156
153
281474976710607
4294967276
145
147
150
72057594037927930
536870843
268435393
562949953421289
33554366
65473
36028797018963928
8589934536
8589934564
434
33554416
18014398509481918
147
73
8163
155
4398046511025
524262
262107
1971
151
268435440
65
16777139
4294967243
18014398509481925
144115188075855825
131043
2097098
35184372088780
484
4398046511061
2251799813685189
8135
4194296
-1
1048508
4076
18014398509481910
1009
149
536870882
1073741822
536870882
75
549755813865
64
8796093022156
156
281474976710643
67
2199023255484
497
4194281
137438953450
144115188075855848
178
1048550
137438953447
34359738309
-1
17179869105
69
576460752303423484
33554382
2147483602
288230376151711669
73
281474976710587
71
524279
18014398509481953
4503599627370476
268435434
536870855
281474976710642
453
4398046511082
36028797018963948
68
75
2147483590
68719476681
274877906879
4398046511095
1099511627729
32743
147
562949953421291
562949953421274
8589934552
262142
66
36028797018963941
254
130996
2199023255477
18014398509481943
144115188075855830
33554400
1099511627747
147
576460752303423428
4081
34359738313
35
7
-1
4398046511078
152
150
2147483625
152
219
4194236
140737488355298
4398046511050
2199023255520
137438953419
4503599627370478
74
8124
74
33554376
35184372088789
152
281474976710634
4503599627370474
134217711
18014398509481969
9
131056
2097139
-1
1125899906842547
134217708
74
35184372088796
26
8796093022139
995
8162
137438953433
69
68
1099511627707
157
562949953421259
1099511627728
576460752303423409
64
