5
11
10
15
17
3
17
2
2
7
4
4
10
1
17
10
19
13
3
4
7
4
7
15
8
14
15
8
3
17
2
12
1
11
16
4
12
4
2
5
7
19
12
2
7
3
10
2
0
0
11
7
10
7
1
3
11
16
9
9
15
15
1
2
16
9
9
5
9
19
8
17
7
15
2
12
16
2
6
17
8
16
3
7
14
6
4
18
3
10
11
3
1
14
8
16
10
12
19
8
1
12
19
4
2
12
8
10
6
8
7
7
1
15
12
18
8
4
8
5
4
12
10
15
11
1
19
3
17
6
6
8
18
5
3
10
17
8
10
4
7
11
2
3
19
4
14
13
11
1
4
15
15
8
3
9
7
6
8
1
16
12
18
18
14
16
15
18
9
10
16
10
6
7
3
13
1
8
5
18
10
1
17
15
13
9
14
7
11
8
10
4
10
4
5
6
3
0
4
3
10
16
7
13
13
15
10
2
17
11
10
17
2
19
7
19
6
19
10
13
4
8
3
19
16
12
18
6
12
19
5
1
7
12
13
16
9
6
19
17
6
12
0
1
12
8
4
6
5
1
19
8
8
19
5
6
0
2
14
1
5
13
18
9
9
15
3
3
18
15
15
5
3
0
10
11
17
11
16
14
2
18
1
9
5
15
6
18
1
3
4
12
19
5
6
12
14
1
14
19
6
3
7
10
2
8
16
8
15
12
11
8
3
9
14
18
15
12
3
7
9
17
5
14
12
8
7
2
1
10
13
5
8
8
12
4
5
14
15
5
5
19
4
18
1
5
4
6
8
8
0
7
13
8
9
9
14
15
5
16
7
3
3
12
14
8
5
12
13
15
10
15
11
9
10
4
8
6
17
18
17
5
0
4
15
11
13
12
5
8
4
1
3
16
9
12
0
8
1
10
19
13
4
10
12
6
1
11
14
12
13
0
9
16
14
8
8
6
0
7
19
18
15
9
15
9
12
13
12
6
5
8
14
0
19
3
12
3
16
3
18
7
0
1
16
10
6
12
16
11
13
14
3
9
13
12
2
10
14
3
8
6
0
8
10
0
9
7
12
14
10
17
7
15
2
17
3
12
2
3
11
10
4
9
1
12
18
16
3
16
11
8
12
17
1
17
2
14
17
6
9
1
8
2
19
6
19
0
5
4
14
6
2
1
6
9
1
2
4
5
14
9
17
11
1
11
18
10
5
7
18
10
4
0
14
2
5
13
19
5
18
10
17
10
19
2
0
5
8
18
10
14
19
5
1
5
0
14
9
1
2
15
9
17
14
4
4
4
14
8
0
0
11
3
14
15
15
17
2
2
1
17
12
16
13
7
13
2
15
15
15
13
8
10
3
5
9
11
3
4
8
14
8
2
2
15
12
8
4
9
17
18
6
13
1
11
9
9
0
16
4
0
12
16
0
10
15
15
4
6
0
17
0
12
1
19
1
16
13
6
10
0
9
3
13
10
14
19
13
0
9
2
17
5
7
3
4
7
2
5
7
17
14
13
3
5
10
9
3
19
6
11
19
4
1
6
1
16
6
16
2
14
11
1
16
9
11
8
16
16
17
15
10
8
13
3
18
16
3
1
11
7
16
7
7
2
17
16
12
7
10
13
12
11
13
16
9
3
9
5
4
10
6
4
17
4
17
15
6
3
11
7
6
0
12
8
4
8
19
12
1
18
2
9
17
1
9
19
0
9
7
17
3
12
17
2
2
19
7
15
10
17
6
2
19
1
7
14
3
17
2
19
3
14
15
2
1
19
16
12
7
3
12
2
19
13
14
17
15
2
11
17
18
12
12
5
11
0
6
11
15
6
4
9
16
8
2
3
12
14
4
19
8
2
14
10
18
3
3
8
5
5
7
13
13
19
6
1
1
8
12
17
1
14
7
15
14
12
1
1
3
6
7
9
1
0
6
0
2
12
3
5
18
11
19
15
11
2
11
11
11
14
14
17
17
0
14
9
4
5
8
0
2
1
5
17
3
5
10
14
6
16
19
7
8
10
3
3
14
13
1
10
8
14
10
1
13
18
4
8
2
1
7
2
11
8
7
11
0
17
13
1
2
13
4
4
3
3
0
14
3
14
14
16
4
2
8
9
16
7
4
0
9
11
7
1
3
18
8
0
7
15
18
15
10
12
12
5
3
7
4
10
7
15
14
15
17
17
12
17
18
7
18
19
15
18
19
8
6
15
13
6
7
11
4
2
12
12
11
19
11
9
16
12
10
7
16
3
12
15
3
13
2
4
0
11
18
18
5
1
